gene_tag	length	hits	percent
Rv0001	1524	0	0.0
Rv0002	1209	0	0.0
Rv0003	1158	0	0.0
Rv0004	564	0	0.0
Rv0005	2028	0	0.0
Rv0006	2517	0	0.0
Rv0007	915	0	0.0
Rv0008c	438	0	0.0
Rv0009	549	0	0.0
Rv0010c	426	0	0.0
Rv0011c	282	0	0.0
Rv0012	789	0	0.0
Rv0013	699	0	0.0
Rv0014c	1881	0	0.0
Rv0015c	1296	0	0.0
Rv0016c	1476	0	0.0
Rv0017c	1410	0	0.0
Rv0018c	1545	9	0.5825242718446602
Rv0019c	468	4	0.8547008547008548
Rv0020c	1584	0	0.0
Rv0021c	969	0	0.0
Rv0022c	420	0	0.0
Rv0023	771	0	0.0
Rv0024	846	0	0.0
Rv0025	363	0	0.0
Rv0026	1347	0	0.0
Rv0027	318	0	0.0
Rv0028	306	0	0.0
Rv0029	1098	0	0.0
Rv0030	330	0	0.0
Rv0032	2316	0	0.0
Rv0033	264	0	0.0
Rv0034	396	0	0.0
Rv0035	1689	0	0.0
Rv0036c	774	0	0.0
Rv0037c	1326	0	0.0
Rv0038	609	0	0.0
Rv0039c	348	0	0.0
Rv0040c	933	0	0.0
Rv0041	2910	0	0.0
Rv0042c	627	0	0.0
Rv0043c	735	0	0.0
Rv0044c	795	0	0.0
Rv0045c	897	0	0.0
Rv0046c	1104	0	0.0
Rv0047c	543	0	0.0
Rv0048c	870	0	0.0
Rv0049	414	0	0.0
Rv0050	2037	0	0.0
Rv0051	1683	0	0.0
Rv0052	564	0	0.0
Rv0053	291	0	0.0
Rv0054	495	0	0.0
Rv0055	255	0	0.0
Rv0056	459	0	0.0
Rv0057	522	0	0.0
Rv0058	2625	0	0.0
Rv0059	693	0	0.0
Rv0060	1059	0	0.0
Rv0061c	339	0	0.0
Rv0062	1143	0	0.0
Rv0063	1440	0	0.0
Rv0063a	162	0	0.0
Rv0064	2940	0	0.0
Rv0064A	240	0	0.0
Rv0065	402	0	0.0
Rv0066c	2238	0	0.0
Rv0067c	570	0	0.0
Rv0068	912	0	0.0
Rv0069c	1386	0	0.0
Rv0070c	1278	0	0.0
Rv0071	708	45	6.3559322033898304
Rv0072	1050	0	0.0
Rv0073	993	0	0.0
Rv0074	1236	0	0.0
Rv0075	1173	0	0.0
Rv0076c	390	0	0.0
Rv0077c	831	0	0.0
Rv0078	606	0	0.0
Rv0078A	594	0	0.0
Rv0078B	207	0	0.0
Rv0079	822	0	0.0
Rv0080	459	0	0.0
Rv0081	345	0	0.0
Rv0082	480	0	0.0
Rv0083	1923	0	0.0
Rv0084	951	0	0.0
Rv0085	663	0	0.0
Rv0086	1467	0	0.0
Rv0087	1479	0	0.0
Rv0088	675	0	0.0
Rv0089	594	0	0.0
Rv0090	771	0	0.0
Rv0091	768	0	0.0
Rv0092	2286	0	0.0
Rv0093c	849	0	0.0
Rv0094c	954	951	99.68553459119497
Rv0095c	411	411	100.0
Rv0096	1392	1392	100.0
Rv0097	870	0	0.0
Rv0098	552	0	0.0
Rv0099	1623	0	0.0
Rv0100	237	0	0.0
Rv0101	7539	0	0.0
Rv0102	1986	0	0.0
Rv0103c	2259	0	0.0
Rv0104	1515	0	0.0
Rv0105c	285	0	0.0
Rv0106	1197	0	0.0
Rv0107c	4899	0	0.0
Rv0108c	210	0	0.0
Rv0109	1491	1491	100.0
Rv0110	750	0	0.0
Rv0111	2058	0	0.0
Rv0112	957	0	0.0
Rv0113	591	0	0.0
Rv0114	573	0	0.0
Rv0115	1161	0	0.0
Rv0115a	189	0	0.0
Rv0116c	756	0	0.0
Rv0117	945	0	0.0
Rv0118c	1749	0	0.0
Rv0119	1578	0	0.0
Rv0120c	2145	0	0.0
Rv0121c	435	0	0.0
Rv0122	369	0	0.0
Rv0123	369	0	0.0
Rv0124	1464	1464	100.0
Rv0125	1068	0	0.0
Rv0126	1806	57	3.1561461794019934
Rv0127	1368	0	0.0
Rv0128	780	0	0.0
Rv0129c	1023	0	0.0
Rv0130	456	0	0.0
Rv0131c	1344	0	0.0
Rv0132c	1083	0	0.0
Rv0133	606	0	0.0
Rv0134	903	0	0.0
Rv0135c	606	0	0.0
Rv0136	1326	0	0.0
Rv0137c	549	0	0.0
Rv0138	504	0	0.0
Rv0139	1023	0	0.0
Rv0140	381	0	0.0
Rv0141c	411	0	0.0
Rv0142	927	0	0.0
Rv0143c	1479	0	0.0
Rv0144	843	0	0.0
Rv0145	954	0	0.0
Rv0146	933	0	0.0
Rv0147	1521	0	0.0
Rv0148	861	0	0.0
Rv0149	969	0	0.0
Rv0150c	288	0	0.0
Rv0151c	1767	1767	100.0
Rv0152c	1578	1578	100.0
Rv0153c	831	0	0.0
Rv0154c	1212	0	0.0
Rv0155	1101	0	0.0
Rv0156	333	0	0.0
Rv0157	1428	0	0.0
Rv0157A	129	0	0.0
Rv0158	645	0	0.0
Rv0159c	1407	1407	100.0
Rv0160c	1509	1509	100.0
Rv0161	1350	0	0.0
Rv0162c	1152	0	0.0
Rv0163	456	0	0.0
Rv0164	486	0	0.0
Rv0165c	672	0	0.0
Rv0166	1665	0	0.0
Rv0167	798	0	0.0
Rv0168	870	0	0.0
Rv0169	1365	0	0.0
Rv0170	1041	0	0.0
Rv0171	1548	0	0.0
Rv0172	1593	0	0.0
Rv0173	1173	0	0.0
Rv0174	1548	0	0.0
Rv0175	642	76	11.838006230529595
Rv0176	969	0	0.0
Rv0177	555	0	0.0
Rv0178	735	0	0.0
Rv0179c	1110	0	0.0
Rv0180c	1359	0	0.0
Rv0181c	735	0	0.0
Rv0182c	1113	0	0.0
Rv0183	840	0	0.0
Rv0184	750	0	0.0
Rv0185	510	0	0.0
Rv0186	2076	0	0.0
Rv0186A	162	0	0.0
Rv0187	663	0	0.0
Rv0188	432	0	0.0
Rv0189c	1728	0	0.0
Rv0190	291	0	0.0
Rv0191	1242	0	0.0
Rv0192	1101	0	0.0
Rv0193c	1848	0	0.0
Rv0194	3585	0	0.0
Rv0195	636	0	0.0
Rv0196	585	0	0.0
Rv0197	2289	0	0.0
Rv0198c	1992	0	0.0
Rv0199	660	0	0.0
Rv0200	690	0	0.0
Rv0201c	504	0	0.0
Rv0202c	2901	0	0.0
Rv0203	411	0	0.0
Rv0204c	1239	0	0.0
Rv0205	1104	0	0.0
Rv0206c	2835	0	0.0
Rv0207c	729	0	0.0
Rv0208c	792	0	0.0
Rv0209	1086	0	0.0
Rv0210	1479	0	0.0
Rv0211	1821	0	0.0
Rv0212c	972	0	0.0
Rv0213c	1314	0	0.0
Rv0214	1614	0	0.0
Rv0216	1014	0	0.0
Rv0217c	909	0	0.0
Rv0218	1329	0	0.0
Rv0219	549	0	0.0
Rv0220	1212	0	0.0
Rv0221	1410	0	0.0
Rv0222	789	0	0.0
Rv0223c	1464	0	0.0
Rv0224c	765	0	0.0
Rv0225	1155	0	0.0
Rv0226c	1731	0	0.0
Rv0227c	1266	0	0.0
Rv0228	1224	0	0.0
Rv0229c	414	0	0.0
Rv0230c	981	0	0.0
Rv0231	1707	0	0.0
Rv0232	690	0	0.0
Rv0233	945	0	0.0
Rv0234c	1536	0	0.0
Rv0235c	1449	0	0.0
Rv0236c	4203	0	0.0
Rv0236A	174	0	0.0
Rv0237	1167	0	0.0
Rv0238	615	0	0.0
Rv0239	234	0	0.0
Rv0240	438	0	0.0
Rv0241c	843	0	0.0
Rv0242c	1365	0	0.0
Rv0243	1323	0	0.0
Rv0244c	1836	0	0.0
Rv0245	489	0	0.0
Rv0246	1311	0	0.0
Rv0247c	747	0	0.0
Rv0248c	1941	0	0.0
Rv0249c	822	0	0.0
Rv0250c	294	0	0.0
Rv0251c	480	0	0.0
Rv0252	2562	0	0.0
Rv0253	357	0	0.0
Rv0254c	525	0	0.0
Rv0255c	1485	0	0.0
Rv0256c	1671	1671	100.0
Rv0257	375	0	0.0
Rv0258c	456	0	0.0
Rv0259c	744	0	0.0
Rv0260c	1146	0	0.0
Rv0261c	1410	0	0.0
Rv0262c	546	0	0.0
Rv0263c	903	0	0.0
Rv0264c	633	0	0.0
Rv0265c	993	0	0.0
Rv0266c	3630	0	0.0
Rv0267	1392	0	0.0
Rv0268c	510	0	0.0
Rv0269c	1194	0	0.0
Rv0270	1683	0	0.0
Rv0271c	2196	0	0.0
Rv0272c	1134	0	0.0
Rv0273c	621	0	0.0
Rv0274	582	0	0.0
Rv0275c	726	0	0.0
Rv0276	921	0	0.0
Rv0277c	429	0	0.0
Rv0278c	2874	2874	100.0
Rv0279c	2514	2514	100.0
Rv0280	1611	1611	100.0
Rv0281	909	0	0.0
Rv0282	1896	0	0.0
Rv0283	1617	0	0.0
Rv0284	3993	4	0.10017530678687703
Rv0285	309	309	100.0
Rv0286	1542	1542	100.0
Rv0287	294	0	0.0
Rv0288	291	0	0.0
Rv0289	888	0	0.0
Rv0290	1419	0	0.0
Rv0291	1386	0	0.0
Rv0292	996	0	0.0
Rv0293c	1203	0	0.0
Rv0294	786	0	0.0
Rv0295c	804	0	0.0
Rv0296c	1398	0	0.0
Rv0297	1776	1776	100.0
Rv0298	228	0	0.0
Rv0299	303	0	0.0
Rv0300	222	0	0.0
Rv0301	426	0	0.0
Rv0302	633	0	0.0
Rv0303	909	0	0.0
Rv0304c	6615	6615	100.0
Rv0305c	2892	2892	100.0
Rv0306	672	0	0.0
Rv0307c	483	0	0.0
Rv0308	717	0	0.0
Rv0309	657	0	0.0
Rv0310c	492	0	0.0
Rv0311	1230	0	0.0
Rv0312	1863	0	0.0
Rv0313	387	0	0.0
Rv0314c	663	0	0.0
Rv0315	885	0	0.0
Rv0316	615	0	0.0
Rv0317c	771	0	0.0
Rv0318c	795	0	0.0
Rv0319	669	0	0.0
Rv0320	663	0	0.0
Rv0321	573	0	0.0
Rv0322	1332	0	0.0
Rv0323c	672	0	0.0
Rv0324	681	0	0.0
Rv0325	225	0	0.0
Rv0326	456	0	0.0
Rv0327c	1350	0	0.0
Rv0328	603	0	0.0
Rv0329c	627	0	0.0
Rv0330c	741	0	0.0
Rv0331	1167	0	0.0
Rv0332	786	0	0.0
Rv0333	375	0	0.0
Rv0334	867	0	0.0
Rv0335c	516	516	100.0
Rv0336	1512	0	0.0
Rv0337c	1290	0	0.0
Rv0338c	2649	0	0.0
Rv0339c	2499	0	0.0
Rv0340	540	0	0.0
Rv0341	1440	0	0.0
Rv0342	1923	0	0.0
Rv0343	1482	0	0.0
Rv0344c	561	0	0.0
Rv0345	411	0	0.0
Rv0346c	1464	0	0.0
Rv0347	987	0	0.0
Rv0348	654	0	0.0
Rv0349	660	0	0.0
Rv0350	1878	0	0.0
Rv0351	708	0	0.0
Rv0352	1188	0	0.0
Rv0353	381	0	0.0
Rv0354c	426	426	100.0
Rv0355c	9903	9903	100.0
Rv0356c	645	0	0.0
Rv0357c	1299	0	0.0
Rv0358	648	0	0.0
Rv0359	780	0	0.0
Rv0360c	438	0	0.0
Rv0361	828	0	0.0
Rv0362	1383	0	0.0
Rv0363c	1035	0	0.0
Rv0364	684	0	0.0
Rv0365c	1131	0	0.0
Rv0366c	594	0	0.0
Rv0367c	390	0	0.0
Rv0368c	1212	0	0.0
Rv0369c	516	0	0.0
Rv0370c	897	0	0.0
Rv0371c	594	0	0.0
Rv0372c	756	0	0.0
Rv0373c	2400	0	0.0
Rv0374c	480	0	0.0
Rv0375c	861	0	0.0
Rv0376c	1143	0	0.0
Rv0377	966	0	0.0
Rv0378	222	0	0.0
Rv0379	216	0	0.0
Rv0380c	552	0	0.0
Rv0381c	909	0	0.0
Rv0382c	540	0	0.0
Rv0383c	855	0	0.0
Rv0384c	2547	0	0.0
Rv0385	1173	0	0.0
Rv0386	3258	0	0.0
Rv0389	1260	0	0.0
Rv0390	423	0	0.0
Rv0391	1221	0	0.0
Rv0392c	1413	0	0.0
Rv0393	1326	0	0.0
Rv0394c	720	0	0.0
Rv0395	405	0	0.0
Rv0396	393	0	0.0
Rv0397	369	0	0.0
Rv0397A	249	0	0.0
Rv0398c	642	0	0.0
Rv0399c	1230	0	0.0
Rv0400c	1188	0	0.0
Rv0401	372	0	0.0
Rv0402c	2877	0	0.0
Rv0403c	429	0	0.0
Rv0404	1758	0	0.0
Rv0405	4209	0	0.0
Rv0406c	819	0	0.0
Rv0407	1011	0	0.0
Rv0408	2073	0	0.0
Rv0409	1158	0	0.0
Rv0410c	2253	0	0.0
Rv0411c	987	0	0.0
Rv0412c	1320	0	0.0
Rv0413	654	0	0.0
Rv0414c	669	0	0.0
Rv0415	1023	0	0.0
Rv0416	207	0	0.0
Rv0417	759	0	0.0
Rv0418	1503	0	0.0
Rv0419	1497	0	0.0
Rv0420c	411	0	0.0
Rv0421c	630	0	0.0
Rv0422c	798	0	0.0
Rv0423c	1644	0	0.0
Rv0424c	276	0	0.0
Rv0425c	4620	0	0.0
Rv0426c	444	0	0.0
Rv0427c	876	0	0.0
Rv0428c	909	0	0.0
Rv0429c	594	0	0.0
Rv0430	309	0	0.0
Rv0431	495	0	0.0
Rv0432	723	0	0.0
Rv0433	1131	0	0.0
Rv0434	654	0	0.0
Rv0435c	2187	0	0.0
Rv0436c	861	0	0.0
Rv0437c	696	0	0.0
Rv0438c	1218	0	0.0
Rv0439c	936	0	0.0
Rv0440	1623	0	0.0
Rv0441c	429	0	0.0
Rv0442c	1464	1464	100.0
Rv0443	516	0	0.0
Rv0444c	699	0	0.0
Rv0445c	564	0	0.0
Rv0446c	771	0	0.0
Rv0447c	1284	0	0.0
Rv0448c	666	0	0.0
Rv0449c	1320	0	0.0
Rv0450c	2904	0	0.0
Rv0451c	423	0	0.0
Rv0452	711	0	0.0
Rv0453	1557	1557	100.0
Rv0455c	447	0	0.0
Rv0456c	915	0	0.0
Rv0456A	282	0	0.0
Rv0456B	174	30	17.24137931034483
Rv0457c	2022	0	0.0
Rv0458	1524	0	0.0
Rv0459	492	0	0.0
Rv0460	240	0	0.0
Rv0461	525	0	0.0
Rv0462	1395	0	0.0
Rv0463	294	0	0.0
Rv0464c	573	0	0.0
Rv0465c	1425	0	0.0
Rv0466	795	0	0.0
Rv0467	1287	0	0.0
Rv0468	861	0	0.0
Rv0469	861	0	0.0
Rv0470c	864	0	0.0
Rv0470A	441	0	0.0
Rv0471c	489	0	0.0
Rv0472c	705	0	0.0
Rv0473	1371	0	0.0
Rv0474	423	0	0.0
Rv0475	600	0	0.0
Rv0476	264	0	0.0
Rv0477	447	0	0.0
Rv0478	675	0	0.0
Rv0479c	1047	0	0.0
Rv0480c	843	0	0.0
Rv0481c	525	0	0.0
Rv0482	1110	0	0.0
Rv0483	1356	0	0.0
Rv0484c	756	0	0.0
Rv0485	1317	0	0.0
Rv0486	1443	0	0.0
Rv0487	552	0	0.0
Rv0488	606	0	0.0
Rv0489	750	0	0.0
Rv0490	1233	4	0.32441200324412006
Rv0491	684	0	0.0
Rv0492c	1890	0	0.0
Rv0492A	330	0	0.0
Rv0493c	990	0	0.0
Rv0494	729	0	0.0
Rv0495c	891	0	0.0
Rv0496	987	0	0.0
Rv0497	933	0	0.0
Rv0498	843	0	0.0
Rv0499	876	0	0.0
Rv0500	888	0	0.0
Rv0500A	237	0	0.0
Rv0501	1131	0	0.0
Rv0502	1077	0	0.0
Rv0503c	909	0	0.0
Rv0504c	501	0	0.0
Rv0505c	1122	0	0.0
Rv0506	444	0	0.0
Rv0507	2907	0	0.0
Rv0508	294	0	0.0
Rv0509	1407	0	0.0
Rv0510	930	0	0.0
Rv0511	1698	0	0.0
Rv0512	990	0	0.0
Rv0513	549	0	0.0
Rv0514	300	0	0.0
Rv0515	1512	0	0.0
Rv0516c	477	0	0.0
Rv0517	1311	0	0.0
Rv0518	696	0	0.0
Rv0519c	903	0	0.0
Rv0522	1305	0	0.0
Rv0523c	396	0	0.0
Rv0524	1389	0	0.0
Rv0525	609	4	0.6568144499178982
Rv0526	651	33	5.0691244239631335
Rv0527	780	0	0.0
Rv0528	1590	0	0.0
Rv0529	975	0	0.0
Rv0530	1218	0	0.0
Rv0530A	162	0	0.0
Rv0531	318	0	0.0
Rv0532	1785	1785	100.0
Rv0533c	1008	105	10.416666666666668
Rv0534c	879	0	0.0
Rv0535	795	0	0.0
Rv0536	1041	0	0.0
Rv0537c	1434	0	0.0
Rv0538	1647	0	0.0
Rv0539	633	0	0.0
Rv0540	663	0	0.0
Rv0541c	1350	0	0.0
Rv0542c	1089	0	0.0
Rv0543c	303	0	0.0
Rv0544c	279	0	0.0
Rv0545c	1254	0	0.0
Rv0546c	387	0	0.0
Rv0547c	885	0	0.0
Rv0548c	945	0	0.0
Rv0549c	414	0	0.0
Rv0550c	267	0	0.0
Rv0551c	1716	58	3.37995337995338
Rv0552	1605	0	0.0
Rv0553	981	0	0.0
Rv0554	789	0	0.0
Rv0555	1665	0	0.0
Rv0556	516	0	0.0
Rv0557	1137	0	0.0
Rv0558	705	0	0.0
Rv0559c	339	0	0.0
Rv0560c	726	0	0.0
Rv0561c	1227	0	0.0
Rv0562	1008	0	0.0
Rv0563	861	0	0.0
Rv0564c	1026	0	0.0
Rv0565c	1461	0	0.0
Rv0566c	492	0	0.0
Rv0567	1020	0	0.0
Rv0568	1419	0	0.0
Rv0569	267	0	0.0
Rv0570	2079	0	0.0
Rv0571c	1332	0	0.0
Rv0572c	342	0	0.0
Rv0573c	1392	0	0.0
Rv0574c	1143	0	0.0
Rv0575c	1167	0	0.0
Rv0576	1305	0	0.0
Rv0577	786	0	0.0
Rv0578c	3921	3921	100.0
Rv0579	759	0	0.0
Rv0580c	492	0	0.0
Rv0581	216	0	0.0
Rv0582	408	0	0.0
Rv0583c	687	0	0.0
Rv0584	2634	0	0.0
Rv0585c	2388	0	0.0
Rv0586	723	0	0.0
Rv0587	798	0	0.0
Rv0588	888	0	0.0
Rv0589	1215	0	0.0
Rv0591	1446	0	0.0
Rv0592	1527	0	0.0
Rv0593	1209	0	0.0
Rv0594	1551	0	0.0
Rv0595c	393	0	0.0
Rv0596c	258	0	0.0
Rv0597c	1236	0	0.0
Rv0598c	414	0	0.0
Rv0599c	237	0	0.0
Rv0600c	507	0	0.0
Rv0601c	471	0	0.0
Rv0602c	762	0	0.0
Rv0603	312	0	0.0
Rv0604	951	0	0.0
Rv0605	585	0	0.0
Rv0607	387	0	0.0
Rv0608	246	0	0.0
Rv0609	402	0	0.0
Rv0609A	228	74	32.45614035087719
Rv0610c	1158	0	0.0
Rv0611c	222	0	0.0
Rv0612	606	74	12.211221122112212
Rv0613c	2568	91	3.543613707165109
Rv0614	750	65	8.666666666666668
Rv0615	243	0	0.0
Rv0616A	228	0	0.0
Rv0617	402	0	0.0
Rv0620	1092	0	0.0
Rv0621	1065	0	0.0
Rv0622	948	0	0.0
Rv0623	255	0	0.0
Rv0624	396	0	0.0
Rv0625c	741	0	0.0
Rv0626	261	0	0.0
Rv0627	408	0	0.0
Rv0628c	1152	0	0.0
Rv0629c	1728	0	0.0
Rv0630c	3285	0	0.0
Rv0631c	3294	0	0.0
Rv0632c	696	0	0.0
Rv0633c	840	0	0.0
Rv0634c	714	0	0.0
Rv0634A	252	0	0.0
Rv0634B	168	0	0.0
Rv0635	477	0	0.0
Rv0636	429	0	0.0
Rv0637	501	0	0.0
Rv0638	486	0	0.0
Rv0639	717	0	0.0
Rv0640	429	0	0.0
Rv0641	708	0	0.0
Rv0642c	906	0	0.0
Rv0643c	882	0	0.0
Rv0644c	864	0	0.0
Rv0645c	861	0	0.0
Rv0646c	906	0	0.0
Rv0647c	1467	0	0.0
Rv0648	3648	0	0.0
Rv0649	675	0	0.0
Rv0650	909	0	0.0
Rv0651	537	0	0.0
Rv0652	393	0	0.0
Rv0653c	696	0	0.0
Rv0654	1506	0	0.0
Rv0655	1080	0	0.0
Rv0656c	384	0	0.0
Rv0657c	156	0	0.0
Rv0658c	717	0	0.0
Rv0659c	309	0	0.0
Rv0660c	246	0	0.0
Rv0661c	438	0	0.0
Rv0662c	255	0	0.0
Rv0663	2364	0	0.0
Rv0664	273	0	0.0
Rv0665	339	0	0.0
Rv0666	174	0	0.0
Rv0667	3519	0	0.0
Rv0668	3951	0	0.0
Rv0669c	1914	0	0.0
Rv0670	759	0	0.0
Rv0671	843	0	0.0
Rv0672	1629	0	0.0
Rv0673	939	0	0.0
Rv0674	723	0	0.0
Rv0675	792	0	0.0
Rv0676c	2895	0	0.0
Rv0677c	429	0	0.0
Rv0678	498	0	0.0
Rv0679c	498	0	0.0
Rv0680c	375	0	0.0
Rv0681	591	0	0.0
Rv0682	375	0	0.0
Rv0683	471	0	0.0
Rv0684	2106	0	0.0
Rv0685	1191	0	0.0
Rv0686	798	0	0.0
Rv0687	828	0	0.0
Rv0688	1221	0	0.0
Rv0689c	255	0	0.0
Rv0690c	1050	0	0.0
Rv0691c	597	0	0.0
Rv0691A	90	0	0.0
Rv0692	330	0	0.0
Rv0693	1176	0	0.0
Rv0694	1191	0	0.0
Rv0695	756	4	0.5291005291005291
Rv0696	1413	0	0.0
Rv0697	1440	0	0.0
Rv0698	612	0	0.0
Rv0699	222	0	0.0
Rv0700	306	0	0.0
Rv0701	654	0	0.0
Rv0702	672	0	0.0
Rv0703	303	7	2.31023102310231
Rv0704	843	0	0.0
Rv0705	282	0	0.0
Rv0706	594	0	0.0
Rv0707	825	0	0.0
Rv0708	417	0	0.0
Rv0709	234	0	0.0
Rv0710	411	0	0.0
Rv0711	2364	0	0.0
Rv0712	900	0	0.0
Rv0713	942	0	0.0
Rv0714	369	0	0.0
Rv0715	318	0	0.0
Rv0716	564	0	0.0
Rv0717	186	0	0.0
Rv0718	399	0	0.0
Rv0719	540	0	0.0
Rv0720	369	0	0.0
Rv0721	663	0	0.0
Rv0722	198	0	0.0
Rv0723	441	0	0.0
Rv0724	1872	0	0.0
Rv0725c	906	0	0.0
Rv0726c	1104	0	0.0
Rv0727c	657	0	0.0
Rv0728c	981	0	0.0
Rv0729	1347	0	0.0
Rv0730	729	0	0.0
Rv0731c	957	0	0.0
Rv0732	1326	0	0.0
Rv0733	546	0	0.0
Rv0734	801	0	0.0
Rv0735	534	0	0.0
Rv0736	753	0	0.0
Rv0737	498	0	0.0
Rv0738	549	0	0.0
Rv0739	807	0	0.0
Rv0740	528	0	0.0
Rv0742	528	528	100.0
Rv0743c	558	0	0.0
Rv0744c	507	0	0.0
Rv0745	528	0	0.0
Rv0746	2352	2352	100.0
Rv0747	2406	2406	100.0
Rv0748	258	0	0.0
Rv0749	429	0	0.0
Rv0749A	138	0	0.0
Rv0750	246	0	0.0
Rv0751c	885	0	0.0
Rv0752c	1173	0	0.0
Rv0753c	1533	0	0.0
Rv0754	1755	1755	100.0
Rv0755c	1938	1938	100.0
Rv0756c	726	0	0.0
Rv0757	744	0	0.0
Rv0758	1458	0	0.0
Rv0759c	333	0	0.0
Rv0760c	420	0	0.0
Rv0761c	1128	0	0.0
Rv0762c	546	0	0.0
Rv0763c	207	0	0.0
Rv0764c	1356	0	0.0
Rv0765c	828	0	0.0
Rv0766c	1209	0	0.0
Rv0767c	642	0	0.0
Rv0768	1470	0	0.0
Rv0769	747	4	0.535475234270415
Rv0770	888	0	0.0
Rv0771	435	0	0.0
Rv0772	1269	0	0.0
Rv0773c	1539	0	0.0
Rv0774c	912	0	0.0
Rv0775	624	0	0.0
Rv0776c	780	0	0.0
Rv0777	1419	0	0.0
Rv0778	1245	0	0.0
Rv0779c	621	0	0.0
Rv0780	894	0	0.0
Rv0783c	1623	0	0.0
Rv0784	687	0	0.0
Rv0785	1701	0	0.0
Rv0786c	639	0	0.0
Rv0787	960	0	0.0
Rv0787A	240	0	0.0
Rv0788	675	0	0.0
Rv0789c	600	0	0.0
Rv0790c	729	0	0.0
Rv0791c	1044	0	0.0
Rv0792c	810	0	0.0
Rv0793	306	0	0.0
Rv0794c	1500	0	0.0
Rv0797	1095	1095	100.0
Rv0798c	798	11	1.3784461152882206
Rv0799c	1008	0	0.0
Rv0800	1302	0	0.0
Rv0801	348	0	0.0
Rv0802c	657	0	0.0
Rv0803	2265	0	0.0
Rv0804	630	0	0.0
Rv0805	957	0	0.0
Rv0806c	1599	0	0.0
Rv0807	390	0	0.0
Rv0808	1584	0	0.0
Rv0809	1095	0	0.0
Rv0810c	183	0	0.0
Rv0811c	1107	0	0.0
Rv0812	870	0	0.0
Rv0813c	681	0	0.0
Rv0814c	303	0	0.0
Rv0815c	834	0	0.0
Rv0816c	423	0	0.0
Rv0817c	813	0	0.0
Rv0818	768	0	0.0
Rv0819	948	0	0.0
Rv0820	777	0	0.0
Rv0821c	642	0	0.0
Rv0822c	2055	0	0.0
Rv0823c	1170	0	0.0
Rv0824c	1017	0	0.0
Rv0825c	642	0	0.0
Rv0826	1056	0	0.0
Rv0827c	393	0	0.0
Rv0828c	423	39	9.219858156028367
Rv0830	906	0	0.0
Rv0831c	816	0	0.0
Rv0832	414	414	100.0
Rv0833	2250	2250	100.0
Rv0834c	2649	2649	100.0
Rv0835	645	0	0.0
Rv0836c	654	0	0.0
Rv0837c	1029	0	0.0
Rv0838	771	0	0.0
Rv0839	813	0	0.0
Rv0840c	861	0	0.0
Rv0841	243	0	0.0
Rv0842	1293	0	0.0
Rv0843	1005	0	0.0
Rv0844c	651	0	0.0
Rv0845	1278	0	0.0
Rv0846c	1515	0	0.0
Rv0847	393	0	0.0
Rv0848	1119	0	0.0
Rv0849	1260	4	0.31746031746031744
Rv0851c	828	4	0.4830917874396135
Rv0852	639	0	0.0
Rv0853c	1683	0	0.0
Rv0854	444	0	0.0
Rv0855	1080	0	0.0
Rv0856	405	0	0.0
Rv0857	474	0	0.0
Rv0858c	1194	0	0.0
Rv0859	1212	0	0.0
Rv0860	2163	0	0.0
Rv0861c	1629	0	0.0
Rv0862c	2271	0	0.0
Rv0863	201	0	0.0
Rv0864	504	0	0.0
Rv0865	483	0	0.0
Rv0866	426	0	0.0
Rv0867c	1224	0	0.0
Rv0868c	279	0	0.0
Rv0869c	1083	0	0.0
Rv0870c	390	0	0.0
Rv0871	408	0	0.0
Rv0872c	1821	1821	100.0
Rv0873	1953	0	0.0
Rv0874c	1161	0	0.0
Rv0875c	489	0	0.0
Rv0876c	1647	0	0.0
Rv0877	789	0	0.0
Rv0878c	1332	1332	100.0
Rv0879c	276	0	0.0
Rv0880	432	0	0.0
Rv0881	867	0	0.0
Rv0882	285	0	0.0
Rv0883c	762	0	0.0
Rv0884c	1131	0	0.0
Rv0885	1023	0	0.0
Rv0886	1728	0	0.0
Rv0887c	459	0	0.0
Rv0888	1473	0	0.0
Rv0889c	1122	0	0.0
Rv0890c	2649	0	0.0
Rv0891c	858	0	0.0
Rv0892	1488	0	0.0
Rv0893c	978	0	0.0
Rv0894	1182	0	0.0
Rv0895	1518	0	0.0
Rv0896	1296	0	0.0
Rv0897c	1608	0	0.0
Rv0898c	264	0	0.0
Rv0899	981	0	0.0
Rv0900	153	0	0.0
Rv0901	528	0	0.0
Rv0902c	1341	0	0.0
Rv0903c	711	0	0.0
Rv0904c	1488	0	0.0
Rv0905	732	0	0.0
Rv0906	1119	0	0.0
Rv0907	1599	0	0.0
Rv0908	2394	0	0.0
Rv0909	180	0	0.0
Rv0910	435	0	0.0
Rv0911	774	0	0.0
Rv0912	450	0	0.0
Rv0913c	1509	0	0.0
Rv0914c	1239	0	0.0
Rv0915c	1272	1272	100.0
Rv0916c	300	300	100.0
Rv0917	1782	0	0.0
Rv0918	477	0	0.0
Rv0919	501	0	0.0
Rv0920c	1320	1320	100.0
Rv0921	582	582	100.0
Rv0922	1653	1653	100.0
Rv0923c	1065	0	0.0
Rv0924c	1287	0	0.0
Rv0925c	738	0	0.0
Rv0926c	1077	0	0.0
Rv0927c	792	0	0.0
Rv0928	1113	0	0.0
Rv0929	975	0	0.0
Rv0930	927	0	0.0
Rv0931c	1995	0	0.0
Rv0932c	1113	0	0.0
Rv0933	831	0	0.0
Rv0934	1125	0	0.0
Rv0935	1017	0	0.0
Rv0936	906	0	0.0
Rv0937c	822	0	0.0
Rv0938	2280	0	0.0
Rv0939	1935	0	0.0
Rv0940c	867	0	0.0
Rv0941c	774	0	0.0
Rv0942	279	0	0.0
Rv0943c	1041	0	0.0
Rv0944	477	0	0.0
Rv0945	762	0	0.0
Rv0946c	1662	0	0.0
Rv0948c	318	0	0.0
Rv0949	2316	0	0.0
Rv0950c	999	0	0.0
Rv0951	1164	0	0.0
Rv0952	912	0	0.0
Rv0953c	849	0	0.0
Rv0954	912	0	0.0
Rv0955	1368	0	0.0
Rv0956	648	0	0.0
Rv0957	1572	0	0.0
Rv0958	1380	0	0.0
Rv0959	2019	0	0.0
Rv0959A	222	0	0.0
Rv0960	384	0	0.0
Rv0961	348	0	0.0
Rv0962c	675	0	0.0
Rv0963c	801	0	0.0
Rv0964c	483	0	0.0
Rv0965c	420	0	0.0
Rv0966c	603	0	0.0
Rv0967	360	0	0.0
Rv0968	297	0	0.0
Rv0969	2313	0	0.0
Rv0970	633	0	0.0
Rv0971c	810	0	0.0
Rv0972c	1167	0	0.0
Rv0973c	2004	0	0.0
Rv0974c	1590	0	0.0
Rv0975c	1149	0	0.0
Rv0976c	1683	0	0.0
Rv0977	2772	2772	100.0
Rv0978c	996	996	100.0
Rv0979c	195	0	0.0
Rv0979A	174	0	0.0
Rv0980c	1374	1374	100.0
Rv0981	687	0	0.0
Rv0982	1515	0	0.0
Rv0983	1395	0	0.0
Rv0984	546	0	0.0
Rv0985c	456	0	0.0
Rv0986	747	0	0.0
Rv0987	2568	0	0.0
Rv0988	1161	0	0.0
Rv0989c	978	0	0.0
Rv0990c	657	0	0.0
Rv0991c	333	0	0.0
Rv0992c	594	0	0.0
Rv0993	921	0	0.0
Rv0994	1281	0	0.0
Rv0995	612	0	0.0
Rv0996	1077	0	0.0
Rv0997a	252	0	0.0
Rv0997	432	0	0.0
Rv0998	1002	0	0.0
Rv0999	759	0	0.0
Rv1000c	618	0	0.0
Rv1001	1209	0	0.0
Rv1002c	1512	0	0.0
Rv1003	858	0	0.0
Rv1004c	1260	0	0.0
Rv1005c	1377	0	0.0
Rv1006	1704	0	0.0
Rv1007c	1560	0	0.0
Rv1008	795	0	0.0
Rv1009	1089	0	0.0
Rv1010	954	0	0.0
Rv1011	921	0	0.0
Rv1012	294	0	0.0
Rv1013	1635	0	0.0
Rv1014c	576	0	0.0
Rv1015c	648	0	0.0
Rv1016c	681	0	0.0
Rv1017c	981	0	0.0
Rv1018c	1488	0	0.0
Rv1019	594	0	0.0
Rv1020	3705	0	0.0
Rv1021	978	0	0.0
Rv1022	732	0	0.0
Rv1023	1290	0	0.0
Rv1024	687	0	0.0
Rv1025	468	0	0.0
Rv1026	960	0	0.0
Rv1027c	681	0	0.0
Rv1028c	2583	0	0.0
Rv1028A	93	0	0.0
Rv1029	1716	0	0.0
Rv1030	2130	0	0.0
Rv1031	570	0	0.0
Rv1032c	1530	0	0.0
Rv1033c	774	0	0.0
Rv1037c	285	0	0.0
Rv1038c	297	0	0.0
Rv1039c	1176	1176	100.0
Rv1040c	828	828	100.0
Rv1041c	864	864	100.0
Rv1042c	408	408	100.0
Rv1043c	1026	0	0.0
Rv1044	624	0	0.0
Rv1045	882	0	0.0
Rv1047	1248	1248	100.0
Rv1048c	1116	0	0.0
Rv1049	447	0	0.0
Rv1050	906	0	0.0
Rv1051c	756	0	0.0
Rv1052	390	0	0.0
Rv1056	765	0	0.0
Rv1057	1182	0	0.0
Rv1058	1632	0	0.0
Rv1059	1065	0	0.0
Rv1060	474	0	0.0
Rv1061	864	0	0.0
Rv1062	858	0	0.0
Rv1063c	1083	0	0.0
Rv1064c	420	0	0.0
Rv1065	567	0	0.0
Rv1066	396	0	0.0
Rv1067c	2004	2004	100.0
Rv1068c	1392	1392	100.0
Rv1069c	1764	0	0.0
Rv1070c	774	0	0.0
Rv1071c	1038	0	0.0
Rv1072	837	0	0.0
Rv1073	852	0	0.0
Rv1074c	1218	0	0.0
Rv1075c	945	0	0.0
Rv1076	894	0	0.0
Rv1077	1395	0	0.0
Rv1078	723	0	0.0
Rv1079	1167	0	0.0
Rv1080c	495	0	0.0
Rv1081c	435	0	0.0
Rv1082	867	0	0.0
Rv1083	267	0	0.0
Rv1084	2022	0	0.0
Rv1085c	729	0	0.0
Rv1086	789	0	0.0
Rv1087	2304	2304	100.0
Rv1088	435	435	100.0
Rv1088a	183	0	0.0
Rv1091	2562	2562	100.0
Rv1092c	939	0	0.0
Rv1093	1281	0	0.0
Rv1094	828	0	0.0
Rv1095	1302	0	0.0
Rv1096	876	0	0.0
Rv1097c	882	0	0.0
Rv1098c	1425	0	0.0
Rv1099c	1089	0	0.0
Rv1100	702	0	0.0
Rv1101c	1158	0	0.0
Rv1102c	312	0	0.0
Rv1103c	321	0	0.0
Rv1106c	1113	0	0.0
Rv1107c	258	0	0.0
Rv1108c	1248	0	0.0
Rv1109c	639	0	0.0
Rv1110	1008	0	0.0
Rv1111c	984	0	0.0
Rv1112	1074	0	0.0
Rv1113	198	0	0.0
Rv1114	375	0	0.0
Rv1115	699	0	0.0
Rv1116	186	0	0.0
Rv1117	324	0	0.0
Rv1118c	861	0	0.0
Rv1119c	150	0	0.0
Rv1120c	495	0	0.0
Rv1121	1401	0	0.0
Rv1122	1023	0	0.0
Rv1123c	909	0	0.0
Rv1124	951	0	0.0
Rv1125	1245	0	0.0
Rv1126c	606	0	0.0
Rv1127c	1473	0	0.0
Rv1128c	1356	1325	97.71386430678466
Rv1129c	1461	0	0.0
Rv1130	1581	0	0.0
Rv1131	1182	0	0.0
Rv1132	1731	0	0.0
Rv1133c	2280	0	0.0
Rv1134	237	0	0.0
Rv1135c	1857	1857	100.0
Rv1138a	405	0	0.0
Rv1138c	1017	0	0.0
Rv1139c	501	0	0.0
Rv1140	849	0	0.0
Rv1141c	807	0	0.0
Rv1142c	807	0	0.0
Rv1143	1083	0	0.0
Rv1144	753	0	0.0
Rv1145	912	0	0.0
Rv1146	1413	0	0.0
Rv1147	651	0	0.0
Rv1148c	1449	1344	92.7536231884058
Rv1149	408	408	100.0
Rv1151c	714	0	0.0
Rv1152	366	0	0.0
Rv1153c	849	0	0.0
Rv1154c	642	0	0.0
Rv1155	444	0	0.0
Rv1155a	189	0	0.0
Rv1156	588	0	0.0
Rv1157c	1116	0	0.0
Rv1158c	684	0	0.0
Rv1159	1296	0	0.0
Rv1159A	285	0	0.0
Rv1160	426	0	0.0
Rv1161	3699	0	0.0
Rv1162	1677	0	0.0
Rv1163	606	0	0.0
Rv1164	741	0	0.0
Rv1165	1887	0	0.0
Rv1166	1908	0	0.0
Rv1167c	606	0	0.0
Rv1168c	1041	1041	100.0
Rv1169c	303	303	100.0
Rv1170	912	0	0.0
Rv1171	441	0	0.0
Rv1172c	927	927	100.0
Rv1173	2571	7	0.2722676001555815
Rv1174c	333	0	0.0
Rv1175c	2025	0	0.0
Rv1176c	570	0	0.0
Rv1177	327	0	0.0
Rv1178	1089	0	0.0
Rv1179c	2820	0	0.0
Rv1180	1467	0	0.0
Rv1181	4749	0	0.0
Rv1182	1419	0	0.0
Rv1183	3009	0	0.0
Rv1184c	1080	0	0.0
Rv1185c	1737	0	0.0
Rv1186c	1617	0	0.0
Rv1187	1632	0	0.0
Rv1188	990	0	0.0
Rv1189	873	0	0.0
Rv1190	879	0	0.0
Rv1191	915	0	0.0
Rv1192	828	0	0.0
Rv1193	1422	0	0.0
Rv1194c	1266	0	0.0
Rv1195	300	300	100.0
Rv1196	1176	1176	100.0
Rv1197	297	0	0.0
Rv1198	285	0	0.0
Rv1199c	1248	1248	100.0
Rv1200	1278	0	0.0
Rv1201c	954	0	0.0
Rv1202	1065	0	0.0
Rv1203c	585	0	0.0
Rv1204c	1689	0	0.0
Rv1205	564	0	0.0
Rv1206	1794	0	0.0
Rv1207	957	0	0.0
Rv1208	975	0	0.0
Rv1209	369	0	0.0
Rv1210	615	0	0.0
Rv1211	228	0	0.0
Rv1212c	1164	0	0.0
Rv1213	1215	0	0.0
Rv1214c	333	333	100.0
Rv1215c	1686	0	0.0
Rv1216c	675	0	0.0
Rv1217c	1647	0	0.0
Rv1218c	936	0	0.0
Rv1219c	639	0	0.0
Rv1220c	648	0	0.0
Rv1221	774	0	0.0
Rv1222	465	0	0.0
Rv1223	1587	0	0.0
Rv1224	396	0	0.0
Rv1225c	831	0	0.0
Rv1226c	1464	0	0.0
Rv1227c	534	0	0.0
Rv1228	558	0	0.0
Rv1228a	174	0	0.0
Rv1229c	1173	0	0.0
Rv1230c	1236	0	0.0
Rv1231c	543	0	0.0
Rv1232c	1308	0	0.0
Rv1233c	597	0	0.0
Rv1234	528	0	0.0
Rv1235	1407	0	0.0
Rv1236	924	0	0.0
Rv1237	825	0	0.0
Rv1238	1182	0	0.0
Rv1239c	1101	0	0.0
Rv1240	990	0	0.0
Rv1241	261	0	0.0
Rv1242	432	0	0.0
Rv1243c	1689	1689	100.0
Rv1244	861	0	0.0
Rv1245c	831	0	0.0
Rv1246c	294	0	0.0
Rv1247c	270	0	0.0
Rv1248c	3696	0	0.0
Rv1249c	789	0	0.0
Rv1250	1740	0	0.0
Rv1251c	3420	0	0.0
Rv1252c	609	0	0.0
Rv1253	1692	0	0.0
Rv1254	1152	0	0.0
Rv1255c	609	0	0.0
Rv1256c	1218	0	0.0
Rv1257c	1368	0	0.0
Rv1258c	1260	0	0.0
Rv1259	900	0	0.0
Rv1260	1119	0	0.0
Rv1261c	450	0	0.0
Rv1262c	435	0	0.0
Rv1263	1389	0	0.0
Rv1264	1194	0	0.0
Rv1265	681	0	0.0
Rv1266c	1881	0	0.0
Rv1267c	1167	0	0.0
Rv1268c	699	0	0.0
Rv1269c	375	0	0.0
Rv1270c	735	0	0.0
Rv1271c	342	0	0.0
Rv1272c	1896	0	0.0
Rv1273c	1749	0	0.0
Rv1274	558	0	0.0
Rv1275	543	0	0.0
Rv1276c	477	0	0.0
Rv1277	1254	0	0.0
Rv1278	2628	0	0.0
Rv1279	1587	0	0.0
Rv1280c	1776	0	0.0
Rv1281c	1839	0	0.0
Rv1282c	876	0	0.0
Rv1283c	978	0	0.0
Rv1284	492	0	0.0
Rv1285	999	0	0.0
Rv1286	1845	0	0.0
Rv1287	486	0	0.0
Rv1288	1371	0	0.0
Rv1289	633	0	0.0
Rv1290c	1566	0	0.0
Rv1290A	315	0	0.0
Rv1291c	336	0	0.0
Rv1292	1653	0	0.0
Rv1293	1344	0	0.0
Rv1294	1326	0	0.0
Rv1295	1083	0	0.0
Rv1296	951	0	0.0
Rv1297	1809	0	0.0
Rv1298	243	0	0.0
Rv1299	1074	0	0.0
Rv1300	978	133	13.599182004089979
Rv1301	654	0	0.0
Rv1302	1215	0	0.0
Rv1303	486	0	0.0
Rv1304	753	0	0.0
Rv1305	246	0	0.0
Rv1306	516	0	0.0
Rv1307	1341	0	0.0
Rv1308	1650	0	0.0
Rv1309	918	0	0.0
Rv1310	1461	0	0.0
Rv1311	366	0	0.0
Rv1312	444	0	0.0
Rv1313c	1335	1335	100.0
Rv1314c	582	0	0.0
Rv1315	1257	0	0.0
Rv1316c	498	0	0.0
Rv1317c	1491	0	0.0
Rv1318c	1626	0	0.0
Rv1319c	1608	0	0.0
Rv1320c	1704	0	0.0
Rv1321	681	0	0.0
Rv1322	297	0	0.0
Rv1322A	459	0	0.0
Rv1323	1170	0	0.0
Rv1324	915	0	0.0
Rv1325c	1812	1812	100.0
Rv1326c	2196	0	0.0
Rv1327c	2106	0	0.0
Rv1328	2592	0	0.0
Rv1329c	1995	0	0.0
Rv1330c	1347	0	0.0
Rv1331	306	0	0.0
Rv1332	657	0	0.0
Rv1333	1035	0	0.0
Rv1334	441	0	0.0
Rv1335	282	0	0.0
Rv1336	972	0	0.0
Rv1337	723	0	0.0
Rv1338	816	0	0.0
Rv1339	822	0	0.0
Rv1340	780	4	0.5128205128205128
Rv1341	615	9	1.4634146341463417
Rv1342c	363	0	0.0
Rv1343c	381	0	0.0
Rv1344	321	0	0.0
Rv1345	1566	0	0.0
Rv1346	1161	0	0.0
Rv1347c	633	0	0.0
Rv1348	2580	0	0.0
Rv1349	1740	0	0.0
Rv1350	744	0	0.0
Rv1351	330	0	0.0
Rv1352	372	0	0.0
Rv1353c	786	0	0.0
Rv1354c	1872	0	0.0
Rv1355c	2148	0	0.0
Rv1356c	792	0	0.0
Rv1357c	924	0	0.0
Rv1358	3480	0	0.0
Rv1359	753	0	0.0
Rv1360	1023	0	0.0
Rv1361c	1191	1191	100.0
Rv1362c	663	0	0.0
Rv1363c	786	0	0.0
Rv1364c	1962	0	0.0
Rv1365c	387	0	0.0
Rv1366	822	0	0.0
Rv1366A	261	0	0.0
Rv1367c	1134	0	0.0
Rv1368	786	0	0.0
Rv1371	1470	0	0.0
Rv1372	1182	0	0.0
Rv1373	981	0	0.0
Rv1374c	459	0	0.0
Rv1375	1320	0	0.0
Rv1376	1494	0	0.0
Rv1377c	639	0	0.0
Rv1378c	1428	0	0.0
Rv1379	582	0	0.0
Rv1380	960	0	0.0
Rv1381	1293	0	0.0
Rv1382	498	0	0.0
Rv1383	1131	0	0.0
Rv1384	3348	0	0.0
Rv1385	825	0	0.0
Rv1386	309	309	100.0
Rv1387	1620	1620	100.0
Rv1388	573	0	0.0
Rv1389	627	0	0.0
Rv1390	333	0	0.0
Rv1391	1257	0	0.0
Rv1392	1212	0	0.0
Rv1393c	1479	0	0.0
Rv1394c	1386	0	0.0
Rv1395	1035	0	0.0
Rv1396c	1731	1731	100.0
Rv1397c	402	0	0.0
Rv1398c	258	0	0.0
Rv1399c	960	0	0.0
Rv1400c	963	0	0.0
Rv1401	603	0	0.0
Rv1402	1968	0	0.0
Rv1403c	825	0	0.0
Rv1404	483	0	0.0
Rv1405c	825	0	0.0
Rv1406	939	0	0.0
Rv1407	1374	0	0.0
Rv1408	699	0	0.0
Rv1409	1020	0	0.0
Rv1410c	1557	0	0.0
Rv1411c	711	0	0.0
Rv1412	606	0	0.0
Rv1413	516	0	0.0
Rv1414	402	0	0.0
Rv1415	1278	0	0.0
Rv1416	483	0	0.0
Rv1417	465	0	0.0
Rv1418	687	0	0.0
Rv1419	474	0	0.0
Rv1420	1941	0	0.0
Rv1421	906	0	0.0
Rv1422	1029	0	0.0
Rv1423	978	0	0.0
Rv1424c	762	0	0.0
Rv1425	1380	0	0.0
Rv1426c	1263	0	0.0
Rv1427c	1608	0	0.0
Rv1428c	828	0	0.0
Rv1429	1269	0	0.0
Rv1430	1587	1587	100.0
Rv1431	1770	0	0.0
Rv1432	1422	0	0.0
Rv1433	816	0	0.0
Rv1434	138	0	0.0
Rv1435c	609	105	17.24137931034483
Rv1436	1020	0	0.0
Rv1437	1239	0	0.0
Rv1438	786	0	0.0
Rv1439c	426	0	0.0
Rv1440	234	0	0.0
Rv1441c	1476	1476	100.0
Rv1442	2301	0	0.0
Rv1443c	486	0	0.0
Rv1444c	411	0	0.0
Rv1445c	744	0	0.0
Rv1446c	912	0	0.0
Rv1447c	1545	1	0.06472491909385113
Rv1448c	1122	0	0.0
Rv1449c	2103	0	0.0
Rv1450c	3990	3990	100.0
Rv1451	927	0	0.0
Rv1452c	2226	2226	100.0
Rv1453	1266	12	0.9478672985781991
Rv1454c	987	0	0.0
Rv1455	864	0	0.0
Rv1456c	933	0	0.0
Rv1457c	786	0	0.0
Rv1458c	942	0	0.0
Rv1459c	1776	2	0.11261261261261261
Rv1460	807	0	0.0
Rv1461	2541	0	0.0
Rv1462	1194	0	0.0
Rv1463	801	0	0.0
Rv1464	1254	0	0.0
Rv1465	489	0	0.0
Rv1466	348	0	0.0
Rv1467c	1830	0	0.0
Rv1468c	1113	1113	100.0
Rv1469	1974	0	0.0
Rv1470	375	0	0.0
Rv1471	372	0	0.0
Rv1472	858	0	0.0
Rv1473	1629	0	0.0
Rv1473A	192	0	0.0
Rv1474c	564	0	0.0
Rv1475c	2832	0	0.0
Rv1476	561	0	0.0
Rv1477	1419	0	0.0
Rv1478	726	0	0.0
Rv1479	1134	0	0.0
Rv1480	954	0	0.0
Rv1481	1008	0	0.0
Rv1482c	843	0	0.0
Rv1483	744	0	0.0
Rv1484	810	0	0.0
Rv1485	1035	0	0.0
Rv1486c	867	0	0.0
Rv1487	435	0	0.0
Rv1488	1146	0	0.0
Rv1489	357	0	0.0
Rv1489A	231	0	0.0
Rv1490	1308	0	0.0
Rv1491c	759	0	0.0
Rv1492	1848	0	0.0
Rv1493	2253	0	0.0
Rv1494	303	0	0.0
Rv1495	318	0	0.0
Rv1496	1005	0	0.0
Rv1497	1290	0	0.0
Rv1498c	618	0	0.0
Rv1498A	213	0	0.0
Rv1499	399	0	0.0
Rv1500	1029	0	0.0
Rv1501	822	0	0.0
Rv1502	900	0	0.0
Rv1505c	666	0	0.0
Rv1506c	501	0	0.0
Rv1507c	696	0	0.0
Rv1507A	504	0	0.0
Rv1508c	1800	0	0.0
Rv1508A	363	0	0.0
Rv1509	882	0	0.0
Rv1510	1299	0	0.0
Rv1511	1023	0	0.0
Rv1512	969	0	0.0
Rv1513	732	0	0.0
Rv1514c	789	0	0.0
Rv1515c	897	0	0.0
Rv1516c	1011	0	0.0
Rv1517	765	0	0.0
Rv1518	960	0	0.0
Rv1519	270	0	0.0
Rv1520	1041	0	0.0
Rv1521	1752	0	0.0
Rv1522c	3441	0	0.0
Rv1523	1044	0	0.0
Rv1524	1245	0	0.0
Rv1525	786	0	0.0
Rv1526c	1281	0	0.0
Rv1527c	6327	0	0.0
Rv1528c	498	0	0.0
Rv1529	1755	0	0.0
Rv1530	1104	0	0.0
Rv1531	567	0	0.0
Rv1532c	435	0	0.0
Rv1533	1128	0	0.0
Rv1534	678	0	0.0
Rv1535	237	0	0.0
Rv1536	3126	0	0.0
Rv1537	1392	0	0.0
Rv1538c	981	0	0.0
Rv1539	609	0	0.0
Rv1540	927	0	0.0
Rv1541c	594	0	0.0
Rv1542c	411	0	0.0
Rv1543	1026	0	0.0
Rv1544	804	0	0.0
Rv1545	228	0	0.0
Rv1546	432	0	0.0
Rv1547	3555	0	0.0
Rv1548c	2037	2037	100.0
Rv1550	1716	0	0.0
Rv1551	1866	0	0.0
Rv1552	1752	0	0.0
Rv1553	744	0	0.0
Rv1554	381	0	0.0
Rv1555	378	0	0.0
Rv1556	609	0	0.0
Rv1557	1194	0	0.0
Rv1558	447	0	0.0
Rv1559	1290	0	0.0
Rv1560	219	0	0.0
Rv1561	405	0	0.0
Rv1562c	1743	0	0.0
Rv1563c	2298	0	0.0
Rv1564c	2166	0	0.0
Rv1565c	2190	0	0.0
Rv1566c	693	0	0.0
Rv1567c	285	0	0.0
Rv1568	1314	0	0.0
Rv1569	1161	0	0.0
Rv1570	681	0	0.0
Rv1571	510	0	0.0
Rv1573	411	411	100.0
Rv1574	312	312	100.0
Rv1575	501	501	100.0
Rv1576c	1422	1422	100.0
Rv1577c	513	513	100.0
Rv1578c	471	471	100.0
Rv1579c	315	315	100.0
Rv1580c	273	273	100.0
Rv1581c	396	396	100.0
Rv1582c	1416	1416	100.0
Rv1583c	399	399	100.0
Rv1584c	222	222	100.0
Rv1585c	516	516	100.0
Rv1586c	1410	1410	100.0
Rv1587c	1002	1002	100.0
Rv1588c	669	644	96.26307922272048
Rv1589	1050	0	0.0
Rv1590	240	0	0.0
Rv1591	666	0	0.0
Rv1592c	1341	0	0.0
Rv1593c	711	0	0.0
Rv1594	1050	0	0.0
Rv1595	1584	0	0.0
Rv1596	858	0	0.0
Rv1597	759	0	0.0
Rv1598c	411	0	0.0
Rv1599	1317	0	0.0
Rv1600	1143	0	0.0
Rv1601	633	0	0.0
Rv1602	621	0	0.0
Rv1603	738	0	0.0
Rv1604	813	0	0.0
Rv1605	804	0	0.0
Rv1606	348	0	0.0
Rv1607	1083	0	0.0
Rv1608c	465	0	0.0
Rv1609	1551	0	0.0
Rv1610	708	0	0.0
Rv1611	819	0	0.0
Rv1612	1233	0	0.0
Rv1613	813	0	0.0
Rv1614	1407	0	0.0
Rv1615	441	0	0.0
Rv1616	399	0	0.0
Rv1617	1419	0	0.0
Rv1618	903	0	0.0
Rv1619	1455	0	0.0
Rv1620c	1731	0	0.0
Rv1621c	1584	0	0.0
Rv1622c	1041	0	0.0
Rv1623c	1458	0	0.0
Rv1624c	588	0	0.0
Rv1625c	1332	0	0.0
Rv1626	618	0	0.0
Rv1627c	1209	0	0.0
Rv1628c	492	52	10.569105691056912
Rv1629	2715	0	0.0
Rv1630	1446	0	0.0
Rv1631	1224	0	0.0
Rv1632c	444	0	0.0
Rv1633	2097	0	0.0
Rv1634	1416	0	0.0
Rv1635c	1671	0	0.0
Rv1636	441	0	0.0
Rv1637c	795	0	0.0
Rv1638	2919	0	0.0
Rv1638A	258	0	0.0
Rv1639c	1470	0	0.0
Rv1640c	3519	0	0.0
Rv1641	606	0	0.0
Rv1642	195	0	0.0
Rv1643	390	0	0.0
Rv1644	783	0	0.0
Rv1645c	1056	0	0.0
Rv1646	933	933	100.0
Rv1647	951	0	0.0
Rv1648	807	0	0.0
Rv1649	1026	0	0.0
Rv1650	2496	0	0.0
Rv1651c	3036	3036	100.0
Rv1652	1059	0	0.0
Rv1653	1215	0	0.0
Rv1654	885	0	0.0
Rv1655	1203	0	0.0
Rv1656	924	0	0.0
Rv1657	513	0	0.0
Rv1658	1197	0	0.0
Rv1659	1413	0	0.0
Rv1660	1062	0	0.0
Rv1661	6381	0	0.0
Rv1662	4809	0	0.0
Rv1663	1509	0	0.0
Rv1664	3054	0	0.0
Rv1665	1062	0	0.0
Rv1666c	1293	0	0.0
Rv1669	363	0	0.0
Rv1670	348	0	0.0
Rv1671	393	0	0.0
Rv1672c	1332	0	0.0
Rv1673c	933	0	0.0
Rv1674c	657	0	0.0
Rv1675c	735	0	0.0
Rv1676	705	0	0.0
Rv1677	549	0	0.0
Rv1678	903	0	0.0
Rv1679	1122	0	0.0
Rv1680	825	0	0.0
Rv1681	993	0	0.0
Rv1682	918	0	0.0
Rv1683	3000	0	0.0
Rv1684	225	0	0.0
Rv1685c	624	0	0.0
Rv1686c	681	0	0.0
Rv1687c	768	0	0.0
Rv1688	612	0	0.0
Rv1689	1275	0	0.0
Rv1690	384	0	0.0
Rv1691	753	0	0.0
Rv1692	1062	0	0.0
Rv1693	177	0	0.0
Rv1694	807	0	0.0
Rv1695	924	0	0.0
Rv1696	1764	0	0.0
Rv1697	1182	0	0.0
Rv1698	945	0	0.0
Rv1699	1761	0	0.0
Rv1700	624	0	0.0
Rv1701	936	0	0.0
Rv1702c	1365	1358	99.48717948717949
Rv1703c	750	0	0.0
Rv1704c	1671	0	0.0
Rv1705c	1158	1158	100.0
Rv1706c	1185	1185	100.0
Rv1706A	168	0	0.0
Rv1707	1461	0	0.0
Rv1708	957	0	0.0
Rv1709	837	53	6.332138590203106
Rv1710	696	0	0.0
Rv1711	765	0	0.0
Rv1712	693	0	0.0
Rv1713	1392	0	0.0
Rv1714	813	0	0.0
Rv1715	915	0	0.0
Rv1716	831	0	0.0
Rv1717	351	1	0.2849002849002849
Rv1718	819	0	0.0
Rv1719	780	0	0.0
Rv1720c	390	0	0.0
Rv1721c	228	0	0.0
Rv1722	1485	0	0.0
Rv1723	1248	0	0.0
Rv1724c	420	0	0.0
Rv1725c	711	0	0.0
Rv1726	1386	0	0.0
Rv1727	570	0	0.0
Rv1728c	771	0	0.0
Rv1729c	939	0	0.0
Rv1730c	1554	0	0.0
Rv1731	1557	0	0.0
Rv1732c	549	0	0.0
Rv1733c	633	0	0.0
Rv1734c	243	0	0.0
Rv1735c	498	0	0.0
Rv1735a	243	0	0.0
Rv1736c	1959	0	0.0
Rv1737c	1188	0	0.0
Rv1738	285	0	0.0
Rv1739c	1683	0	0.0
Rv1740	213	0	0.0
Rv1741	249	0	0.0
Rv1742	738	0	0.0
Rv1743	1701	0	0.0
Rv1744c	402	0	0.0
Rv1745c	612	0	0.0
Rv1746	1431	0	0.0
Rv1747	2598	0	0.0
Rv1748	732	0	0.0
Rv1749c	558	0	0.0
Rv1750c	1599	0	0.0
Rv1751	1383	0	0.0
Rv1752	450	0	0.0
Rv1753c	3162	3162	100.0
Rv1754c	1692	0	0.0
Rv1758	525	16	3.0476190476190474
Rv1759c	2745	2745	100.0
Rv1760	1509	0	0.0
Rv1761c	384	0	0.0
Rv1762c	789	0	0.0
Rv1765c	1098	28	2.5500910746812386
Rv1766	270	14	5.185185185185185
Rv1767	360	0	0.0
Rv1768	1857	1857	100.0
Rv1769	1245	0	0.0
Rv1770	1287	0	0.0
Rv1771	1287	0	0.0
Rv1772	312	0	0.0
Rv1773c	747	0	0.0
Rv1774	1341	0	0.0
Rv1775	819	0	0.0
Rv1776c	561	0	0.0
Rv1777	1305	0	0.0
Rv1778c	450	0	0.0
Rv1779c	1794	0	0.0
Rv1780	564	0	0.0
Rv1781c	2175	0	0.0
Rv1782	1521	0	0.0
Rv1783	4176	0	0.0
Rv1785c	1182	0	0.0
Rv1786	204	0	0.0
Rv1787	1098	1098	100.0
Rv1788	300	300	100.0
Rv1789	1182	1182	100.0
Rv1790	1053	1053	100.0
Rv1791	300	300	100.0
Rv1793	285	0	0.0
Rv1794	903	0	0.0
Rv1795	1512	0	0.0
Rv1796	1758	0	0.0
Rv1797	1221	0	0.0
Rv1798	1833	0	0.0
Rv1799	192	0	0.0
Rv1800	1968	1968	100.0
Rv1801	1272	1272	100.0
Rv1802	1392	1392	100.0
Rv1803c	1920	1920	100.0
Rv1804c	327	0	0.0
Rv1805c	348	0	0.0
Rv1806	300	300	100.0
Rv1808	1230	1230	100.0
Rv1809	1407	1407	100.0
Rv1810	357	0	0.0
Rv1811	705	0	0.0
Rv1812c	1203	0	0.0
Rv1813c	432	0	0.0
Rv1814	903	0	0.0
Rv1815	666	0	0.0
Rv1816	705	0	0.0
Rv1817	1464	0	0.0
Rv1818c	1497	1497	100.0
Rv1819c	1920	0	0.0
Rv1820	1644	0	0.0
Rv1821	2427	0	0.0
Rv1822	630	0	0.0
Rv1823	924	0	0.0
Rv1824	366	0	0.0
Rv1825	879	0	0.0
Rv1826	405	0	0.0
Rv1827	489	0	0.0
Rv1828	744	0	0.0
Rv1829	495	0	0.0
Rv1830	678	0	0.0
Rv1831	258	0	0.0
Rv1832	2826	0	0.0
Rv1833c	861	0	0.0
Rv1834	867	0	0.0
Rv1835c	1887	0	0.0
Rv1836c	2034	0	0.0
Rv1837c	2226	0	0.0
Rv1838c	396	0	0.0
Rv1839c	264	0	0.0
Rv1840c	1548	1548	100.0
Rv1841c	1038	0	0.0
Rv1842c	1368	0	0.0
Rv1843c	1440	0	0.0
Rv1844c	1458	0	0.0
Rv1845c	951	0	0.0
Rv1846c	417	0	0.0
Rv1847	423	0	0.0
Rv1848	303	0	0.0
Rv1849	315	0	0.0
Rv1850	1734	0	0.0
Rv1851	636	0	0.0
Rv1852	675	0	0.0
Rv1853	627	0	0.0
Rv1854c	1392	0	0.0
Rv1855c	924	0	0.0
Rv1856c	678	0	0.0
Rv1857	786	0	0.0
Rv1858	795	0	0.0
Rv1859	1110	0	0.0
Rv1860	978	0	0.0
Rv1861	306	0	0.0
Rv1862	1041	0	0.0
Rv1863c	771	0	0.0
Rv1864c	756	0	0.0
Rv1865c	861	0	0.0
Rv1866	2337	0	0.0
Rv1867	1485	0	0.0
Rv1868	2100	0	0.0
Rv1869c	1236	0	0.0
Rv1870c	636	0	0.0
Rv1871c	390	0	0.0
Rv1872c	1245	0	0.0
Rv1873	438	0	0.0
Rv1874	687	0	0.0
Rv1875	444	0	0.0
Rv1876	480	0	0.0
Rv1877	2064	0	0.0
Rv1878	1353	0	0.0
Rv1879	1137	0	0.0
Rv1880c	1317	0	0.0
Rv1881c	423	0	0.0
Rv1882c	834	0	0.0
Rv1883c	462	0	0.0
Rv1884c	531	0	0.0
Rv1885c	600	0	0.0
Rv1886c	978	0	0.0
Rv1887	1143	0	0.0
Rv1890c	612	0	0.0
Rv1891	408	0	0.0
Rv1892	312	0	0.0
Rv1893	219	0	0.0
Rv1894c	1131	0	0.0
Rv1895	1155	0	0.0
Rv1896c	912	0	0.0
Rv1897c	432	0	0.0
Rv1898	309	0	0.0
Rv1899c	1032	0	0.0
Rv1900c	1389	0	0.0
Rv1901	1293	0	0.0
Rv1902c	1269	0	0.0
Rv1903	405	0	0.0
Rv1904	432	0	0.0
Rv1905c	963	0	0.0
Rv1906c	471	0	0.0
Rv1907c	648	0	0.0
Rv1908c	2223	0	0.0
Rv1909c	444	0	0.0
Rv1910c	594	0	0.0
Rv1911c	606	0	0.0
Rv1912c	1005	0	0.0
Rv1913	753	0	0.0
Rv1914c	408	0	0.0
Rv1915	1104	0	0.0
Rv1916	1197	0	0.0
Rv1917c	4380	4380	100.0
Rv1918c	2964	2964	100.0
Rv1919c	465	0	0.0
Rv1920	864	0	0.0
Rv1921c	1272	0	0.0
Rv1922	1116	0	0.0
Rv1923	1341	0	0.0
Rv1924c	381	0	0.0
Rv1925	1863	0	0.0
Rv1926c	480	0	0.0
Rv1927	774	0	0.0
Rv1928c	768	0	0.0
Rv1929c	645	0	0.0
Rv1930c	525	0	0.0
Rv1931c	780	0	0.0
Rv1932	498	0	0.0
Rv1933c	1092	0	0.0
Rv1934c	1230	0	0.0
Rv1935c	957	0	0.0
Rv1936	1110	0	0.0
Rv1937	2520	0	0.0
Rv1938	1071	0	0.0
Rv1939	516	0	0.0
Rv1940	1062	0	0.0
Rv1941	771	0	0.0
Rv1942c	330	0	0.0
Rv1943c	378	0	0.0
Rv1944c	591	0	0.0
Rv1945	1365	1362	99.78021978021978
Rv1946c	453	0	0.0
Rv1947	402	0	0.0
Rv1948c	351	0	0.0
Rv1950c	192	0	0.0
Rv1951c	297	0	0.0
Rv1952	216	0	0.0
Rv1953	312	0	0.0
Rv1954c	522	0	0.0
Rv1955	378	0	0.0
Rv1956	450	0	0.0
Rv1957	546	0	0.0
Rv1958c	615	0	0.0
Rv1959c	297	0	0.0
Rv1960c	252	0	0.0
Rv1961	495	0	0.0
Rv1962c	408	0	0.0
Rv1962A	273	0	0.0
Rv1963c	1221	0	0.0
Rv1964	798	0	0.0
Rv1965	816	0	0.0
Rv1966	1278	0	0.0
Rv1967	1029	0	0.0
Rv1968	1233	0	0.0
Rv1969	1272	0	0.0
Rv1970	1134	0	0.0
Rv1971	1314	0	0.0
Rv1972	576	0	0.0
Rv1973	483	0	0.0
Rv1974	378	0	0.0
Rv1975	666	0	0.0
Rv1976c	408	0	0.0
Rv1977	1047	0	0.0
Rv1978	849	0	0.0
Rv1979c	1446	0	0.0
Rv1980c	687	0	0.0
Rv1981c	969	0	0.0
Rv1982c	420	0	0.0
Rv1982A	261	0	0.0
Rv1983	1677	1677	100.0
Rv1984c	654	13	1.9877675840978593
RV1984a	231	0	0.0
Rv1985c	912	0	0.0
Rv1986	600	0	0.0
Rv1987	429	0	0.0
Rv1988	540	0	0.0
Rv1989c	561	0	0.0
Rv1990c	342	0	0.0
Rv1991c	345	0	0.0
Rv1991A	249	0	0.0
Rv1992c	2316	0	0.0
Rv1993c	273	0	0.0
Rv1994c	357	0	0.0
Rv1995	768	0	0.0
Rv1996	954	0	0.0
Rv1997	2718	0	0.0
Rv1998c	777	0	0.0
Rv1999c	1323	0	0.0
Rv2000	1614	0	0.0
Rv2001	753	0	0.0
Rv2002	783	0	0.0
Rv2003c	858	0	0.0
Rv2004c	1497	0	0.0
Rv2005c	888	0	0.0
Rv2006	3984	0	0.0
Rv2007c	345	0	0.0
Rv2008c	1326	0	0.0
Rv2009	243	0	0.0
Rv2010	399	0	0.0
Rv2011c	432	0	0.0
Rv2012	495	0	0.0
Rv2015c	1257	0	0.0
Rv2016	576	0	0.0
Rv2017	1041	0	0.0
Rv2018	720	0	0.0
Rv2019	417	0	0.0
Rv2021c	306	0	0.0
Rv2022c	606	0	0.0
Rv2023c	360	0	0.0
Rv2024c	1548	0	0.0
Rv2025c	999	0	0.0
Rv2026c	885	0	0.0
Rv2027c	1722	0	0.0
Rv2028c	840	0	0.0
Rv2029c	1020	0	0.0
Rv2030c	2046	0	0.0
Rv2031c	435	0	0.0
Rv2032	996	0	0.0
Rv2033c	843	0	0.0
Rv2034	324	0	0.0
Rv2035	489	0	0.0
Rv2036	642	0	0.0
Rv2037c	975	0	0.0
Rv2038c	1074	0	0.0
Rv2039c	843	0	0.0
Rv2040c	903	0	0.0
Rv2041c	1320	0	0.0
Rv2042c	798	0	0.0
Rv2043c	561	0	0.0
Rv2044c	318	0	0.0
Rv2045c	1536	0	0.0
Rv2046	657	0	0.0
Rv2047c	2565	0	0.0
Rv2048c	12456	0	0.0
Rv2049c	225	0	0.0
Rv2050	336	0	0.0
Rv2051c	2625	0	0.0
Rv2052c	1605	0	0.0
Rv2053c	528	0	0.0
Rv2054	714	0	0.0
Rv2055c	267	0	0.0
Rv2056c	306	0	0.0
Rv2057c	165	0	0.0
Rv2058c	237	0	0.0
Rv2059	1536	0	0.0
Rv2060	402	0	0.0
Rv2061c	405	0	0.0
Rv2062c	3585	0	0.0
Rv2063	234	0	0.0
Rv2063A	411	0	0.0
Rv2064	1092	0	0.0
Rv2065	627	0	0.0
Rv2066	1527	0	0.0
Rv2067c	1224	0	0.0
Rv2068c	924	0	0.0
Rv2069	558	0	0.0
Rv2070c	735	0	0.0
Rv2071c	756	0	0.0
Rv2072c	1173	0	0.0
Rv2073c	750	12	1.6
Rv2074	414	0	0.0
Rv2075c	1464	0	0.0
Rv2076c	252	0	0.0
Rv2077c	972	0	0.0
Rv2077A	300	0	0.0
Rv2078	315	0	0.0
Rv2079	1971	0	0.0
Rv2080	564	0	0.0
Rv2081c	441	0	0.0
Rv2082	2166	0	0.0
Rv2083	945	0	0.0
Rv2084	1137	0	0.0
Rv2085	306	306	100.0
Rv2086	606	22	3.6303630363036308
Rv2088	1770	0	0.0
Rv2089c	1128	0	0.0
Rv2090	1182	0	0.0
Rv2091c	735	0	0.0
Rv2092c	2721	0	0.0
Rv2093c	927	0	0.0
Rv2094c	252	0	0.0
Rv2095c	951	0	0.0
Rv2096c	999	0	0.0
Rv2097c	1359	0	0.0
Rv2100	1653	0	0.0
Rv2101	3042	0	0.0
Rv2102	717	0	0.0
Rv2103c	435	0	0.0
Rv2104c	255	0	0.0
Rv2104a	258	0	0.0
Rv2107	297	297	100.0
Rv2108	732	732	100.0
Rv2109c	747	0	0.0
Rv2110c	876	0	0.0
Rv2111c	195	0	0.0
Rv2112c	1665	112	6.726726726726727
Rv2113	1194	0	0.0
Rv2114	624	0	0.0
Rv2115c	1830	0	0.0
Rv2116	570	0	0.0
Rv2117	294	0	0.0
Rv2118c	843	0	0.0
Rv2119	837	0	0.0
Rv2120c	483	0	0.0
Rv2121c	855	0	0.0
Rv2122c	282	0	0.0
Rv2123	1422	1422	100.0
Rv2124c	3579	4	0.11176306230790724
Rv2125	879	0	0.0
Rv2126c	771	771	100.0
Rv2127	1470	0	0.0
Rv2128	204	0	0.0
Rv2129c	882	0	0.0
Rv2130c	1245	0	0.0
Rv2131c	804	0	0.0
Rv2132	231	0	0.0
Rv2133c	789	0	0.0
Rv2134c	588	0	0.0
Rv2135c	711	0	0.0
Rv2136c	831	0	0.0
Rv2137c	414	0	0.0
Rv2138	1077	0	0.0
Rv2139	1074	0	0.0
Rv2140c	531	0	0.0
Rv2141c	1347	0	0.0
Rv2142c	318	0	0.0
Rv2142A	216	0	0.0
Rv2143	1059	0	0.0
Rv2144c	357	0	0.0
Rv2145c	783	0	0.0
Rv2146c	291	0	0.0
Rv2147c	726	0	0.0
Rv2148c	777	0	0.0
Rv2149c	753	0	0.0
Rv2150c	1140	0	0.0
Rv2151c	945	0	0.0
Rv2152c	1485	0	0.0
Rv2153c	1233	0	0.0
Rv2154c	1575	0	0.0
Rv2155c	1461	0	0.0
Rv2156c	1080	0	0.0
Rv2157c	1533	0	0.0
Rv2158c	1608	0	0.0
Rv2159c	1035	0	0.0
Rv2161c	867	0	0.0
Rv2162c	1599	1599	100.0
Rv2163c	2040	0	0.0
Rv2164c	1155	0	0.0
Rv2165c	1191	0	0.0
Rv2166c	432	0	0.0
Rv2169c	405	0	0.0
Rv2170	621	0	0.0
Rv2171	684	0	0.0
Rv2172c	906	0	0.0
Rv2173	1059	0	0.0
Rv2174	1551	0	0.0
Rv2175c	441	0	0.0
Rv2176	1200	0	0.0
Rv2177c	666	666	100.0
Rv2178c	1389	0	0.0
Rv2179c	507	0	0.0
Rv2180c	888	0	0.0
Rv2181	1284	0	0.0
Rv2182c	744	0	0.0
Rv2183c	396	0	0.0
Rv2184c	1140	0	0.0
Rv2185c	435	0	0.0
Rv2186c	390	0	0.0
Rv2187	1803	0	0.0
Rv2188c	1158	0	0.0
Rv2189c	774	0	0.0
Rv2190c	1158	0	0.0
Rv2191	1938	0	0.0
Rv2192c	1113	0	0.0
Rv2193	612	0	0.0
Rv2194	843	4	0.4744958481613286
Rv2195	1290	58	4.496124031007752
Rv2196	1650	0	0.0
Rv2197c	645	0	0.0
Rv2198c	900	0	0.0
Rv2199c	420	0	0.0
Rv2200c	1092	0	0.0
Rv2201	1959	0	0.0
Rv2202c	975	0	0.0
Rv2203	693	0	0.0
Rv2204c	357	0	0.0
Rv2205c	1077	0	0.0
Rv2206	711	0	0.0
Rv2207	1086	0	0.0
Rv2208	750	0	0.0
Rv2209	1539	0	0.0
Rv2210c	1107	0	0.0
Rv2211c	1140	0	0.0
Rv2212	1137	0	0.0
Rv2213	1548	0	0.0
Rv2214c	1779	0	0.0
Rv2215	1662	0	0.0
Rv2216	906	0	0.0
Rv2217	693	0	0.0
Rv2218	936	0	0.0
Rv2219	753	0	0.0
Rv2219A	423	0	0.0
Rv2220	1437	0	0.0
Rv2221c	2985	0	0.0
Rv2222c	1341	0	0.0
Rv2223c	1563	0	0.0
Rv2224c	1563	0	0.0
Rv2224d	222	0	0.0
Rv2225	846	0	0.0
Rv2226	1542	0	0.0
Rv2227	702	0	0.0
Rv2228c	1095	0	0.0
Rv2229c	738	0	0.0
Rv2230c	1140	0	0.0
Rv2231c	1095	0	0.0
Rv2231A	426	0	0.0
Rv2231B	177	0	0.0
Rv2232	876	0	0.0
Rv2234	492	0	0.0
Rv2235	816	0	0.0
Rv2236c	942	0	0.0
Rv2237	768	0	0.0
Rv2237A	237	0	0.0
Rv2238c	462	0	0.0
Rv2239c	477	0	0.0
Rv2240c	591	0	0.0
Rv2241	2706	0	0.0
Rv2242	1245	0	0.0
Rv2243	909	0	0.0
Rv2244	348	0	0.0
Rv2245	1251	0	0.0
Rv2246	1317	0	0.0
Rv2247	1422	0	0.0
Rv2248	816	0	0.0
Rv2249c	1551	0	0.0
Rv2250c	570	0	0.0
Rv2251	1428	0	0.0
Rv2252	930	0	0.0
Rv2253	504	0	0.0
Rv2254c	456	0	0.0
Rv2256a	195	0	0.0
Rv2256c	534	0	0.0
Rv2257c	819	0	0.0
Rv2258c	1062	0	0.0
Rv2259	1086	0	0.0
Rv2260	636	0	0.0
Rv2263	954	0	0.0
Rv2264c	1779	0	0.0
Rv2265	1230	0	0.0
Rv2266	1287	0	0.0
Rv2267c	1167	0	0.0
Rv2268c	1470	0	0.0
Rv2269c	333	0	0.0
Rv2270	528	0	0.0
Rv2271	300	0	0.0
Rv2272	369	0	0.0
Rv2273	330	0	0.0
Rv2274c	318	0	0.0
Rv2274A	249	0	0.0
Rv2275	870	0	0.0
Rv2276	1191	0	0.0
Rv2277c	906	19	2.097130242825607
Rv2281	1659	0	0.0
Rv2282c	939	0	0.0
Rv2283	195	0	0.0
Rv2284	1296	0	0.0
Rv2285	1338	0	0.0
Rv2286c	693	0	0.0
Rv2287	1629	0	0.0
Rv2288	378	0	0.0
Rv2289	783	0	0.0
Rv2290	516	0	0.0
Rv2291	855	0	0.0
Rv2292c	225	0	0.0
Rv2293c	741	0	0.0
Rv2294	1224	0	0.0
Rv2295	639	0	0.0
Rv2296	903	0	0.0
Rv2297	453	0	0.0
Rv2298	972	0	0.0
Rv2299c	1944	0	0.0
Rv2300c	933	0	0.0
Rv2301	693	0	0.0
Rv2302	243	0	0.0
Rv2303c	924	0	0.0
Rv2304c	210	0	0.0
Rv2305	1290	0	0.0
Rv2307c	846	0	0.0
Rv2307A	192	0	0.0
Rv2307B	432	0	0.0
Rv2307D	183	0	0.0
Rv2308	717	0	0.0
Rv2308a	333	0	0.0
Rv2309A	288	0	0.0
Rv2310	345	0	0.0
Rv2311	525	0	0.0
Rv2312	270	0	0.0
Rv2313c	855	0	0.0
Rv2314c	1374	0	0.0
Rv2315c	1518	0	0.0
Rv2316	873	0	0.0
Rv2317	825	0	0.0
Rv2318	1323	0	0.0
Rv2319c	879	0	0.0
Rv2320c	1431	0	0.0
Rv2323c	909	0	0.0
Rv2324	447	0	0.0
Rv2325c	849	0	0.0
Rv2326c	2094	0	0.0
Rv2327	492	0	0.0
Rv2328	1149	1149	100.0
Rv2329c	1548	0	0.0
Rv2330c	528	0	0.0
Rv2331	387	0	0.0
Rv2331A	339	0	0.0
Rv2332	1647	0	0.0
Rv2333c	1614	0	0.0
Rv2334	933	0	0.0
Rv2335	690	0	0.0
Rv2336	969	0	0.0
Rv2337c	1119	0	0.0
Rv2338c	957	0	0.0
Rv2339	2889	0	0.0
Rv2340c	1242	1242	100.0
Rv2341	420	0	0.0
Rv2342	258	0	0.0
Rv2343c	1920	0	0.0
Rv2344c	1296	0	0.0
Rv2345	1983	0	0.0
Rv2346c	285	0	0.0
Rv2347c	297	0	0.0
Rv2348c	327	0	0.0
Rv2349c	1527	0	0.0
Rv2350c	1539	0	0.0
Rv2351c	1539	0	0.0
Rv2352c	1176	1176	100.0
Rv2353c	1065	1065	100.0
Rv2357c	1392	0	0.0
Rv2358	408	0	0.0
Rv2359	393	0	0.0
Rv2360c	429	0	0.0
Rv2361c	891	0	0.0
Rv2362c	798	0	0.0
Rv2363	1455	0	0.0
Rv2364c	903	0	0.0
Rv2365c	342	0	0.0
Rv2366c	1308	0	0.0
Rv2367c	549	0	0.0
Rv2368c	1059	0	0.0
Rv2369c	303	0	0.0
Rv2370c	1314	0	0.0
Rv2371	186	186	100.0
Rv2372c	789	0	0.0
Rv2373c	1149	0	0.0
Rv2374c	1032	0	0.0
Rv2375	318	0	0.0
Rv2376c	507	0	0.0
Rv2377c	216	0	0.0
Rv2378c	1296	0	0.0
Rv2379c	4386	0	0.0
Rv2380c	5049	0	0.0
Rv2381c	3015	0	0.0
Rv2382c	1335	0	0.0
Rv2383c	4245	0	0.0
Rv2384	1698	0	0.0
Rv2385	921	0	0.0
Rv2386c	1353	0	0.0
Rv2386a	210	0	0.0
Rv2387	1254	0	0.0
Rv2388c	1128	0	0.0
Rv2389c	465	0	0.0
Rv2390c	558	0	0.0
Rv2391	1692	0	0.0
Rv2392	765	4	0.522875816993464
Rv2393	846	130	15.36643026004728
Rv2394	1932	0	0.0
Rv2395	2004	0	0.0
Rv2395A	216	0	0.0
Rv2395B	165	0	0.0
Rv2396	1086	1086	100.0
Rv2397c	1056	0	0.0
Rv2398c	819	0	0.0
Rv2399c	852	0	0.0
Rv2400c	1071	0	0.0
Rv2401	330	0	0.0
Rv2401A	204	0	0.0
Rv2402	1929	0	0.0
Rv2403c	756	0	0.0
Rv2404c	1962	0	0.0
Rv2405	570	0	0.0
Rv2406c	429	0	0.0
Rv2407	822	0	0.0
Rv2408	975	720	73.84615384615385
Rv2409c	840	243	28.92857142857143
Rv2410c	978	0	0.0
Rv2411c	1656	0	0.0
Rv2412	261	0	0.0
Rv2413c	951	0	0.0
Rv2414c	1545	0	0.0
Rv2415c	894	0	0.0
Rv2416c	1209	0	0.0
Rv2417c	843	0	0.0
Rv2418c	744	0	0.0
Rv2419c	672	0	0.0
Rv2420c	381	0	0.0
Rv2421c	636	0	0.0
Rv2422	273	0	0.0
Rv2423	1047	0	0.0
Rv2424c	1002	1002	100.0
Rv2425c	1443	0	0.0
Rv2426c	876	0	0.0
Rv2427c	1248	0	0.0
Rv2428	588	0	0.0
Rv2429	534	4	0.7490636704119851
Rv2430c	585	585	100.0
Rv2431c	300	300	100.0
Rv2432c	411	0	0.0
Rv2433c	291	0	0.0
Rv2434c	1446	0	0.0
Rv2435c	2193	0	0.0
Rv2436	915	0	0.0
Rv2437	420	0	0.0
Rv2438c	2040	0	0.0
Rv2438A	279	0	0.0
Rv2439c	1131	0	0.0
Rv2440c	1440	0	0.0
Rv2441c	261	0	0.0
Rv2442c	315	0	0.0
Rv2443	1476	0	0.0
Rv2444c	2862	0	0.0
Rv2445c	411	0	0.0
Rv2446c	372	0	0.0
Rv2447c	1464	0	0.0
Rv2448c	2631	0	0.0
Rv2449c	1260	0	0.0
Rv2450c	519	0	0.0
Rv2451	399	0	0.0
Rv2452c	147	0	0.0
Rv2453c	606	0	0.0
Rv2454c	1122	0	0.0
Rv2455c	1962	0	0.0
Rv2456c	1257	0	0.0
Rv2457c	1281	0	0.0
Rv2458	909	0	0.0
Rv2459	1527	0	0.0
Rv2460c	645	300	46.51162790697674
Rv2461c	603	300	49.75124378109453
Rv2462c	1401	0	0.0
Rv2463	1185	0	0.0
Rv2464c	807	0	0.0
Rv2465c	489	0	0.0
Rv2466c	624	0	0.0
Rv2467	2586	0	0.0
Rv2468c	504	0	0.0
Rv2468A	234	0	0.0
Rv2469c	669	0	0.0
Rv2470	387	0	0.0
Rv2471	1641	0	0.0
Rv2472	294	0	0.0
Rv2473	717	0	0.0
Rv2474c	654	0	0.0
Rv2475c	417	0	0.0
Rv2476c	4875	0	0.0
Rv2477c	1677	0	0.0
Rv2478c	486	0	0.0
Rv2481c	324	0	0.0
Rv2482c	2370	0	0.0
Rv2483c	1743	0	0.0
Rv2484c	1476	0	0.0
Rv2485c	1266	0	0.0
Rv2486	771	0	0.0
Rv2487c	2085	2085	100.0
Rv2488c	3414	210	6.151142355008787
Rv2489c	300	73	24.333333333333336
Rv2490c	4983	4983	100.0
Rv2490a	207	162	78.26086956521739
Rv2491	624	0	0.0
Rv2492	753	0	0.0
Rv2493	222	0	0.0
Rv2494	426	0	0.0
Rv2495c	1182	0	0.0
Rv2496c	1047	0	0.0
Rv2497c	1104	0	0.0
Rv2498c	822	0	0.0
Rv2499c	558	0	0.0
Rv2500c	1185	0	0.0
Rv2501c	1965	0	0.0
Rv2502c	1590	0	0.0
Rv2503c	657	0	0.0
Rv2504c	747	0	0.0
Rv2505c	1644	0	0.0
Rv2506	648	0	0.0
Rv2507	822	0	0.0
Rv2508c	1338	0	0.0
Rv2509	807	0	0.0
Rv2510c	1602	0	0.0
Rv2511	648	0	0.0
Rv2512c	1248	1248	100.0
Rv2512a	186	0	0.0
Rv2513	423	0	0.0
Rv2514c	462	0	0.0
Rv2515c	1248	0	0.0
Rv2516c	804	0	0.0
Rv2517c	252	0	0.0
Rv2518c	1227	0	0.0
Rv2519	1479	1479	100.0
Rv2520c	228	0	0.0
Rv2521	474	0	0.0
Rv2522c	1413	0	0.0
Rv2523c	393	0	0.0
Rv2524c	9210	0	0.0
Rv2525c	723	0	0.0
Rv2526	228	0	0.0
Rv2527	402	0	0.0
Rv2528c	921	0	0.0
Rv2529	1392	0	0.0
Rv2530c	420	0	0.0
Rv2530A	225	0	0.0
Rv2531c	2844	0	0.0
Rv2532c	402	0	0.0
Rv2533c	471	0	0.0
Rv2534c	564	0	0.0
Rv2535c	1119	0	0.0
Rv2536	693	0	0.0
Rv2537c	444	0	0.0
Rv2538c	1089	0	0.0
Rv2539c	531	0	0.0
Rv2540c	1206	0	0.0
Rv2541	408	0	0.0
Rv2542	1212	0	0.0
Rv2543	660	0	0.0
Rv2544	663	0	0.0
Rv2545	279	0	0.0
Rv2546	414	0	0.0
Rv2547	258	0	0.0
Rv2548	378	0	0.0
Rv2548A	375	0	0.0
Rv2549c	396	0	0.0
Rv2550c	246	0	0.0
Rv2551c	420	0	0.0
Rv2552c	810	0	0.0
Rv2553c	1254	0	0.0
Rv2554c	513	0	0.0
Rv2555c	2715	0	0.0
Rv2556c	390	0	0.0
Rv2557	675	0	0.0
Rv2558	711	0	0.0
Rv2559c	1359	0	0.0
Rv2560	978	0	0.0
Rv2563	1050	0	0.0
Rv2564	993	0	0.0
Rv2565	1752	0	0.0
Rv2566	3423	0	0.0
Rv2567	2655	0	0.0
Rv2568c	1026	0	0.0
Rv2569c	945	0	0.0
Rv2570	390	0	0.0
Rv2571c	1068	0	0.0
Rv2572c	1791	0	0.0
Rv2573	741	0	0.0
Rv2574	504	0	0.0
Rv2575	882	0	0.0
Rv2576c	465	0	0.0
Rv2577	1590	0	0.0
Rv2578c	1023	0	0.0
Rv2579	903	0	0.0
Rv2580c	1272	0	0.0
Rv2581c	675	0	0.0
Rv2582	927	0	0.0
Rv2583c	2373	0	0.0
Rv2584c	672	0	0.0
Rv2585c	1674	0	0.0
Rv2586c	1329	0	0.0
Rv2587c	1722	0	0.0
Rv2588c	348	0	0.0
Rv2589	1350	0	0.0
Rv2590	3507	0	0.0
Rv2591	1632	1632	100.0
Rv2592c	1035	0	0.0
Rv2593c	591	0	0.0
Rv2594c	567	0	0.0
Rv2595	246	0	0.0
Rv2596	405	0	0.0
Rv2597	621	0	0.0
Rv2598	495	0	0.0
Rv2599	432	0	0.0
Rv2600	402	0	0.0
Rv2601	1572	0	0.0
Rv2601A	288	0	0.0
Rv2602	441	0	0.0
Rv2603c	756	0	0.0
Rv2604c	597	0	0.0
Rv2605c	846	0	0.0
Rv2606c	900	0	0.0
Rv2607	675	0	0.0
Rv2608	1743	1743	100.0
Rv2609c	1056	0	0.0
Rv2610c	1137	0	0.0
Rv2611c	951	0	0.0
Rv2612c	654	0	0.0
Rv2613c	588	0	0.0
Rv2614c	2079	0	0.0
Rv2614A	228	4	1.7543859649122806
Rv2615c	1386	1386	100.0
Rv2616	501	0	0.0
Rv2617c	441	0	0.0
Rv2618	678	0	0.0
Rv2619c	354	0	0.0
Rv2620c	426	0	0.0
Rv2621c	675	0	0.0
Rv2622	822	0	0.0
Rv2623	894	0	0.0
Rv2624c	819	0	0.0
Rv2625c	1182	0	0.0
Rv2626c	432	0	0.0
Rv2627c	1242	0	0.0
Rv2628	363	0	0.0
Rv2629	1125	0	0.0
Rv2630	540	0	0.0
Rv2631	1299	0	0.0
Rv2632c	282	0	0.0
Rv2633c	486	0	0.0
Rv2634c	2337	2337	100.0
Rv2635	243	0	0.0
Rv2636	678	0	0.0
Rv2637	657	0	0.0
Rv2638	447	0	0.0
Rv2639c	333	0	0.0
Rv2640c	360	0	0.0
Rv2641	459	0	0.0
Rv2642	381	0	0.0
Rv2643	1497	0	0.0
Rv2644c	318	0	0.0
Rv2645	432	4	0.9259259259259258
Rv2646	999	999	100.0
Rv2647	465	0	0.0
Rv2650c	1440	1440	100.0
Rv2651c	534	534	100.0
Rv2652c	627	627	100.0
Rv2653c	324	324	100.0
Rv2654c	246	246	100.0
Rv2655c	1428	1428	100.0
Rv2656c	393	393	100.0
Rv2657c	261	261	100.0
Rv2658c	363	363	100.0
Rv2659c	1128	1128	100.0
Rv2660c	228	0	0.0
Rv2661c	390	0	0.0
Rv2662	273	0	0.0
Rv2663	234	0	0.0
Rv2664	255	0	0.0
Rv2665	282	0	0.0
Rv2667	759	0	0.0
Rv2668	522	0	0.0
Rv2669	471	0	0.0
Rv2670c	1110	0	0.0
Rv2671	777	0	0.0
Rv2672	1587	0	0.0
Rv2673	1302	0	0.0
Rv2674	411	0	0.0
Rv2675c	753	0	0.0
Rv2676c	696	0	0.0
Rv2677c	1359	0	0.0
Rv2678c	1074	0	0.0
Rv2679	831	0	0.0
Rv2680	633	51	8.056872037914692
Rv2681	1317	0	0.0
Rv2682c	1917	0	0.0
Rv2683	498	0	0.0
Rv2684	1290	0	0.0
Rv2685	1287	0	0.0
Rv2686c	759	0	0.0
Rv2687c	714	0	0.0
Rv2688c	906	0	0.0
Rv2689c	1218	0	0.0
Rv2690c	1974	0	0.0
Rv2691	684	0	0.0
Rv2692	663	0	0.0
Rv2693c	672	0	0.0
Rv2694c	369	0	0.0
Rv2695	708	0	0.0
Rv2696c	780	0	0.0
Rv2697c	465	5	1.0752688172043012
Rv2698	486	0	0.0
Rv2699c	303	0	0.0
Rv2700	651	0	0.0
Rv2701c	873	0	0.0
Rv2702	798	0	0.0
Rv2703	1587	0	0.0
Rv2704	429	0	0.0
Rv2705c	390	0	0.0
Rv2706c	258	0	0.0
Rv2707	975	0	0.0
Rv2708c	249	0	0.0
Rv2709	447	0	0.0
Rv2710	972	0	0.0
Rv2711	693	0	0.0
Rv2712c	1059	0	0.0
Rv2713	1407	0	0.0
Rv2714	975	0	0.0
Rv2715	1026	0	0.0
Rv2716	687	0	0.0
Rv2717c	495	0	0.0
Rv2718c	465	0	0.0
Rv2719c	498	0	0.0
Rv2720	711	0	0.0
Rv2721c	2100	0	0.0
Rv2722	249	0	0.0
Rv2723	1194	0	0.0
Rv2724c	1161	0	0.0
Rv2725c	1488	0	0.0
Rv2726c	870	0	0.0
Rv2727c	945	0	0.0
Rv2728c	696	0	0.0
Rv2729c	906	0	0.0
Rv2730	477	0	0.0
Rv2731	1353	0	0.0
Rv2732c	615	0	0.0
Rv2733c	1539	0	0.0
Rv2734	855	0	0.0
Rv2735c	993	0	0.0
Rv2736c	525	0	0.0
Rv2737c	2373	0	0.0
Rv2738c	207	0	0.0
Rv2739c	1167	0	0.0
Rv2740	450	0	0.0
Rv2741	1578	1578	100.0
Rv2742c	834	0	0.0
Rv2743c	813	0	0.0
Rv2744c	813	0	0.0
Rv2745c	339	0	0.0
Rv2746c	630	0	0.0
Rv2747	525	0	0.0
Rv2748c	2652	0	0.0
Rv2749	315	0	0.0
Rv2750	819	0	0.0
Rv2751	891	0	0.0
Rv2752c	1677	0	0.0
Rv2753c	903	0	0.0
Rv2754c	753	0	0.0
Rv2756c	1623	0	0.0
Rv2757c	417	0	0.0
Rv2758c	267	0	0.0
Rv2759c	396	0	0.0
Rv2760c	270	0	0.0
Rv2761c	1095	0	0.0
Rv2762c	420	2	0.4761904761904762
Rv2763c	480	0	0.0
Rv2764c	792	0	0.0
Rv2765	738	0	0.0
Rv2766c	783	0	0.0
Rv2767c	354	0	0.0
Rv2768c	1185	1185	100.0
Rv2769c	828	828	100.0
Rv2770c	1149	1149	100.0
Rv2771c	453	0	0.0
Rv2772c	474	0	0.0
Rv2773c	738	0	0.0
Rv2774c	405	0	0.0
Rv2775	462	0	0.0
Rv2776c	930	0	0.0
Rv2777c	1071	0	0.0
Rv2778c	471	0	0.0
Rv2779c	540	0	0.0
Rv2780	1116	0	0.0
Rv2781c	1035	0	0.0
Rv2782c	1317	0	0.0
Rv2783c	2259	0	0.0
Rv2784c	516	0	0.0
Rv2785c	270	0	0.0
Rv2786c	996	0	0.0
Rv2787	1764	0	0.0
Rv2788	687	0	0.0
Rv2789c	1233	0	0.0
Rv2790c	1206	0	0.0
Rv2791c	1380	1380	100.0
Rv2792c	582	1	0.1718213058419244
Rv2793c	897	0	0.0
Rv2794c	684	0	0.0
Rv2795c	975	0	0.0
Rv2796c	564	0	0.0
Rv2797c	1689	0	0.0
Rv2798c	327	0	0.0
Rv2799	630	0	0.0
Rv2800	1650	0	0.0
Rv2801c	357	0	0.0
Rv2801A	231	0	0.0
Rv2802c	1044	0	0.0
Rv2803	468	0	0.0
Rv2804c	630	0	0.0
Rv2805	405	0	0.0
Rv2806	192	0	0.0
Rv2807	1155	0	0.0
Rv2808	258	0	0.0
Rv2809	312	0	0.0
Rv2811	609	4	0.6568144499178982
Rv2812	1410	1410	100.0
Rv2813	813	4	0.4920049200492005
Rv2816c	342	0	0.0
Rv2817c	1017	0	0.0
Rv2818c	1149	0	0.0
Rv2819c	1128	0	0.0
Rv2820c	909	0	0.0
Rv2821c	711	0	0.0
Rv2822c	375	0	0.0
Rv2823c	2430	0	0.0
Rv2824c	945	0	0.0
Rv2825c	648	0	0.0
Rv2826c	885	0	0.0
Rv2827c	888	0	0.0
Rv2828c	546	0	0.0
Rv2828A	270	0	0.0
Rv2829c	393	0	0.0
Rv2830c	216	0	0.0
Rv2831	750	0	0.0
Rv2832c	1083	0	0.0
Rv2833c	1311	0	0.0
Rv2834c	828	0	0.0
Rv2835c	912	0	0.0
Rv2836c	1320	0	0.0
Rv2837c	1011	0	0.0
Rv2838c	552	0	0.0
Rv2839c	2703	0	0.0
Rv2840c	300	0	0.0
Rv2841c	1044	0	0.0
Rv2842c	552	0	0.0
Rv2843	546	0	0.0
Rv2844	489	0	0.0
Rv2845c	1749	0	0.0
Rv2846c	1593	0	0.0
Rv2847c	1218	0	0.0
Rv2848c	1374	0	0.0
Rv2849c	624	0	0.0
Rv2850c	1890	0	0.0
Rv2851c	471	0	0.0
Rv2852c	1482	4	0.2699055330634278
Rv2853	1848	1848	100.0
Rv2854	1041	0	0.0
Rv2855	1380	0	0.0
Rv2856	1119	0	0.0
Rv2857c	777	0	0.0
Rv2858c	1368	0	0.0
Rv2859c	927	143	15.426105717367852
Rv2860c	1374	0	0.0
Rv2861c	858	0	0.0
Rv2862c	585	0	0.0
Rv2862A	249	0	0.0
Rv2863	381	0	0.0
Rv2864c	1812	0	0.0
Rv2865	282	0	0.0
Rv2866	264	0	0.0
Rv2867c	855	0	0.0
Rv2868c	1164	0	0.0
Rv2869c	1215	0	0.0
Rv2870c	1242	43	3.462157809983897
Rv2871	258	0	0.0
Rv2872	444	0	0.0
Rv2873	663	0	0.0
Rv2874	2088	0	0.0
Rv2875	582	0	0.0
Rv2876	315	0	0.0
Rv2877c	864	0	0.0
Rv2878c	522	0	0.0
Rv2881c	921	0	0.0
Rv2882c	558	0	0.0
Rv2883c	786	0	0.0
Rv2884	759	0	0.0
Rv2885c	1383	1383	100.0
Rv2886c	888	4	0.45045045045045046
Rv2887	420	0	0.0
Rv2888c	1422	0	0.0
Rv2889c	816	0	0.0
Rv2890c	864	0	0.0
Rv2891	750	222	29.599999999999998
Rv2892c	1227	1227	100.0
Rv2893	978	0	0.0
Rv2894c	897	0	0.0
Rv2895c	852	0	0.0
Rv2896c	1170	0	0.0
Rv2897c	1512	0	0.0
Rv2898c	387	0	0.0
Rv2899c	831	0	0.0
Rv2900c	2340	0	0.0
Rv2901c	306	0	0.0
Rv2902c	795	0	0.0
Rv2903c	885	0	0.0
Rv2904c	342	0	0.0
Rv2905	945	0	0.0
Rv2906c	693	0	0.0
Rv2907c	531	0	0.0
Rv2908c	243	0	0.0
Rv2909c	489	0	0.0
Rv2910c	444	0	0.0
Rv2911	876	0	0.0
Rv2912c	588	0	0.0
Rv2913c	1836	0	0.0
Rv2914c	1758	0	0.0
Rv2915c	1113	0	0.0
Rv2916c	1578	0	0.0
Rv2917	1881	0	0.0
Rv2918c	2427	0	0.0
Rv2919c	339	0	0.0
Rv2920c	1434	0	0.0
Rv2921c	1269	0	0.0
Rv2922c	3618	0	0.0
Rv2922A	282	0	0.0
Rv2923c	414	0	0.0
Rv2924c	870	0	0.0
Rv2925c	723	0	0.0
Rv2926c	624	0	0.0
Rv2927c	738	0	0.0
Rv2928	786	0	0.0
Rv2929	312	0	0.0
Rv2930	1752	0	0.0
Rv2931	5631	0	0.0
Rv2932	4617	0	0.0
Rv2933	6567	0	0.0
Rv2934	5484	0	0.0
Rv2935	4467	0	0.0
Rv2936	996	0	0.0
Rv2937	870	0	0.0
Rv2938	831	0	0.0
Rv2939	1269	0	0.0
Rv2940c	6336	0	0.0
Rv2941	1743	0	0.0
Rv2942	2763	0	0.0
Rv2943	1242	1242	100.0
Rv2943A	531	531	100.0
Rv2944	717	717	100.0
Rv2945c	702	0	0.0
Rv2946c	4851	0	0.0
Rv2947c	1491	0	0.0
Rv2948c	2118	0	0.0
Rv2949c	600	0	0.0
Rv2950c	1860	0	0.0
Rv2951c	1146	0	0.0
Rv2952	813	0	0.0
Rv2953	1257	0	0.0
Rv2954c	726	0	0.0
Rv2955c	966	0	0.0
Rv2956	732	0	0.0
Rv2957	828	0	0.0
Rv2958c	1287	0	0.0
Rv2959c	738	0	0.0
Rv2960c	249	0	0.0
Rv2961	390	390	100.0
Rv2962c	1350	0	0.0
Rv2963	1221	0	0.0
Rv2964	933	0	0.0
Rv2965c	486	0	0.0
Rv2966c	567	0	0.0
Rv2967c	3384	4	0.1182033096926714
Rv2968c	633	0	0.0
Rv2969c	768	0	0.0
Rv2970c	1131	0	0.0
Rv2970A	171	0	0.0
Rv2971	849	0	0.0
Rv2972c	714	0	0.0
Rv2973c	2214	0	0.0
Rv2974c	1413	0	0.0
Rv2975c	255	0	0.0
Rv2975a	195	0	0.0
Rv2976c	684	0	0.0
Rv2977c	1002	10	0.998003992015968
Rv2978c	1380	1380	100.0
Rv2979c	585	1	0.17094017094017094
Rv2980	546	0	0.0
Rv2981c	1122	0	0.0
Rv2982c	1005	0	0.0
Rv2983	645	0	0.0
Rv2984	2229	0	0.0
Rv2985	954	0	0.0
Rv2986c	645	0	0.0
Rv2987c	597	0	0.0
Rv2988c	1422	0	0.0
Rv2989	702	0	0.0
Rv2990c	861	0	0.0
Rv2991	492	0	0.0
Rv2992c	1473	0	0.0
Rv2993c	720	0	0.0
Rv2994	1338	0	0.0
Rv2995c	1011	0	0.0
Rv2996c	1587	0	0.0
Rv2997	1443	0	0.0
Rv2998	462	0	0.0
Rv2999	966	0	0.0
Rv3000	660	0	0.0
Rv3001c	1002	0	0.0
Rv3002c	507	0	0.0
Rv3003c	1857	0	0.0
Rv3004	339	0	0.0
Rv3005c	840	0	0.0
Rv3006	1122	0	0.0
Rv3007c	615	0	0.0
Rv3008	624	0	0.0
Rv3009c	1530	0	0.0
Rv3010c	1032	0	0.0
Rv3011c	1485	0	0.0
Rv3012c	300	0	0.0
Rv3013	657	0	0.0
Rv3014c	2076	0	0.0
Rv3015c	1014	0	0.0
Rv3016	630	0	0.0
Rv3017c	363	0	0.0
Rv3018c	1305	1305	100.0
Rv3019c	291	0	0.0
Rv3020c	294	0	0.0
Rv3022A	315	315	100.0
Rv3023c	1248	1248	100.0
Rv3024c	1104	0	0.0
Rv3025c	1182	0	0.0
Rv3026c	915	0	0.0
Rv3027c	846	0	0.0
Rv3028c	957	0	0.0
Rv3029c	801	0	0.0
Rv3030	825	0	0.0
Rv3031	1581	0	0.0
Rv3032	1245	0	0.0
Rv3032A	390	0	0.0
Rv3033	549	0	0.0
Rv3034c	903	0	0.0
Rv3035	1083	0	0.0
Rv3036c	684	0	0.0
Rv3037c	1077	0	0.0
Rv3038c	984	0	0.0
Rv3039c	765	0	0.0
Rv3040c	867	0	0.0
Rv3041c	864	0	0.0
Rv3042c	1230	0	0.0
Rv3043c	1722	0	0.0
Rv3044	1080	0	0.0
Rv3045	1041	0	0.0
Rv3046c	375	0	0.0
Rv3047c	285	0	0.0
Rv3048c	975	0	0.0
Rv3049c	1575	0	0.0
Rv3050c	741	0	0.0
Rv3051c	2082	0	0.0
Rv3052c	453	0	0.0
Rv3053c	240	0	0.0
Rv3054c	555	0	0.0
Rv3055	615	0	0.0
Rv3056	1041	0	0.0
Rv3057c	864	0	0.0
Rv3058c	651	0	0.0
Rv3059	1479	0	0.0
Rv3060c	1473	0	0.0
Rv3061c	2166	0	0.0
Rv3062	1524	0	0.0
Rv3063	2277	0	0.0
Rv3064c	426	0	0.0
Rv3065	324	0	0.0
Rv3066	609	0	0.0
Rv3067	411	0	0.0
Rv3068c	1644	0	0.0
Rv3069	399	0	0.0
Rv3070	381	0	0.0
Rv3071	1110	0	0.0
Rv3072c	525	0	0.0
Rv3073c	357	0	0.0
Rv3074	1275	0	0.0
Rv3075c	924	0	0.0
Rv3076	477	0	0.0
Rv3077	1812	0	0.0
Rv3078	402	0	0.0
Rv3079c	828	0	0.0
Rv3080c	3333	0	0.0
Rv3081	1239	0	0.0
Rv3082c	1023	0	0.0
Rv3083	1488	0	0.0
Rv3084	927	0	0.0
Rv3085	831	0	0.0
Rv3086	1107	0	0.0
Rv3087	1419	0	0.0
Rv3088	1425	0	0.0
Rv3089	1512	0	0.0
Rv3090	888	0	0.0
Rv3091	1692	0	0.0
Rv3092c	921	0	0.0
Rv3093c	1005	0	0.0
Rv3094c	1131	0	0.0
Rv3095	477	0	0.0
Rv3096	1140	0	0.0
Rv3097c	1314	1314	100.0
Rv3098c	453	0	0.0
Rv3098A	321	0	0.0
Rv3099c	852	0	0.0
Rv3100c	483	0	0.0
Rv3101c	894	0	0.0
Rv3102c	690	0	0.0
Rv3103c	438	0	0.0
Rv3104c	927	0	0.0
Rv3105c	1137	0	0.0
Rv3106	1371	0	0.0
Rv3107c	1584	0	0.0
Rv3108	441	0	0.0
Rv3109	1080	0	0.0
Rv3110	396	0	0.0
Rv3111	513	0	0.0
Rv3112	252	0	0.0
Rv3113	669	0	0.0
Rv3114	531	0	0.0
Rv3115	1248	1248	100.0
Rv3116	1170	0	0.0
Rv3117	834	0	0.0
Rv3118	303	0	0.0
Rv3119	444	0	0.0
Rv3120	603	0	0.0
Rv3121	1203	0	0.0
Rv3122	471	0	0.0
Rv3123	495	0	0.0
Rv3124	870	0	0.0
Rv3125c	1176	1176	100.0
Rv3126c	315	0	0.0
Rv3127	1035	0	0.0
Rv3130c	1392	0	0.0
Rv3131	999	0	0.0
Rv3132c	1737	0	0.0
Rv3133c	654	0	0.0
Rv3134c	807	0	0.0
Rv3135	399	399	100.0
Rv3136	1143	1143	100.0
Rv3136A	333	0	0.0
Rv3137	783	0	0.0
Rv3138	1089	0	0.0
Rv3139	1407	0	0.0
Rv3140	1206	0	0.0
Rv3141	972	0	0.0
Rv3142c	429	0	0.0
Rv3143	402	0	0.0
Rv3144c	1230	1230	100.0
Rv3145	387	0	0.0
Rv3146	555	0	0.0
Rv3147	711	0	0.0
Rv3148	1323	0	0.0
Rv3149	759	0	0.0
Rv3150	1338	0	0.0
Rv3151	2421	0	0.0
Rv3152	1233	0	0.0
Rv3153	636	0	0.0
Rv3154	789	0	0.0
Rv3155	300	0	0.0
Rv3156	1902	0	0.0
Rv3157	1662	0	0.0
Rv3158	1596	0	0.0
Rv3159c	1773	1773	100.0
Rv3160c	642	0	0.0
Rv3161c	1149	0	0.0
Rv3162c	438	0	0.0
Rv3163c	1272	0	0.0
Rv3164c	963	0	0.0
Rv3165c	483	0	0.0
Rv3166c	960	0	0.0
Rv3167c	627	0	0.0
Rv3168	1137	0	0.0
Rv3169	1125	0	0.0
Rv3170	1347	0	0.0
Rv3171c	900	0	0.0
Rv3172c	483	0	0.0
Rv3173c	603	0	0.0
Rv3174	708	0	0.0
Rv3175	1488	0	0.0
Rv3176c	957	0	0.0
Rv3177	861	0	0.0
Rv3178	360	0	0.0
Rv3178a	294	0	0.0
Rv3179	1290	0	0.0
Rv3180c	435	0	0.0
Rv3181c	453	0	0.0
Rv3182	345	0	0.0
Rv3183	330	0	0.0
Rv3188	348	0	0.0
Rv3189	621	0	0.0
Rv3190c	1266	0	0.0
Rv3190A	210	0	0.0
Rv3191c	1035	1035	100.0
Rv3192	462	0	0.0
Rv3193c	2979	0	0.0
Rv3194c	1023	0	0.0
Rv3195	1419	0	0.0
Rv3196	900	0	0.0
Rv3196A	201	0	0.0
Rv3197	1344	0	0.0
Rv3197A	279	0	0.0
Rv3198c	2103	0	0.0
Rv3198A	255	0	0.0
Rv3199c	942	0	0.0
Rv3200c	1068	0	0.0
Rv3201c	3306	0	0.0
Rv3202c	3168	0	0.0
Rv3202a	210	0	0.0
Rv3203	675	0	0.0
Rv3204	306	0	0.0
Rv3205c	879	0	0.0
Rv3206c	1179	0	0.0
Rv3207c	858	0	0.0
Rv3208	687	0	0.0
Rv3208A	273	0	0.0
Rv3209	561	0	0.0
Rv3210c	696	0	0.0
Rv3211	1584	0	0.0
Rv3212	1224	0	0.0
Rv3213c	801	0	0.0
Rv3214	612	0	0.0
Rv3215	1119	0	0.0
Rv3217c	432	0	0.0
Rv3218	966	0	0.0
Rv3219	255	0	0.0
Rv3220c	1506	0	0.0
Rv3221c	216	0	0.0
Rv3221A	306	0	0.0
Rv3222c	552	0	0.0
Rv3223c	651	0	0.0
Rv3224	849	0	0.0
Rv3225c	1425	0	0.0
Rv3226c	759	0	0.0
Rv3227	1353	0	0.0
Rv3228	993	0	0.0
Rv3229c	1284	0	0.0
Rv3230c	1143	0	0.0
Rv3231c	510	0	0.0
Rv3232c	888	0	0.0
Rv3234c	816	0	0.0
Rv3235	642	0	0.0
Rv3236c	1158	0	0.0
Rv3237c	483	0	0.0
Rv3238c	735	0	0.0
Rv3239c	3147	0	0.0
Rv3240c	2850	0	0.0
Rv3241c	645	0	0.0
Rv3242c	642	0	0.0
Rv3243c	843	0	0.0
Rv3244c	1752	0	0.0
Rv3245c	1704	0	0.0
Rv3246c	687	4	0.5822416302765648
Rv3247c	645	0	0.0
Rv3248c	1488	0	0.0
Rv3249c	636	0	0.0
Rv3250c	183	0	0.0
Rv3251c	168	0	0.0
Rv3252c	1251	0	0.0
Rv3253c	1488	0	0.0
Rv3254	1389	0	0.0
Rv3255c	1227	0	0.0
Rv3256c	1041	0	0.0
Rv3257c	1398	0	0.0
Rv3258c	492	0	0.0
Rv3259	420	0	0.0
Rv3260c	270	0	0.0
Rv3261	996	0	0.0
Rv3262	1347	0	0.0
Rv3263	1662	0	0.0
Rv3264c	1080	0	0.0
Rv3265c	906	0	0.0
Rv3266c	915	0	0.0
Rv3267	1497	0	0.0
Rv3268	690	0	0.0
Rv3269	282	0	0.0
Rv3270	2157	0	0.0
Rv3271c	669	0	0.0
Rv3272	1185	0	0.0
Rv3273	2295	0	0.0
Rv3274c	1170	0	0.0
Rv3275c	525	0	0.0
Rv3276c	1290	58	4.496124031007752
Rv3277	819	0	0.0
Rv3278c	519	0	0.0
Rv3279c	801	0	0.0
Rv3280	1647	0	0.0
Rv3281	534	0	0.0
Rv3282	669	0	0.0
Rv3283	894	0	0.0
Rv3284	432	0	0.0
Rv3285	1803	0	0.0
Rv3286c	786	0	0.0
Rv3287c	438	0	0.0
Rv3288c	414	0	0.0
Rv3289c	378	0	0.0
Rv3290c	1350	0	0.0
Rv3291c	453	0	0.0
Rv3292	1248	0	0.0
Rv3293	1485	0	0.0
Rv3294c	810	0	0.0
Rv3295	666	0	0.0
Rv3296	4542	0	0.0
Rv3297	768	0	0.0
Rv3298c	915	0	0.0
Rv3299c	2913	0	0.0
Rv3300c	918	0	0.0
Rv3301c	666	0	0.0
Rv3302c	1758	0	0.0
Rv3303c	1482	0	0.0
Rv3304	480	0	0.0
Rv3305c	1170	0	0.0
Rv3306c	1185	0	0.0
Rv3307	807	0	0.0
Rv3308	1605	0	0.0
Rv3309c	624	0	0.0
Rv3310	900	0	0.0
Rv3311	1263	0	0.0
Rv3312c	927	0	0.0
Rv3312b	171	0	0.0
Rv3312A	312	0	0.0
Rv3313c	1098	0	0.0
Rv3314c	1284	0	0.0
Rv3315c	402	0	0.0
Rv3316	339	0	0.0
Rv3317	435	0	0.0
Rv3318	1773	5	0.2820078962210942
Rv3319	792	0	0.0
Rv3320c	429	0	0.0
Rv3321c	243	0	0.0
Rv3322c	615	0	0.0
Rv3323c	666	0	0.0
Rv3324c	534	0	0.0
Rv3327	1713	1713	100.0
Rv3328c	939	68	7.24174653887114
Rv3329	1317	0	0.0
Rv3330	1218	0	0.0
Rv3331	1509	0	0.0
Rv3332	1152	0	0.0
Rv3333c	846	0	0.0
Rv3334	441	0	0.0
Rv3335c	870	0	0.0
Rv3336c	1011	0	0.0
Rv3339c	1230	0	0.0
Rv3340	1350	0	0.0
Rv3341	1140	0	0.0
Rv3342	732	0	0.0
Rv3343c	7572	7572	100.0
Rv3344c	1017	1017	100.0
Rv3345c	4617	4617	100.0
Rv3346c	258	258	100.0
Rv3347c	9474	9474	100.0
Rv3348	492	492	100.0
Rv3349c	945	945	100.0
Rv3350c	11151	11151	100.0
Rv3351c	795	0	0.0
Rv3352c	372	0	0.0
Rv3353c	261	0	0.0
Rv3354	390	0	0.0
Rv3355c	294	261	88.77551020408163
Rv3356c	846	59	6.973995271867612
Rv3357	276	55	19.92753623188406
Rv3358	258	47	18.217054263565892
Rv3359	1191	0	0.0
Rv3360	369	0	0.0
Rv3361c	552	0	0.0
Rv3362c	582	0	0.0
Rv3363c	369	0	0.0
Rv3364c	393	0	0.0
Rv3365c	2631	0	0.0
Rv3366	465	0	0.0
Rv3367	1767	1767	100.0
Rv3368c	645	0	0.0
Rv3369	435	0	0.0
Rv3370c	3240	0	0.0
Rv3371	1341	0	0.0
Rv3372	1176	0	0.0
Rv3373	642	0	0.0
Rv3375	1428	0	0.0
Rv3376	654	0	0.0
Rv3377c	1506	0	0.0
Rv3378c	891	0	0.0
Rv3379c	1611	0	0.0
Rv3382c	990	0	0.0
Rv3383c	1053	0	0.0
Rv3384c	393	0	0.0
Rv3385c	309	0	0.0
Rv3386	705	705	100.0
Rv3387	678	678	100.0
Rv3388	2196	2196	100.0
Rv3389c	873	0	0.0
Rv3390	711	0	0.0
Rv3391	1953	0	0.0
Rv3392c	864	0	0.0
Rv3393	927	0	0.0
Rv3394c	1584	0	0.0
Rv3395c	615	0	0.0
Rv3395A	627	0	0.0
Rv3396c	1578	0	0.0
Rv3397c	909	0	0.0
Rv3398c	1080	0	0.0
Rv3399	1047	0	0.0
Rv3400	789	0	0.0
Rv3401	2361	0	0.0
Rv3402c	1239	0	0.0
Rv3403c	1602	0	0.0
Rv3404c	705	0	0.0
Rv3405c	567	0	0.0
Rv3406	888	0	0.0
Rv3407	300	0	0.0
Rv3408	411	0	0.0
Rv3409c	1737	0	0.0
Rv3410c	1128	0	0.0
Rv3411c	1590	0	0.0
Rv3412	411	0	0.0
Rv3413c	900	0	0.0
Rv3414c	639	0	0.0
Rv3415c	828	0	0.0
Rv3416	309	0	0.0
Rv3417c	1620	0	0.0
Rv3418c	303	0	0.0
Rv3419c	1035	0	0.0
Rv3420c	477	0	0.0
Rv3421c	636	0	0.0
Rv3422c	507	0	0.0
Rv3423c	1227	0	0.0
Rv3424c	363	0	0.0
Rv3425	531	531	100.0
Rv3426	699	699	100.0
Rv3427c	756	756	100.0
Rv3428c	1233	1233	100.0
Rv3429	537	537	100.0
Rv3430c	1164	1164	100.0
Rv3430a	156	0	0.0
Rv3432c	1383	0	0.0
Rv3433c	1422	0	0.0
Rv3434c	714	0	0.0
Rv3435c	855	0	0.0
Rv3436c	1875	0	0.0
Rv3437	477	0	0.0
Rv3438	843	0	0.0
Rv3439c	1404	0	0.0
Rv3440c	312	0	0.0
Rv3441c	1347	0	0.0
Rv3442c	456	0	0.0
Rv3443c	444	0	0.0
Rv3444c	303	0	0.0
Rv3445c	318	0	0.0
Rv3446c	1215	0	0.0
Rv3447c	3711	0	0.0
Rv3448	1404	0	0.0
Rv3449	1368	0	0.0
Rv3450c	1413	0	0.0
Rv3451	789	0	0.0
Rv3452	681	0	0.0
Rv3455c	771	0	0.0
Rv3456c	543	0	0.0
Rv3457c	1044	0	0.0
Rv3458c	606	0	0.0
Rv3459c	420	0	0.0
Rv3460c	375	0	0.0
Rv3461c	114	0	0.0
Rv3462c	222	0	0.0
Rv3463	858	0	0.0
Rv3464	996	0	0.0
Rv3465	609	0	0.0
Rv3466	669	644	96.26307922272048
Rv3467	954	954	100.0
Rv3468c	1095	0	0.0
Rv3469c	1011	0	0.0
Rv3470c	1659	0	0.0
Rv3471c	534	0	0.0
Rv3472	507	0	0.0
Rv3473c	786	0	0.0
Rv3477	297	297	100.0
Rv3478	1182	1182	100.0
Rv3479	3066	0	0.0
Rv3480c	1494	0	0.0
Rv3481c	690	0	0.0
Rv3482c	783	0	0.0
Rv3483c	663	0	0.0
Rv3484	1539	0	0.0
Rv3485c	945	0	0.0
Rv3486	450	0	0.0
Rv3487c	834	0	0.0
Rv3488	324	0	0.0
Rv3489	165	0	0.0
Rv3490	1503	0	0.0
Rv3491	579	0	0.0
Rv3492c	483	0	0.0
Rv3493c	729	0	0.0
Rv3494c	1695	0	0.0
Rv3495c	1155	0	0.0
Rv3496c	1356	0	0.0
Rv3497c	1074	0	0.0
Rv3498c	1053	0	0.0
Rv3499c	1203	0	0.0
Rv3500c	843	0	0.0
Rv3501c	765	0	0.0
Rv3502c	954	0	0.0
Rv3503c	192	0	0.0
Rv3504	1203	0	0.0
Rv3505	1122	0	0.0
Rv3506	1509	0	0.0
Rv3507	4146	4146	100.0
Rv3508	5706	5706	100.0
Rv3509c	1548	0	0.0
Rv3510c	837	0	0.0
Rv3511	2145	2145	100.0
Rv3512	1152	1152	100.0
Rv3513c	657	500	76.10350076103501
Rv3514	4470	4470	100.0
Rv3515c	1647	500	30.35822707953855
Rv3516	792	0	0.0
Rv3517	840	0	0.0
Rv3518c	1197	0	0.0
Rv3519	711	0	0.0
Rv3520c	1044	0	0.0
Rv3521	912	0	0.0
Rv3522	1065	0	0.0
Rv3523	1185	0	0.0
Rv3524	1032	0	0.0
Rv3525c	525	0	0.0
Rv3526	1161	0	0.0
Rv3527	450	0	0.0
Rv3528c	714	0	0.0
Rv3529c	1155	0	0.0
Rv3530c	783	0	0.0
Rv3531c	1128	0	0.0
Rv3532	1221	1221	100.0
Rv3533c	1749	1749	100.0
Rv3534c	1041	0	0.0
Rv3535c	912	0	0.0
Rv3536c	786	0	0.0
Rv3537	1692	0	0.0
Rv3538	861	0	0.0
Rv3539	1440	1440	100.0
Rv3540c	1161	0	0.0
Rv3541c	390	0	0.0
Rv3542c	936	0	0.0
Rv3543c	1164	0	0.0
Rv3544c	1020	0	0.0
Rv3545c	1302	0	0.0
Rv3546	1176	0	0.0
Rv3547	456	0	0.0
Rv3548c	915	0	0.0
Rv3549c	780	0	0.0
Rv3550	744	0	0.0
Rv3551	879	0	0.0
Rv3552	753	0	0.0
Rv3553	1068	5	0.46816479400749067
Rv3554	2058	0	0.0
Rv3555c	870	0	0.0
Rv3556c	1161	0	0.0
Rv3557c	603	0	0.0
Rv3558	1659	1659	100.0
Rv3559c	789	0	0.0
Rv3560c	1158	0	0.0
Rv3561	1524	0	0.0
Rv3562	1134	0	0.0
Rv3563	960	0	0.0
Rv3564	957	0	0.0
Rv3565	1167	0	0.0
Rv3566c	852	0	0.0
Rv3566A	267	0	0.0
Rv3567c	564	0	0.0
Rv3568c	903	0	0.0
Rv3569c	876	0	0.0
Rv3570c	1185	0	0.0
Rv3571	1077	0	0.0
Rv3572	531	0	0.0
Rv3573c	2136	0	0.0
Rv3574	600	0	0.0
Rv3575c	1080	0	0.0
Rv3576	714	0	0.0
Rv3577	867	0	0.0
Rv3578	1242	0	0.0
Rv3579c	969	0	0.0
Rv3580c	1410	0	0.0
Rv3581c	480	0	0.0
Rv3582c	696	0	0.0
Rv3583c	489	0	0.0
Rv3584	549	0	0.0
Rv3585	1443	0	0.0
Rv3586	1077	0	0.0
Rv3587c	795	0	0.0
Rv3588c	624	0	0.0
Rv3589	915	4	0.4371584699453552
Rv3590c	1755	1755	100.0
Rv3591c	774	0	0.0
Rv3592	318	0	0.0
Rv3593	1359	0	0.0
Rv3594	828	0	0.0
Rv3595c	1320	1320	100.0
Rv3596c	2547	0	0.0
Rv3597c	339	0	0.0
Rv3598c	1518	0	0.0
Rv3600c	819	0	0.0
Rv3601c	420	0	0.0
Rv3602c	930	0	0.0
Rv3603c	912	0	0.0
Rv3604c	1194	0	0.0
Rv3605c	477	0	0.0
Rv3606c	567	0	0.0
Rv3607c	402	0	0.0
Rv3608c	843	0	0.0
Rv3609c	609	0	0.0
Rv3610c	2283	0	0.0
Rv3612c	330	32	9.696969696969697
Rv3613c	162	0	0.0
Rv3614c	555	0	0.0
Rv3615c	312	0	0.0
Rv3616c	1179	0	0.0
Rv3617	969	0	0.0
Rv3618	1188	0	0.0
Rv3619c	285	0	0.0
Rv3620c	297	0	0.0
Rv3621c	1242	1242	100.0
Rv3622c	300	300	100.0
Rv3623	723	0	0.0
Rv3624c	651	0	0.0
Rv3625c	972	0	0.0
Rv3626c	1053	0	0.0
Rv3627c	1386	0	0.0
Rv3628	489	0	0.0
Rv3629c	1098	0	0.0
Rv3630	1296	0	0.0
Rv3631	726	0	0.0
Rv3632	345	0	0.0
Rv3633	876	0	0.0
Rv3634c	945	0	0.0
Rv3635	1776	0	0.0
Rv3638	747	747	100.0
Rv3639c	567	0	0.0
Rv3640c	1230	1230	100.0
Rv3641c	636	0	0.0
Rv3642c	195	0	0.0
Rv3643	192	0	0.0
Rv3644c	1206	0	0.0
Rv3645	1650	0	0.0
Rv3646c	2805	0	0.0
Rv3647c	579	0	0.0
Rv3648c	204	0	0.0
Rv3649	2316	0	0.0
Rv3650	285	285	100.0
Rv3651	1038	0	0.0
Rv3652	315	315	100.0
Rv3653	588	588	100.0
Rv3654c	324	0	0.0
Rv3655c	378	0	0.0
Rv3656c	207	0	0.0
Rv3657c	576	0	0.0
Rv3658c	801	0	0.0
Rv3659c	1059	0	0.0
Rv3660c	1053	0	0.0
Rv3661	864	0	0.0
Rv3662c	771	0	0.0
Rv3663c	1647	0	0.0
Rv3664c	801	0	0.0
Rv3665c	927	0	0.0
Rv3666c	1626	0	0.0
Rv3667	1956	0	0.0
Rv3668c	699	0	0.0
Rv3669	519	0	0.0
Rv3670	984	0	0.0
Rv3671c	1194	0	0.0
Rv3672c	822	0	0.0
Rv3673c	684	0	0.0
Rv3674c	738	0	0.0
Rv3675	378	0	0.0
Rv3676	675	0	0.0
Rv3677c	795	0	0.0
Rv3678c	456	0	0.0
Rv3678A	162	0	0.0
Rv3679	1023	0	0.0
Rv3680	1161	0	0.0
Rv3681c	357	0	0.0
Rv3682	2433	0	0.0
Rv3683	960	0	0.0
Rv3684	1041	0	0.0
Rv3685c	1431	0	0.0
Rv3686c	333	0	0.0
Rv3687c	369	0	0.0
Rv3688c	465	0	0.0
Rv3689	1356	0	0.0
Rv3690	654	0	0.0
Rv3691	1002	0	0.0
Rv3692	1077	0	0.0
Rv3693	1323	0	0.0
Rv3694c	993	0	0.0
Rv3695	933	0	0.0
Rv3696c	1554	0	0.0
Rv3697c	438	0	0.0
Rv3697A	225	0	0.0
Rv3698	1530	0	0.0
Rv3699	702	0	0.0
Rv3700c	1173	0	0.0
Rv3701c	966	0	0.0
Rv3702c	702	0	0.0
Rv3703c	1278	0	0.0
Rv3704c	1299	0	0.0
Rv3705c	645	0	0.0
Rv3705A	390	0	0.0
Rv3706c	321	0	0.0
Rv3707c	1011	0	0.0
Rv3708c	1038	0	0.0
Rv3709c	1266	0	0.0
Rv3710	1935	0	0.0
Rv3711c	990	0	0.0
Rv3712	1242	0	0.0
Rv3713	696	0	0.0
Rv3714c	891	0	0.0
Rv3715c	612	0	0.0
Rv3716c	402	0	0.0
Rv3717	726	0	0.0
Rv3718c	444	0	0.0
Rv3719	1413	0	0.0
Rv3720	1263	0	0.0
Rv3721c	1737	0	0.0
Rv3722c	1308	0	0.0
Rv3723	765	0	0.0
Rv3725	930	0	0.0
Rv3726	1194	0	0.0
Rv3727	1809	0	0.0
Rv3728	3198	0	0.0
Rv3729	2331	0	0.0
Rv3730c	1041	0	0.0
Rv3731	1077	0	0.0
Rv3732	1059	0	0.0
Rv3733c	501	0	0.0
Rv3734c	1365	0	0.0
Rv3735	489	0	0.0
Rv3736	1062	0	0.0
Rv3737	1590	4	0.25157232704402516
Rv3738c	948	948	100.0
Rv3739c	234	234	100.0
Rv3740c	1347	0	0.0
Rv3741c	675	0	0.0
Rv3742c	396	0	0.0
Rv3743c	1983	0	0.0
Rv3744	363	0	0.0
Rv3745c	213	0	0.0
Rv3746c	336	336	100.0
Rv3747	384	0	0.0
Rv3748	360	0	0.0
Rv3749c	510	0	0.0
Rv3750c	393	0	0.0
Rv3752c	459	0	0.0
Rv3753c	501	0	0.0
Rv3754	906	0	0.0
Rv3755c	600	0	0.0
Rv3756c	720	0	0.0
Rv3757c	690	0	0.0
Rv3758c	1131	0	0.0
Rv3759c	948	0	0.0
Rv3760	303	0	0.0
Rv3761c	1056	0	0.0
Rv3762c	1881	0	0.0
Rv3763	480	0	0.0
Rv3764c	1428	0	0.0
Rv3765c	705	0	0.0
Rv3766	690	0	0.0
Rv3767c	945	0	0.0
Rv3768	360	0	0.0
Rv3769	273	0	0.0
Rv3770c	576	0	0.0
Rv3771c	327	0	0.0
Rv3772	1062	0	0.0
Rv3773c	585	0	0.0
Rv3774	825	0	0.0
Rv3775	1248	0	0.0
Rv3776	1560	0	0.0
Rv3777	987	0	0.0
Rv3778c	1197	0	0.0
Rv3779	2001	0	0.0
Rv3780	537	0	0.0
Rv3781	822	0	0.0
Rv3782	915	0	0.0
Rv3783	843	0	0.0
Rv3784	981	0	0.0
Rv3785	1074	0	0.0
Rv3786c	1224	0	0.0
Rv3787c	927	0	0.0
Rv3788	486	0	0.0
Rv3789	366	0	0.0
Rv3790	1386	0	0.0
Rv3791	765	0	0.0
Rv3792	1932	0	0.0
Rv3793	3285	0	0.0
Rv3794	3285	0	0.0
Rv3795	3297	0	0.0
Rv3796	1128	0	0.0
Rv3797	1782	0	0.0
Rv3798	1335	1335	100.0
Rv3799c	1569	0	0.0
Rv3800c	5202	0	0.0
Rv3801c	1914	0	0.0
Rv3802c	1011	0	0.0
Rv3803c	900	0	0.0
Rv3804c	1017	0	0.0
Rv3805c	1884	0	0.0
Rv3806c	909	0	0.0
Rv3807c	498	0	0.0
Rv3808c	1914	0	0.0
Rv3809c	1200	0	0.0
Rv3810	855	0	0.0
Rv3811	1620	0	0.0
Rv3812	1515	1515	100.0
Rv3813c	822	0	0.0
Rv3814c	786	0	0.0
Rv3815c	756	0	0.0
Rv3816c	780	0	0.0
Rv3817	756	0	0.0
Rv3818	1551	0	0.0
Rv3819	336	0	0.0
Rv3820c	1407	0	0.0
Rv3821	714	0	0.0
Rv3822	1215	0	0.0
Rv3823c	3270	0	0.0
Rv3824c	1536	0	0.0
Rv3825c	6381	0	0.0
Rv3826	1755	4	0.2279202279202279
Rv3827c	1227	1227	100.0
Rv3828c	612	612	100.0
Rv3829c	1611	0	0.0
Rv3830c	630	0	0.0
Rv3831	483	0	0.0
Rv3832c	576	0	0.0
Rv3833	792	0	0.0
Rv3834c	1260	0	0.0
Rv3835	1350	0	0.0
Rv3836	414	0	0.0
Rv3837c	699	0	0.0
Rv3838c	966	0	0.0
Rv3839	777	0	0.0
Rv3840	414	0	0.0
Rv3841	546	0	0.0
Rv3842c	825	0	0.0
Rv3843c	1029	0	0.0
Rv3844	492	492	100.0
Rv3845	360	0	0.0
Rv3846	624	0	0.0
Rv3847	534	0	0.0
Rv3848	909	0	0.0
Rv3849	399	0	0.0
Rv3850	657	0	0.0
Rv3851	285	0	0.0
Rv3852	405	0	0.0
Rv3853	474	0	0.0
Rv3854c	1470	0	0.0
Rv3855	651	0	0.0
Rv3856c	1008	0	0.0
Rv3857c	198	0	0.0
Rv3858c	1467	0	0.0
Rv3859c	4584	0	0.0
Rv3860	1173	0	0.0
Rv3861	327	0	0.0
Rv3862c	351	0	0.0
Rv3863	1179	0	0.0
Rv3864	1209	0	0.0
Rv3865	312	0	0.0
Rv3866	852	0	0.0
Rv3867	552	0	0.0
Rv3868	1722	0	0.0
Rv3869	1443	0	0.0
Rv3870	2244	4	0.17825311942959002
Rv3871	1776	0	0.0
Rv3872	300	300	100.0
Rv3873	1107	1107	100.0
Rv3874	303	0	0.0
Rv3875	288	0	0.0
Rv3876	2001	153	7.646176911544228
Rv3877	1536	0	0.0
Rv3878	843	0	0.0
Rv3879c	2190	0	0.0
Rv3880c	348	0	0.0
Rv3881c	1383	0	0.0
Rv3882c	1389	0	0.0
Rv3883c	1341	0	0.0
Rv3884c	1860	0	0.0
Rv3885c	1614	0	0.0
Rv3886c	1653	0	0.0
Rv3887c	1530	0	0.0
Rv3888c	1026	0	0.0
Rv3889c	831	0	0.0
Rv3890c	288	0	0.0
Rv3891c	324	0	0.0
Rv3892c	1200	1200	100.0
Rv3893c	234	234	100.0
Rv3894c	4191	0	0.0
Rv3895c	1488	0	0.0
Rv3896c	909	0	0.0
Rv3897c	633	0	0.0
Rv3898c	333	0	0.0
Rv3899c	1233	0	0.0
Rv3900c	936	0	0.0
Rv3901c	450	0	0.0
Rv3902c	531	0	0.0
Rv3903c	2541	0	0.0
Rv3904c	273	0	0.0
Rv3905c	312	0	0.0
Rv3906c	510	0	0.0
Rv3907c	1443	0	0.0
Rv3908	747	0	0.0
Rv3909	2409	0	0.0
Rv3910	3555	0	0.0
Rv3911	669	0	0.0
Rv3912	765	0	0.0
Rv3913	1008	0	0.0
Rv3914	351	0	0.0
Rv3915	1221	0	0.0
Rv3916c	735	0	0.0
Rv3917c	1035	0	0.0
Rv3918c	1044	0	0.0
Rv3919c	675	0	0.0
Rv3920c	564	0	0.0
Rv3921c	1101	0	0.0
Rv3922c	363	0	0.0
Rv3923c	378	0	0.0
Rv3924c	144	0	0.0
