129
1903
2694
2855
3173
3275
4287
4370
4668
6205
7420
8631
9106
9326
9568
10329
10428
10981
11406
11627
12355
13274
13349
13590
14284
15099
15489
16521
16923
18084
19013
19889
22170
24431
25090
25218
25935
27050
27199
27467
28112
28718
31081
32193
32938
33324
33773
34405
34779
36725
36814
36883
37858
37866
37942
38238
39239
39756
39834
39959
40370
40420
40911
41189
41550
42007
42021
42048
42157
42314
43200
43867
44660
44662
44760
45346
45624
46828
46883
47453
47511
48670
49704
51051
51128
51226
53422
55446
55826
55922
57053
57064
57091
57237
57435
58182
58205
60176
60634
61789
62378
63204
63282
63586
64049
64795
65040
65201
65366
65382
66050
68044
68123
69098
69174
74041
74078
74720
74838
74856
75062
75542
76112
77171
77438
79202
80791
81562
83443
83508
83623
83880
83918
84599
86068
87268
87487
89372
89885
90366
91141
92806
93441
95098
95225
95326
96170
97143
97725
97950
98570
99055
99122
99958
101001
101531
101906
102551
102911
103706
104031
105730
105954
105972
106131
107224
108790
109482
109812
110194
110580
110902
111632
112321
114221
115512
116154
116556
117145
117847
118329
119658
120818
120862
122134
122367
122373
123018
123206
127233
127625
128449
129390
130154
130162
130408
130640
132192
132699
132979
133351
135191
137117
137130
138502
138507
139326
139746
140242
140386
140478
142339
142766
143514
143820
143900
143906
144102
144360
144398
145342
146380
148666
148913
149515
150593
151469
151594
153055
153127
153653
157241
157474
157871
158407
158985
158990
159016
159914
161059
161776
162186
162718
163786
163869
165064
165086
165895
166029
166544
166929
167519
167544
168152
168447
168617
168887
169401
169819
169950
170138
170147
171155
173507
173527
174684
175087
175838
176034
176336
176710
177004
178052
178062
178302
178623
178820
179029
179101
179256
179847
180040
182910
183697
183742
183819
184780
185675
186385
187285
187896
187928
187956
188483
188761
189069
189186
189548
189593
189640
189962
191023
193265
193628
194275
194496
194502
194552
194595
196596
196662
198983
199039
199665
200977
201226
201281
201445
201482
201590
202678
203314
203886
204564
205087
205407
205517
206251
208894
209634
210452
214593
215639
216119
216788
219481
219499
219857
220047
220232
221841
222719
222908
223198
223483
223581
225957
226442
226646
226750
227422
227980
230099
230241
230347
230799
231073
231161
231219
231776
232338
232506
232514
232768
233548
233680
234127
234142
234637
235385
235654
237365
237875
238300
238317
238422
239009
239414
240442
241961
242720
243078
246223
247897
248791
249586
250048
250095
251206
252492
252899
253710
256039
256195
257457
257883
258015
258217
259009
259076
260849
263333
263424
264154
264216
265044
265419
266158
266509
267197
267211
267397
267629
268153
268397
269594
269644
270491
272987
273602
273670
273842
274007
274235
274509
275989
276128
276280
276985
278354
278455
278616
279575
279702
281865
282511
283153
283358
283862
284212
284287
284475
284512
284793
286118
286259
286937
287783
288037
288805
289513
290378
291368
291416
291787
291791
292153
294046
294573
294761
295016
295464
295621
296177
296210
296695
297224
297236
297416
297938
298100
299179
300021
300385
300590
300771
301718
301878
302960
303040
303366
303440
304159
304418
306772
306807
308603
309126
310726
311224
311971
312203
312706
313062
313291
315111
316625
317314
317746
317747
317959
318247
318416
318918
319471
319853
319906
320926
324122
324550
324644
325242
326452
327361
327838
329291
330728
331163
331744
331827
331884
331935
332297
332347
332727
333365
333372
333941
335514
337374
338082
338185
338455
339850
340523
341604
341988
343223
343716
343814
343975
344213
344768
344775
345109
345179
345818
346187
346612
346967
349077
350003
351208
351219
352088
352968
353455
353537
353623
353711
353794
354440
354441
354963
355550
356608
356860
358652
358824
359701
359915
360458
361905
361918
363323
363382
364283
364885
367532
367966
368032
369789
370031
371493
371734
372288
373216
373977
374215
374598
374645
374958
375248
375445
375950
376058
376391
376557
377031
377492
377619
379113
379428
379848
380689
380869
381001
381068
381174
382229
383463
383921
384281
385243
385795
385956
388475
389143
389476
389771
390145
390395
390560
390971
391830
391851
393097
393371
393571
394690
395086
395216
395386
395414
396901
397558
399175
399404
400885
401050
401060
401566
401581
401652
401994
402459
402669
402972
403847
404285
404450
404658
404714
405074
406626
407701
407708
409208
409383
410052
411179
412017
413981
414472
415227
416031
416893
417486
417508
417668
418024
418027
418089
419437
420215
421087
421131
421765
421778
422537
422757
424632
424969
425625
425919
425958
427089
427278
427652
427713
427867
428140
428203
430001
430097
430422
430854
431521
431621
431894
432902
432932
433442
433749
433900
434103
434656
435038
435110
435155
435481
436694
438157
438669
438908
439269
440505
440777
441864
442455
442653
443336
444236
445512
445749
446105
446424
447281
447365
448491
448665
449460
450163
450179
450440
450726
451417
451679
451897
452181
453791
453862
453969
454992
455814
457685
457811
460401
460465
460686
462230
463005
463542
464244
465492
465656
467335
467738
468901
469123
469468
470984
471261
471557
471661
471763
472888
473371
473555
473589
473916
475171
475179
477889
477925
478867
480363
480762
481392
481750
482057
483231
485616
486235
486387
486879
487658
488311
489047
489646
489814
490090
490149
490370
491043
491091
492747
493212
493628
494406
494825
495944
496319
497660
497693
497830
498971
499585
501405
501520
501588
502457
502599
502640
503215
503567
503794
504351
504400
504574
504700
504919
505029
505080
505544
505925
506755
506972
507101
507688
508087
509213
510274
510610
511510
512458
512603
512795
512993
513120
513379
513614
513901
514536
514843
514945
516213
517083
518983
519326
519814
520247
520539
521166
521939
522063
523572
524184
524229
525413
525812
525896
526189
526733
526833
527046
528420
528974
529024
529712
530657
530803
531378
531439
532201
532776
532807
532822
533114
533316
533350
534573
534904
535188
537663
537691
537812
537819
542022
542103
543759
544028
545203
546067
546634
547684
547695
547986
548917
549634
550283
552012
552022
552225
552278
552521
552612
552921
553389
553428
553535
554454
554990
554996
555202
557270
557296
557614
557708
558445
558919
559357
559507
559547
560321
561409
562880
563057
564279
564481
564866
565017
565392
565495
565546
566257
566884
567076
567813
567948
568028
568331
568524
569917
571170
571274
571567
571688
571743
572878
573383
573396
573505
573650
573823
573993
574091
574595
575471
575496
575632
575635
576058
576168
576714
577106
577545
577546
577783
578055
578391
578785
579406
580162
580435
581338
582379
582388
583228
583751
584468
585075
585654
585805
585807
586523
587610
588051
588404
588478
589967
590843
591077
591181
591279
591555
592588
592777
593093
593111
593122
594941
595079
595239
596093
596111
596236
596367
596648
596896
596934
597645
598090
598229
598501
598954
599137
601159
601720
602427
602617
603641
605422
605939
606121
607242
607893
608604
608941
611043
611693
612255
612838
613571
614231
615158
615567
616695
616701
617070
617220
617294
617563
618223
619409
619557
619688
620316
621069
621760
621853
622182
623352
624296
625274
628088
631080
631646
632409
632486
632861
634239
635882
637123
638186
638603
640042
641277
641719
642094
643604
643644
643925
644320
645349
645699
646172
646247
646423
648083
648326
648999
649385
650930
651144
651409
653149
653951
654459
654643
655343
655946
656512
659730
660027
660063
660218
660252
662674
664240
664265
667046
667589
668155
668588
669027
670561
670865
671918
672106
673265
673359
673392
674667
674993
675662
676650
676783
677850
677932
678420
679158
679289
680097
680332
680429
680916
683894
684616
685525
685601
686115
686191
686292
687613
687855
688225
688240
688529
690206
691251
692188
693374
695974
696524
696755
696848
697339
697455
697942
698302
698910
699327
699617
699714
700430
700910
701949
702642
703181
703585
703965
705631
705986
706295
707566
707741
708357
709741
710046
710470
710514
710623
710798
711044
711483
711554
712280
713146
713278
713994
714020
714208
715034
715902
716541
718060
718585
720023
720186
720529
720682
721440
722312
725097
725632
726955
727078
727636
727743
727900
728136
728290
728778
730948
732051
733274
733325
733602
733943
734912
735037
735577
735693
736029
736269
737072
737103
737228
737587
737855
738227
738483
739634
743366
744224
746888
749511
750264
750441
750804
751022
751080
752144
752243
755014
755827
756861
756897
757125
757482
757744
758509
759075
759078
760978
761802
764271
764472
764711
765480
765901
766265
766523
766645
767169
767302
768645
768718
770168
771122
772457
773083
773294
773683
774683
776230
776753
777133
777260
779443
779918
780233
780369
780863
782183
786188
786705
787511
787530
787581
788349
788913
789718
790637
791402
791423
792215
792399
792645
793383
795206
795498
796709
797288
797820
798810
799922
800602
801625
801911
802198
802687
802862
803157
803297
803368
803424
803917
803970
805046
805994
806535
806748
807700
810225
812378
812620
812863
813786
814031
814082
814413
815362
815576
816193
816540
817634
818332
819495
819506
820395
820609
821048
821689
824711
824730
825868
825870
826059
826624
827244
827587
828109
828886
829057
829547
829895
830403
831111
831355
831556
832321
832348
832410
832480
832749
832994
833198
833728
833861
835180
835421
836892
837744
837745
838716
838798
839421
839979
840255
840784
841662
842610
843355
843889
844558
844710
844767
845350
845856
846044
846061
846489
847175
848198
849700
849943
850051
850062
850145
850177
850313
850684
851380
852557
853019
853239
854024
854539
854738
854812
854820
854844
855175
855323
855939
857022
857191
857354
857523
857551
857714
858588
859037
859989
861614
861836
862529
862834
863237
863406
863568
863831
863887
863919
864061
864458
865638
865732
865754
865943
866048
866705
867950
868250
868671
868832
870018
870205
871250
871503
871606
871814
871959
873181
874414
874861
875521
875669
877289
878023
878303
878546
878788
879323
882376
882794
883348
883548
883831
884070
884896
885094
885505
885867
886586
887118
887346
887873
888169
888204
888213
888637
888860
889683
890610
891692
891751
892972
894293
894555
894902
894908
895105
896828
897307
899283
900457
900631
900699
901107
901756
902335
902702
902733
903519
903979
904199
905646
905865
906015
906748
906880
907018
907352
907602
908049
908583
908843
908907
909354
909813
910901
911324
911460
911638
912052
913999
914072
915623
917610
917701
920242
920388
920691
921642
921845
922329
922419
923153
924094
924163
924788
925106
926067
926303
928275
928356
929410
929704
930213
931159
932393
934113
934420
934818
935559
937051
937447
938300
938326
938908
939188
939512
939868
939880
941535
943475
944187
944649
944972
945132
945154
946897
947555
948684
948887
949026
949067
949506
949703
949717
950046
950101
950781
951550
951806
952483
952599
953105
953878
955612
956449
956569
956735
957621
958514
959407
960036
961354
963406
963997
964458
965244
968048
968411
968573
968643
968852
970997
971537
971579
973560
974448
974723
975228
975628
976145
976229
976293
977102
977600
977994
979047
979108
980110
981133
981181
981540
981766
982117
983154
984633
986285
987811
989846
990241
990664
991773
991819
992688
993036
994591
994637
994790
994899
996120
996258
996781
996925
997067
997605
997630
997948
998399
999449
999699
1000868
1001732
1002195
1002442
1002506
1002522
1003167
1003478
1003621
1003628
1003684
1003769
1004070
1004859
1005219
1005307
1005479
1005757
1009058
1009534
1009850
1010174
1010202
1010457
1010550
1011699
1012680
1013131
1013520
1013929
1013973
1014534
1014850
1015160
1016892
1016909
1017750
1018579
1018625
1018789
1018818
1018832
1019346
1019646
1019958
1020183
1020299
1020669
1021219
1021559
1021881
1022559
1022575
1023731
1023850
1024672
1025316
1028013
1029385
1030100
1030772
1031067
1032186
1032566
1033434
1034646
1035189
1035883
1036010
1036015
1036434
1036727
1037301
1037540
1037765
1038488
1038677
1038810
1038937
1040454
1040752
1042115
1042129
1043107
1043680
1043779
1044137
1044649
1045448
1045657
1045992
1047339
1047688
1048087
1049858
1049904
1050289
1050779
1051004
1053685
1054916
1055051
1055526
1055551
1056414
1056839
1056949
1057223
1057541
1057588
1058650
1058733
1059172
1059443
1060290
1060463
1060748
1060773
1061109
1061292
1062257
1062545
1063120
1063766
1064123
1064129
1064991
1065683
1066535
1067140
1067734
1067803
1068359
1068421
1068841
1069883
1070069
1070634
1070864
1072978
1073122
1073300
1073319
1073836
1075170
1075840
1078113
1078208
1078273
1078595
1079474
1079477
1079819
1080089
1081502
1081530
1082517
1083323
1083503
1084058
1084252
1084805
1085120
1085576
1085756
1085805
1086744
1087350
1087366
1088434
1088847
1089757
1089956
1090224
1091751
1091908
1091969
1093293
1093565
1094148
1094179
1094204
1095005
1096036
1096043
1096353
1097109
1097240
1097257
1097422
1097640
1097715
1099951
1100132
1100288
1100797
1103437
1103542
1103746
1103755
1103887
1104096
1105262
1106386
1106589
1106636
1106788
1107371
1107790
1110568
1111457
1111514
1111745
1113588
1114721
1116000
1116131
1116533
1117579
1117739
1118421
1118702
1119545
1121018
1121446
1121460
1121999
1122214
1122508
1122849
1122914
1123000
1123173
1123524
1123787
1123979
1124915
1125069
1126188
1127093
1128104
1129124
1129469
1131461
1132538
1132755
1133508
1133732
1134746
1135307
1135369
1136480
1137900
1138657
1139007
1139519
1140210
1141338
1142393
1142549
1142561
1142879
1143164
1143270
1143830
1144124
1144515
1145150
1146275
1146370
1146964
1148208
1148430
1148657
1149148
1149681
1149985
1150635
1150659
1151088
1151667
1153965
1155723
1156399
1156445
1157941
1158733
1158754
1158854
1158972
1160926
1161110
1161293
1162015
1162136
1162435
1163058
1164409
1164842
1165260
1165697
1165800
1166248
1166324
1166894
1167108
1167311
1167765
1168178
1169465
1169751
1169847
1169937
1170326
1170503
1171300
1171639
1171702
1174267
1174673
1175136
1175773
1176005
1176012
1176448
1176453
1177118
1177264
1177463
1177838
1177906
1178280
1178479
1179258
1180868
1183267
1184597
1185070
1185129
1185584
1186258
1186430
1186455
1186988
1187595
1187784
1187867
1191238
1191791
1192433
1192565
1193129
1193513
1193996
1194280
1194784
1194919
1196719
1197000
1198785
1199045
1199096
1199248
1199535
1199888
1200354
1200380
1201325
1205083
1206034
1206665
1207041
1208744
1209397
1209438
1209946
1209985
1210498
1210702
1210895
1212022
1213144
1214064
1214835
1214980
1215416
1215741
1215768
1215894
1216060
1217113
1217284
1217488
1217648
1218613
1219025
1219715
1220918
1221131
1222788
1222920
1223532
1224941
1225403
1225408
1226202
1227294
1229782
1231350
1231613
1231639
1231774
1232204
1232381
1232388
1234284
1234945
1235116
1235698
1236545
1236693
1237125
1237429
1238600
1238697
1238718
1240383
1241948
1242146
1242742
1242882
1243030
1243911
1244675
1245980
1246249
1246286
1246704
1247422
1248683
1248927
1249339
1249368
1250416
1250447
1250567
1250752
1250951
1251164
1251327
1252438
1253246
1253336
1253407
1253589
1253739
1254622
1257188
1257414
1257612
1257796
1258700
1259056
1259582
1259764
1260104
1260516
1260576
1261419
1261546
1264030
1265319
1265843
1266695
1266784
1269728
1270620
1271650
1272652
1272941
1273168
1273350
1275042
1275078
1275201
1275342
1277689
1278360
1278457
1278518
1279621
1280308
1280824
1281033
1281089
1282282
1283374
1283749
1284974
1285112
1285548
1285706
1285764
1286438
1286562
1286643
1288470
1288616
1290156
1292129
1292178
1292957
1293043
1293243
1293681
1294530
1294589
1295189
1295436
1295723
1296268
1296658
1296727
1296791
1297398
1297413
1297764
1298052
1299830
1301206
1301298
1302484
1303790
1304361
1304531
1305330
1305481
1306156
1306386
1308945
1309630
1309667
1310571
1310787
1312236
1313226
1313289
1313406
1313451
1315176
1316125
1316591
1316878
1317221
1320057
1320589
1320663
1321362
1321399
1321738
1322252
1322571
1322639
1323321
1324371
1324422
1324560
1326369
1326438
1326830
1326840
1327708
1328814
1328866
1330267
1330372
1330805
1330870
1331321
1331819
1331885
1332653
1332712
1332784
1333379
1335306
1336047
1336871
1336881
1337099
1337163
1337297
1338913
1340381
1341554
1341960
1342398
1342484
1343287
1343907
1345519
1345824
1347664
1349030
1349202
1349265
1350516
1351416
1352328
1352747
1353456
1353559
1353913
1353967
1354203
1356642
1357693
1357723
1360817
1361563
1361781
1361945
1363137
1363193
1363310
1365504
1365559
1366455
1366950
1366957
1367225
1369341
1369913
1370118
1370303
1370823
1371010
1371350
1371440
1371508
1371977
1372130
1372179
1372769
1373164
1373492
1375474
1376924
1377076
1377185
1378041
1378353
1378406
1378654
1378765
1379074
1379270
1379359
1379606
1381225
1381518
1382587
1383371
1383381
1384237
1384592
1384605
1384632
1384683
1385079
1385616
1385918
1386206
1386715
1386734
1386783
1386896
1387517
1387859
1387934
1387972
1388303
1388505
1388636
1389238
1389379
1389509
1389651
1389748
1389775
1390502
1391763
1392611
1393223
1393266
1393363
1393793
1394066
1394181
1394444
1395228
1396432
1396836
1397501
1397587
1397785
1397824
1398286
1399768
1399918
1400837
1401056
1402334
1403278
1403284
1403778
1403843
1404707
1405192
1405281
1406607
1407415
1407651
1408386
1409113
1409285
1409430
1409543
1410372
1410548
1411229
1411806
1412043
1412055
1412702
1413883
1414005
1414753
1414887
1417907
1418436
1418721
1418791
1418817
1419150
1420088
1420797
1421228
1421249
1421552
1421896
1422182
1422680
1423104
1424801
1426295
1426715
1426794
1426805
1428536
1430229
1430770
1430777
1431085
1431608
1432194
1432626
1432921
1433158
1433352
1433544
1434164
1434207
1434541
1436814
1437084
1437367
1437882
1438950
1440185
1441465
1441578
1441713
1441992
1442201
1442356
1443024
1443430
1444173
1444255
1445056
1445812
1447012
1447860
1447878
1448010
1450008
1450730
1450804
1451407
1452570
1452575
1452759
1452785
1454878
1454889
1456446
1457421
1458973
1459283
1459776
1459962
1461451
1461900
1462109
1463164
1463189
1463631
1464327
1464483
1467391
1467472
1467736
1468014
1468257
1468286
1468778
1469931
1473520
1473746
1474278
1475017
1475476
1476139
1477646
1478620
1478766
1478831
1479495
1480228
1480785
1481649
1481662
1481869
1481979
1483717
1484417
1484426
1485705
1486432
1487487
1488038
1490118
1491078
1491484
1493889
1494117
1495155
1495591
1496892
1498715
1500962
1501801
1501855
1502331
1503277
1503709
1505042
1505331
1505419
1507450
1507504
1507595
1508787
1508825
1511308
1512032
1512248
1512926
1513497
1513812
1514308
1514427
1514598
1514738
1514851
1516075
1516695
1517029
1518363
1518878
1518979
1519227
1519709
1519967
1520321
1521218
1521590
1521686
1521785
1524019
1524400
1525829
1526432
1527220
1527368
1528054
1528274
1528818
1529122
1530072
1530468
1530544
1531594
1531682
1531734
1532846
1533543
1534083
1534094
1534530
1534685
1535189
1536021
1537591
1538065
1538715
1539883
1540172
1541313
1541814
1542554
1545171
1545374
1545398
1545481
1545879
1546612
1548186
1550113
1550165
1550460
1551777
1552599
1553111
1554349
1555461
1556011
1557513
1557557
1558473
1558672
1558867
1560631
1560694
1560973
1561096
1562189
1564323
1564813
1565031
1566586
1566699
1566972
1567242
1567356
1567819
1568615
1568652
1569302
1569574
1570072
1572672
1573359
1573514
1575232
1576618
1576653
1578630
1578668
1578993
1579454
1580620
1580959
1581167
1582200
1584254
1584607
1584612
1585076
1585139
1585145
1585556
1586176
1586390
1586894
1588270
1588935
1589081
1589149
1589507
1589622
1591365
1594739
1596537
1597703
1597740
1598656
1598957
1600097
1600616
1600677
1601215
1601366
1601406
1601711
1602388
1603112
1603760
1604577
1605185
1605218
1605437
1606393
1606530
1608899
1609211
1610207
1610629
1610926
1611059
1612638
1612690
1613105
1613932
1614187
1614609
1615365
1615934
1619023
1619189
1619619
1619817
1620000
1620249
1620805
1621156
1621569
1621626
1621967
1622317
1622343
1623319
1624462
1624609
1624926
1625150
1626819
1627292
1627403
1629541
1629814
1630350
1630406
1630437
1632503
1632744
1633550
1633683
1636092
1636862
1638005
1638208
1639452
1640536
1643656
1644170
1644181
1644717
1645262
1645820
1646826
1647091
1647916
1648469
1648653
1649529
1650356
1651065
1651434
1651457
1653712
1654208
1654463
1654637
1654912
1655362
1656369
1656625
1656892
1657852
1658704
1658904
1659617
1660095
1660708
1661419
1662320
1663240
1663916
1665594
1666217
1666285
1666397
1666902
1667423
1667561
1667967
1668044
1669705
1670083
1670304
1672134
1672332
1674723
1677248
1678407
1679810
1680252
1680687
1681285
1681504
1681709
1682117
1682489
1682605
1682608
1683370
1684707
1688163
1689304
1690754
1691710
1691895
1691977
1692131
1692489
1692981
1693225
1693892
1694554
1694678
1694822
1694910
1696431
1696584
1696819
1697032
1697128
1697367
1698681
1698776
1699737
1699925
1700504
1701429
1702097
1702509
1703061
1705765
1706110
1706353
1706576
1706945
1707993
1708398
1708873
1709441
1709480
1712037
1713108
1713993
1714970
1715231
1716355
1717097
1718664
1718790
1719193
1720762
1720798
1721219
1723182
1723592
1725441
1725598
1725883
1726361
1726666
1726719
1727395
1727450
1727901
1728758
1729442
1730180
1730311
1731482
1732796
1733964
1734421
1734862
1735024
1735069
1735886
1737128
1737174
1737837
1738510
1739545
1740808
1742399
1742498
1742731
1743212
1743659
1744416
1744684
1745379
1745512
1745732
1746187
1746265
1747533
1748602
1749256
1749279
1749942
1752817
1753876
1754035
1755078
1756422
1757131
1757185
1757358
1758072
1758098
1758248
1759064
1759161
1759185
1760864
1761079
1763189
1764268
1764610
1765509
1767179
1767789
1768511
1769738
1770114
1770577
1771820
1772384
1773175
1773191
1773341
1773859
1774682
1774970
1775011
1775845
1777281
1778539
1778543
1778800
1778857
1778915
1779892
1780797
1782302
1782596
1783011
1783313
1784723
1784769
1785071
1785294
1787018
1787259
1787338
1787742
1787845
1788222
1788613
1789425
1789637
1790693
1793569
1794013
1794565
1795462
1797055
1798322
1798641
1799005
1799018
1799763
1800083
1800493
1800939
1801696
1802215
1802877
1803193
1804281
1805264
1805332
1805462
1805964
1805974
1806226
1807473
1808915
1810741
1811791
1811867
1811908
1812558
1812720
1813234
1813681
1813853
1814739
1814935
1815569
1815842
1816073
1816450
1816568
1816681
1816792
1816804
1818187
1818233
1818867
1819940
1821452
1823513
1823784
1823880
1825404
1825831
1826020
1826290
1827103
1827142
1827310
1829893
1829970
1830086
1830782
1831122
1831590
1831846
1832134
1832570
1832584
1832972
1835112
1835907
1836373
1838298
1839025
1839138
1839277
1839956
1841128
1841145
1844136
1845589
1845594
1845733
1846785
1847137
1849272
1851574
1851684
1851774
1852878
1853073
1853324
1855343
1855369
1855414
1855547
1856601
1856874
1857644
1860311
1860576
1860724
1860803
1861226
1861228
1861510
1862676
1862785
1862988
1863264
1864030
1864086
1864092
1864804
1865547
1865729
1866205
1866554
1868959
1869068
1869964
1870083
1870992
1871194
1871517
1872198
1872487
1874246
1875168
1875662
1876015
1876038
1876320
1877468
1877817
1879113
1880004
1880511
1880550
1880942
1881188
1881332
1881843
1881990
1883167
1883379
1885416
1887205
1887325
1888178
1889452
1892414
1893300
1893737
1893757
1894497
1894696
1895125
1895478
1896522
1897401
1898313
1898565
1899323
1900132
1900543
1900713
1900877
1901889
1902605
1902906
1903205
1903554
1903843
1904082
1904430
1906283
1907075
1907111
1907466
1907521
1908204
1908377
1909316
1909698
1909885
1911352
1912271
1912794
1913254
1914944
1915247
1915480
1916726
1917389
1918137
1918203
1919363
1920341
1920364
1920729
1921410
1921967
1922449
1923060
1924724
1924756
1925659
1925889
1926242
1926862
1927455
1927691
1928320
1928436
1928616
1929035
1931290
1931656
1932663
1932878
1933317
1933839
1933882
1935382
1935393
1935461
1935586
1936463
1937069
1937707
1937924
1937965
1938095
1938443
1939176
1939309
1940689
1941095
1941657
1941790
1942543
1943562
1945088
1947510
1947947
1948016
1948439
1948722
1950495
1950545
1950757
1950908
1951479
1951561
1952254
1952402
1953046
1953320
1954228
1954421
1954735
1955010
1955331
1955674
1956119
1956370
1956852
1958567
1959520
1960406
1961027
1961689
1962162
1962203
1962225
1962481
1962703
1962816
1963404
1963471
1963667
1964179
1964496
1965370
1965958
1967212
1967453
1967736
1968115
1968937
1970349
1970587
1972090
1972767
1974086
1974908
1975039
1977353
1977641
1977891
1977928
1978594
1978711
1979482
1980823
1981559
1982393
1983274
1984074
1984546
1984851
1984940
1985115
1985689
1986202
1988455
1989812
1989956
1990042
1990467
1990916
1990954
1991601
1993057
1993414
1994834
1994892
1995610
1996005
1996874
1996993
1997495
1997592
1997829
1999405
1999635
2000145
2000696
2000706
2001066
2001090
2002023
2002559
2005104
2005126
2005718
2006434
2007134
2007706
2007808
2009207
2010324
2011045
2011390
2011783
2013074
2013864
2014066
2015218
2016496
2016609
2016706
2016725
2017161
2017414
2017560
2017808
2017924
2018908
2019124
2020300
2020715
2020872
2023092
2023347
2023475
2023739
2024191
2024925
2025123
2025782
2025928
2026555
2027128
2028449
2029252
2029532
2029695
2030599
2031725
2032250
2032494
2033179
2037372
2037681
2038303
2038310
2038709
2039078
2039301
2039990
2040386
2040464
2041267
2041564
2041596
2044266
2045143
2045346
2046075
2046135
2048450
2049300
2049745
2050601
2051656
2052089
2052467
2053104
2053356
2053358
2053544
2053860
2054202
2055335
2055879
2056198
2056465
2057022
2057529
2057864
2057886
2058308
2058471
2058593
2059075
2059791
2060340
2061156
2061380
2062882
2062948
2063415
2063617
2064163
2064851
2066499
2067960
2068111
2070090
2071335
2072541
2072660
2073751
2074103
2074798
2076241
2077133
2077599
2077826
2078869
2078923
2079446
2081256
2083255
2083749
2084915
2085666
2086095
2086274
2086647
2086878
2087235
2087729
2088193
2088438
2088927
2088994
2089893
2090201
2090226
2090656
2090879
2092091
2092557
2092604
2092672
2092675
2093357
2093993
2094270
2094281
2094843
2095426
2095801
2095882
2096758
2097910
2099036
2100091
2100101
2101703
2102312
2103171
2103454
2103645
2103671
2104035
2104386
2104573
2106482
2106933
2107205
2107361
2107959
2108506
2108919
2109027
2109439
2109441
2109463
2109744
2110958
2111620
2112599
2113348
2113831
2113926
2114266
2115902
2116381
2116653
2116871
2118437
2118570
2121072
2121100
2121671
2122693
2124176
2128738
2128836
2128842
2130261
2130769
2131078
2131271
2131361
2131673
2132203
2132530
2132578
2133227
2135017
2135245
2135879
2139156
2140360
2141075
2141981
2142173
2143368
2144576
2144649
2144779
2145553
2145774
2146445
2148292
2149501
2149736
2149860
2150717
2151781
2151834
2152039
2152285
2154289
2154887
2154956
2155679
2156050
2156475
2157137
2157733
2158007
2158136
2158574
2160462
2161815
2163880
2166010
2166747
2170360
2170599
2170947
2171046
2171489
2171604
2172450
2172578
2172657
2173449
2174027
2174185
2174649
2175467
2175944
2176360
2176786
2177083
2177156
2177202
2177316
2179566
2180693
2180828
2181832
2182633
2182735
2183370
2183618
2184874
2186324
2186585
2186635
2186930
2187405
2187938
2187976
2188395
2188609
2189265
2189361
2189743
2189908
2189926
2190213
2190594
2190797
2191426
2191871
2192307
2192789
2194068
2194120
2195168
2196522
2196756
2197262
2197410
2197564
2199272
2199277
2200162
2200589
2200602
2201619
2201859
2201917
2203185
2203284
2203318
2203426
2203918
2204797
2206378
2206409
2206466
2206925
2208866
2210196
2210198
2210245
2210468
2212143
2214317
2216648
2216677
2217416
2218726
2219870
2220978
2221010
2221226
2221801
2222326
2222392
2223293
2223704
2224169
2225308
2226121
2227726
2228488
2229356
2229446
2229850
2231455
2231921
2232901
2233252
2234515
2235637
2235661
2235751
2235935
2236412
2237150
2237283
2237298
2237309
2237484
2237829
2238820
2239246
2240707
2241034
2241418
2241471
2241821
2242449
2242745
2242911
2243071
2243189
2243357
2243498
2244281
2244694
2244822
2244986
2245110
2245685
2245926
2246254
2246274
2247790
2248450
2250115
2251566
2252101
2253191
2253320
2254352
2256000
2256766
2256770
2256966
2257070
2257433
2257901
2259039
2259768
2259902
2260713
2260834
2260993
2261358
2262104
2262260
2263376
2263430
2263653
2263908
2264139
2264720
2265926
2265935
2266481
2267841
2268590
2268702
2269308
2270255
2270290
2270773
2271701
2272913
2273088
2274500
2274625
2275922
2275959
2275982
2276148
2276761
2276786
2278462
2278882
2278965
2278988
2279719
2281048
2281217
2281392
2282183
2282591
2283146
2283504
2284378
2285329
2285417
2285510
2286455
2288720
2289577
2290371
2290889
2291786
2291920
2292116
2293766
2294014
2294029
2294081
2294729
2295460
2297873
2298164
2298945
2299254
2299539
2299694
2299752
2299932
2299946
2299969
2300876
2301050
2302626
2303839
2304470
2305056
2306090
2306789
2307206
2307627
2307938
2308912
2309682
2309686
2309786
2309946
2310061
2312122
2312435
2312919
2313567
2313643
2314414
2315448
2315562
2315583
2315845
2316153
2316389
2317349
2317486
2319580
2320240
2320613
2320775
2320850
2322503
2323256
2323791
2324719
2324846
2325453
2325965
2326718
2330783
2330838
2331016
2331900
2332638
2333003
2333365
2334026
2335966
2337048
2337871
2338129
2338964
2338985
2339264
2340809
2342325
2343148
2343563
2343937
2344034
2344192
2345406
2345847
2346248
2346266
2346536
2347506
2348142
2348236
2348345
2349037
2349090
2349171
2350045
2350056
2350076
2350232
2350417
2350614
2351072
2352103
2352365
2353519
2354445
2355720
2356175
2356477
2356751
2356953
2358315
2358806
2359783
2360675
2361067
2361533
2362046
2363840
2364846
2365315
2365393
2365946
2366706
2366775
2367696
2368544
2368841
2369528
2369591
2370088
2370705
2371278
2371663
2373037
2375009
2375057
2375886
2376193
2376708
2377433
2378777
2379980
2380129
2380478
2381942
2383083
2383719
2384614
2384710
2385994
2386413
2387100
2388062
2389055
2389478
2389931
2391174
2391234
2391505
2393336
2393733
2394004
2394156
2394278
2394475
2395268
2395419
2395711
2396171
2397177
2397301
2397425
2398196
2399153
2399684
2400217
2400533
2401792
2402080
2404122
2405357
2405696
2406122
2406553
2409322
2410199
2410945
2411276
2411623
2414625
2415308
2415801
2419050
2419264
2419346
2420276
2420750
2420902
2421787
2422241
2422387
2423052
2423302
2423426
2423911
2424564
2424638
2425137
2427324
2427537
2427848
2427865
2428559
2428847
2429258
2430722
2431633
2431863
2431924
2432744
2432915
2434103
2435053
2437194
2439328
2440074
2440902
2442388
2443768
2444087
2444499
2444721
2446199
2446762
2446780
2446928
2447228
2447251
2448367
2448784
2448837
2449185
2449396
2450186
2450944
2450952
2451428
2453181
2454329
2455185
2455274
2455733
2456874
2456983
2458476
2458686
2460220
2460332
2462353
2463091
2463240
2463627
2463862
2464195
2464330
2465481
2466813
2466916
2466934
2467185
2467772
2468333
2468511
2468993
2469693
2470342
2470355
2470825
2472190
2472255
2473687
2473936
2473985
2474640
2475263
2475313
2477730
2478047
2478426
2478569
2479828
2480651
2481406
2484717
2484817
2485583
2485745
2487048
2487900
2488011
2488610
2488680
2489777
2489977
2491063
2492983
2493252
2493708
2494001
2494156
2494230
2495064
2495995
2497238
2497670
2497798
2498211
2498648
2498989
2499043
2499688
2499811
2500924
2502000
2505367
2505405
2506236
2506247
2507178
2508571
2508738
2508918
2510104
2511141
2511211
2511392
2511653
2512026
2512708
2514286
2514867
2516043
2517078
2517656
2518899
2519017
2520289
2520939
2521028
2521083
2521770
2522129
2522387
2522892
2522955
2522959
2524043
2524362
2525282
2525288
2525311
2525617
2525781
2525919
2526074
2526704
2527045
2527070
2527135
2527224
2527776
2528252
2528442
2528731
2529395
2529463
2529982
2531158
2531192
2531576
2532247
2532655
2533773
2535363
2535993
2538393
2541556
2541602
2543747
2544793
2544870
2545438
2545456
2545543
2546430
2548310
2548345
2548552
2548892
2550519
2551030
2551581
2551798
2551825
2552995
2553388
2553589
2553680
2555146
2556771
2556829
2557037
2557189
2557373
2557438
2558035
2558965
2559253
2559749
2560095
2560133
2561288
2561818
2562280
2562332
2563490
2563499
2563551
2563884
2563951
2567704
2567801
2568168
2569066
2570378
2570779
2570875
2571057
2571228
2571821
2571837
2572033
2572589
2572603
2575126
2575273
2575535
2576566
2576905
2577542
2577866
2578067
2579096
2579294
2579394
2579430
2579701
2580331
2580597
2581147
2581206
2583119
2583410
2584403
2585056
2585855
2586060
2586905
2588200
2588223
2589270
2589405
2589749
2591181
2591819
2592838
2593285
2593353
2594104
2594143
2594238
2594746
2594811
2594833
2596097
2597020
2597275
2598138
2598469
2599119
2599441
2599803
2599836
2599846
2601282
2601306
2601581
2601601
2602462
2605717
2606362
2607639
2608532
2609184
2611083
2611230
2611376
2611503
2612920
2613025
2613167
2613238
2613537
2614022
2614425
2614752
2615530
2615966
2616622
2616654
2616687
2618573
2618842
2619135
2621284
2621542
2622348
2622690
2622769
2622883
2622953
2623448
2624273
2624477
2625972
2626589
2626657
2627620
2628096
2628403
2628921
2629368
2629757
2630226
2632137
2632197
2633168
2633236
2633251
2633314
2633424
2633772
2634539
2634785
2634898
2635256
2636693
2637212
2637445
2637630
2637933
2638103
2638571
2639304
2640558
2641859
2643229
2643876
2644327
2644996
2645681
2646233
2646704
2646937
2647098
2647479
2647575
2649461
2651062
2652492
2652918
2653195
2653326
2654552
2655981
2656620
2658158
2658243
2658529
2658847
2660086
2660413
2660550
2660578
2660884
2661636
2661669
2662499
2662818
2663961
2663993
2664113
2665136
2665344
2666457
2667220
2668040
2668751
2668992
2669404
2670198
2671483
2672097
2672126
2672516
2672895
2673205
2673726
2674986
2675342
2676630
2676808
2677183
2677455
2679361
2679386
2680468
2680690
2681409
2681472
2681645
2681900
2682024
2682199
2682415
2682492
2682872
2683238
2683680
2684990
2685803
2686240
2687449
2687770
2688206
2688245
2688623
2688913
2688921
2689973
2690810
2691179
2691656
2692289
2692855
2692917
2694682
2696590
2697105
2697565
2698985
2699007
2700187
2700719
2700819
2701144
2701247
2702334
2702608
2703506
2703783
2704513
2705733
2707599
2707805
2707889
2708555
2709427
2709637
2709813
2710178
2711210
2711914
2711965
2712154
2713105
2713510
2714288
2714842
2714865
2715895
2716461
2716604
2716681
2717363
2717767
2719025
2719055
2719665
2720201
2720582
2720650
2721029
2721670
2721733
2722829
2722911
2722926
2723422
2723621
2723862
2724042
2724466
2724584
2724757
2724777
2725073
2725369
2727155
2727216
2727631
2727919
2729596
2730735
2730816
2732020
2732136
2733493
2733664
2734228
2735498
2735707
2736256
2736981
2737181
2737298
2738964
2740175
2741343
2742756
2742934
2743345
2743616
2743975
2744062
2744779
2744942
2745811
2746776
2748911
2749070
2749507
2750097
2751827
2752335
2752807
2754405
2754727
2754843
2755016
2756536
2757507
2758305
2759536
2760503
2761045
2761644
2761995
2762176
2762827
2763580
2764705
2765173
2766006
2767501
2767732
2767779
2767794
2768724
2770196
2770817
2771118
2771780
2773063
2773432
2774670
2775408
2776013
2776581
2777713
2779145
2779557
2780425
2780710
2780914
2780991
2781096
2781118
2782182
2782934
2784780
2784807
2785479
2786985
2787240
2788107
2788463
2788616
2791413
2793306
2795277
2795302
2795964
2796005
2796464
2796948
2797421
2798434
2800602
2800850
2801021
2802310
2802337
2803063
2804456
2804484
2804792
2805685
2805790
2806402
2807881
2809033
2810069
2810545
2811122
2811663
2813592
2813766
2813882
2813997
2814917
2814954
2815554
2815809
2816409
2817152
2817411
2818982
2819026
2819880
2820002
2820542
2822347
2822788
2823432
2823484
2826620
2827263
2827468
2827500
2828499
2829466
2829899
2830412
2830832
2831051
2831054
2831843
2833151
2833689
2834901
2834922
2835066
2835175
2835474
2835637
2836346
2837462
2837599
2837932
2838433
2838662
2838855
2839074
2839134
2840067
2841867
2842011
2842173
2842765
2844172
2844302
2844431
2844463
2844917
2845372
2846341
2847457
2847939
2848439
2848911
2849602
2849835
2850030
2850290
2851867
2851889
2852200
2852676
2853186
2854618
2854630
2854649
2855421
2855719
2855859
2855903
2856399
2856604
2856775
2856808
2858670
2858776
2858938
2859568
2859585
2859704
2860269
2860414
2861356
2862030
2862432
2862576
2863987
2864363
2865764
2867193
2867460
2868065
2868767
2869034
2869696
2870583
2871967
2872191
2872629
2873568
2874373
2874415
2874771
2874982
2875324
2875360
2875455
2875736
2876393
2876566
2877775
2878296
2878817
2879478
2879907
2880272
2880388
2881563
2881844
2882129
2882368
2882457
2883180
2883302
2884244
2884933
2885132
2885194
2886734
2887028
2888098
2888479
2888668
2889252
2889494
2890759
2891361
2891678
2891776
2891950
2892093
2892387
2893242
2893633
2894183
2894342
2894756
2895101
2895340
2895443
2896004
2896227
2896509
2897663
2898026
2898198
2898229
2898332
2898480
2898774
2898864
2899225
2899748
2900363
2901061
2901227
2902737
2903515
2903817
2904405
2905403
2905975
2906126
2906400
2907637
2907879
2908298
2909258
2909702
2909865
2910278
2910408
2911090
2911725
2912005
2913507
2914161
2914441
2915499
2915895
2916628
2917067
2917357
2917397
2918204
2918335
2918429
2918775
2919464
2919709
2920984
2921886
2922610
2923443
2923701
2924072
2924180
2924218
2925970
2926141
2926213
2927766
2928970
2929533
2932046
2932463
2932712
2932746
2933515
2933543
2933595
2933649
2933934
2935233
2935464
2935956
2936226
2936393
2936656
2938427
2940242
2940583
2941317
2941620
2941812
2942162
2942175
2942180
2942359
2942768
2943784
2944503
2944863
2945426
2945727
2945934
2947274
2949037
2949147
2949174
2951494
2951694
2951766
2951860
2952147
2952324
2952396
2952475
2953674
2954429
2954549
2955023
2955827
2955997
2956113
2956180
2957101
2958733
2958938
2959091
2960368
2961489
2961859
2962066
2962448
2963055
2963138
2963205
2963875
2964345
2965114
2965385
2966794
2967097
2967566
2968603
2969242
2969453
2969595
2970940
2971598
2971666
2972277
2972394
2972523
2972558
2972596
2972795
2972865
2973358
2975345
2977140
2977217
2979890
2979954
2980316
2980397
2982084
2982444
2983115
2983242
2983873
2984361
2984526
2984722
2985921
2986586
2987063
2987199
2987849
2988263
2988300
2989224
2990047
2992963
2993225
2993621
2994163
2994398
2994603
2994674
2995215
2995802
2997070
2998826
2999077
2999444
2999468
3000315
3001112
3002349
3002727
3003329
3003342
3003838
3004351
3004849
3007010
3007817
3008535
3011431
3011502
3011625
3012102
3012727
3013263
3013429
3013702
3013945
3014379
3014685
3014686
3015541
3015831
3016083
3016162
3016953
3017437
3017744
3017987
3020286
3021060
3023282
3023377
3023527
3024260
3026254
3026727
3027394
3028185
3029085
3030143
3030260
3030706
3030735
3031105
3031258
3031873
3031966
3032010
3032159
3032231
3032706
3033818
3034832
3035510
3035852
3036363
3036476
3036538
3037097
3037406
3037793
3038356
3038357
3039430
3039752
3041527
3041832
3042276
3043868
3044204
3044540
3044601
3044763
3045435
3045726
3047841
3048120
3048248
3048450
3048736
3049851
3049890
3052383
3053016
3053788
3054056
3054209
3054409
3054925
3056219
3057057
3058019
3060934
3063552
3063629
3064300
3064787
3066258
3066758
3066804
3066858
3068440
3068870
3068996
3069559
3070192
3070628
3071001
3071244
3071862
3072415
3072609
3073033
3073819
3075296
3077243
3077436
3078233
3079517
3079897
3080050
3081032
3082479
3082486
3083595
3084717
3085045
3085443
3085793
3086651
3087606
3087994
3088152
3088375
3088702
3088963
3089804
3090561
3091236
3092117
3092180
3092739
3094023
3094726
3095536
3095931
3095977
3096131
3096818
3097511
3098730
3100155
3100178
3100334
3100618
3101631
3103556
3104245
3104551
3104846
3105296
3105619
3107136
3107698
3107830
3107854
3107923
3108134
3109849
3110609
3111061
3113144
3114506
3114627
3115103
3116840
3119077
3120082
3120325
3121326
3122284
3122297
3123314
3123650
3123682
3124318
3124750
3126950
3127636
3128289
3128800
3129085
3130850
3131405
3131453
3131500
3131542
3131614
3131756
3132389
3133950
3133994
3134563
3135146
3135506
3135550
3135756
3135954
3136201
3137123
3137957
3138225
3138680
3139210
3139757
3139916
3140036
3140508
3140567
3141820
3142379
3142529
3143366
3145016
3145246
3145301
3145625
3145812
3146526
3146622
3147521
3147996
3149165
3149215
3150414
3151949
3152247
3152663
3153215
3153902
3157143
3158435
3159395
3161043
3161929
3162859
3163766
3164056
3164223
3165015
3165040
3165219
3165293
3165539
3165703
3166112
3166152
3166406
3166408
3167820
3168736
3169692
3170588
3170637
3170684
3170920
3171458
3172042
3172391
3173815
3175587
3176018
3176894
3177960
3180306
3180982
3181987
3182242
3183038
3183081
3183420
3184725
3185021
3185275
3185976
3186211
3187232
3187579
3188321
3188323
3190992
3191679
3191915
3192271
3192330
3192496
3192951
3193164
3193772
3194233
3194835
3195166
3196027
3196754
3196780
3197913
3198076
3199702
3200341
3202405
3203218
3203614
3203995
3207113
3207297
3207667
3208313
3208936
3209022
3209152
3209592
3210942
3210994
3211900
3212366
3212491
3213696
3215713
3217074
3217162
3217755
3217965
3218599
3218767
3218809
3218831
3220513
3222539
3223487
3224424
3225102
3226167
3226221
3226611
3227798
3228766
3228965
3229162
3230346
3230474
3230638
3231293
3231563
3231897
3232583
3232629
3234191
3234242
3234527
3235309
3237176
3237272
3239308
3239486
3240027
3240458
3241441
3241482
3242674
3242934
3243751
3244738
3244803
3245476
3247402
3250941
3251452
3251780
3252750
3254759
3254795
3256152
3257323
3258252
3258725
3258905
3259180
3259699
3259988
3261470
3261652
3261798
3262079
3264468
3264559
3264937
3265048
3265637
3265780
3266137
3266325
3266422
3266638
3266878
3268052
3268561
3269724
3269881
3270832
3271488
3272059
3272806
3272985
3273653
3273959
3274081
3275208
3275478
3275863
3276507
3277564
3277724
3278744
3280120
3282958
3283569
3283592
3285811
3286035
3286923
3287003
3287709
3289038
3289159
3289706
3290048
3292374
3292961
3293228
3293254
3294144
3294168
3294326
3294492
3295097
3295395
3295652
3295714
3296271
3297614
3297940
3297971
3297989
3298315
3298425
3298980
3301100
3301378
3301675
3302936
3303906
3304826
3305076
3305150
3306005
3307042
3307923
3308714
3309304
3309394
3309542
3310973
3312560
3313300
3313657
3316168
3316616
3317137
3317230
3317762
3317974
3318801
3319554
3319965
3320677
3320828
3320846
3321043
3321146
3321245
3321521
3323382
3324431
3324975
3326660
3327886
3328022
3328166
3328734
3329014
3329038
3330045
3330224
3331086
3331339
3331700
3331858
3333546
3333606
3334040
3336307
3338408
3338422
3338649
3338930
3339422
3340479
3341002
3341063
3341578
3342865
3343535
3343694
3343767
3345641
3348120
3348300
3349223
3350087
3350668
3351268
3353564
3354279
3354720
3354917
3355839
3356933
3356941
3357584
3358353
3358376
3358464
3359589
3360005
3360129
3360709
3361814
3362530
3363038
3363889
3366291
3366711
3366729
3366753
3367148
3368283
3368327
3368365
3369413
3369911
3370442
3371077
3371231
3371995
3372225
3372363
3372796
3373668
3374105
3374596
3375949
3376222
3377796
3377798
3377990
3378424
3379264
3379483
3379699
3380053
3380359
3380552
3380567
3380663
3380825
3381086
3382064
3382067
3383421
3384022
3385633
3385753
3385785
3385986
3386653
3387232
3387587
3387640
3387671
3387749
3388018
3390281
3390958
3391277
3391613
3393181
3393393
3393420
3393871
3394293
3394407
3394461
3394472
3395765
3396441
3397151
3397847
3397954
3398399
3398442
3399031
3399372
3400625
3400813
3401534
3402271
3402492
3402850
3403387
3403658
3403702
3405247
3405875
3406684
3407382
3408474
3409619
3410398
3410890
3411873
3412458
3412567
3412696
3412704
3413256
3414326
3414371
3415702
3415763
3415872
3417313
3417321
3419682
3420572
3420908
3421391
3422191
3424067
3424668
3425518
3426219
3426586
3427653
3428949
3429489
3430148
3430300
3430330
3430781
3431638
3432033
3432053
3432384
3432542
3433044
3433975
3434243
3434511
3434591
3434713
3435477
3436074
3436280
3437036
3437051
3437197
3437635
3439367
3439604
3439800
3440205
3440445
3440991
3441777
3441999
3442804
3443948
3444089
3444595
3444870
3444953
3445591
3447412
3447734
3448516
3448628
3448910
3449261
3449661
3449752
3450502
3451198
3452111
3454809
3455511
3456465
3456642
3456717
3456863
3457983
3458413
3458468
3458620
3458679
3458966
3459498
3459631
3460053
3461053
3462126
3462504
3462855
3463920
3464387
3464698
3465248
3465315
3466632
3468025
3469146
3469947
3470018
3471080
3471338
3471699
3472274
3473106
3473475
3474396
3474464
3475187
3476090
3476485
3477431
3478356
3478408
3478541
3478990
3480751
3480797
3482227
3482424
3485635
3485681
3486245
3486607
3487577
3487673
3488901
3488993
3490257
3490976
3490999
3491228
3491367
3491492
3491590
3492514
3493272
3493387
3493512
3494478
3494596
3494682
3495400
3496210
3496344
3496513
3498287
3498501
3498686
3498946
3499417
3499648
3501419
3501433
3501443
3502035
3502268
3505556
3506659
3507178
3507682
3509357
3510531
3510697
3510965
3511206
3511648
3512993
3514051
3514176
3514717
3514952
3515623
3515627
3516049
3516625
3516949
3517191
3517199
3518082
3518102
3519378
3519682
3519750
3520083
3520751
3520757
3521469
3523292
3523360
3524063
3525603
3525987
3526609
3526794
3526906
3527552
3528277
3528972
3529303
3529371
3530100
3531774
3532023
3532729
3533147
3533272
3533411
3533769
3534055
3534443
3534484
3534591
3534609
3535148
3535929
3535965
3537180
3540766
3541093
3541166
3541839
3541938
3542681
3542969
3543629
3543682
3544156
3545999
3546238
3546555
3546838
3547361
3548245
3548285
3549477
3549646
3550060
3550429
3551441
3552451
3552772
3552790
3554122
3554240
3556113
3556416
3556931
3557041
3558721
3559647
3560090
3560824
3561536
3563178
3564583
3565130
3565557
3566334
3566804
3567107
3567540
3567744
3568635
3568920
3569528
3569724
3569769
3569868
3569984
3570679
3571295
3573195
3574197
3574704
3574984
3575527
3575868
3576095
3576609
3576866
3577983
3579682
3580472
3580519
3581687
3583343
3583879
3584151
3584591
3585074
3586767
3589013
3589863
3590247
3590296
3592523
3592644
3592693
3592926
3593367
3593889
3594011
3594275
3597802
3598227
3600037
3602548
3602880
3603459
3606176
3606290
3606899
3608151
3608300
3608313
3609046
3609666
3609726
3610937
3611072
3611707
3611829
3611975
3612098
3612125
3613288
3613371
3614839
3615120
3615206
3615379
3615922
3616378
3616541
3617009
3617873
3618053
3618556
3619166
3619472
3619952
3620571
3620821
3621731
3622498
3622566
3622572
3622722
3622786
3623072
3624405
3624795
3625162
3625443
3625666
3625724
3626263
3626282
3626407
3626898
3626983
3628283
3628310
3629174
3629189
3629902
3630009
3630500
3630739
3631687
3631899
3632127
3632428
3632999
3633432
3633486
3633991
3634129
3635180
3635487
3636555
3636684
3637626
3637925
3637939
3637949
3638732
3640292
3640489
3641487
3641783
3642113
3642542
3643846
3645030
3645108
3645211
3647544
3647629
3650122
3650259
3650924
3651253
3651807
3652633
3654586
3655419
3655806
3655965
3656629
3657175
3657243
3657674
3657704
3657911
3658393
3658662
3658950
3659016
3659478
3660333
3661014
3661547
3661689
3662370
3662526
3664526
3664858
3665232
3665378
3665584
3665619
3666085
3666113
3666536
3667827
3667978
3668409
3668575
3668816
3670187
3670211
3670473
3670826
3671122
3671425
3671650
3672495
3672929
3673618
3673891
3675039
3675613
3679023
3679410
3679604
3680907
3682021
3682108
3682329
3682396
3683318
3683956
3684002
3685269
3685362
3685858
3686724
3687592
3687689
3687989
3690006
3690346
3692089
3692414
3692446
3692512
3692556
3694270
3695336
3699549
3699702
3699804
3700030
3700187
3700360
3701203
3701257
3701916
3702108
3702261
3702415
3702623
3704530
3704993
3705318
3706961
3707036
3707228
3707548
3707707
3708404
3709729
3709839
3709861
3709923
3710415
3711536
3711874
3712968
3713446
3713546
3713689
3714235
3714463
3715397
3715767
3717538
3718102
3718167
3719927
3721128
3722908
3723414
3723641
3723915
3724206
3724476
3724986
3725148
3725428
3725630
3727378
3727548
3727789
3728501
3728581
3729315
3730500
3730614
3730631
3730793
3731519
3731850
3732013
3732232
3732312
3732659
3732919
3734523
3736579
3736965
3737962
3739246
3740143
3740197
3740410
3740845
3741121
3741210
3742107
3742479
3744153
3744863
3744904
3745703
3745803
3746209
3746247
3747440
3748414
3749116
3749247
3749313
3749527
3750139
3750832
3751029
3751634
3752446
3753318
3753686
3753897
3754488
3754933
3755269
3755529
3755630
3756041
3756709
3757705
3757713
3757952
3758195
3758904
3758927
3759860
3759930
3759966
3761125
3763200
3763730
3765162
3765340
3765586
3765740
3766488
3766548
3767030
3768296
3768418
3768482
3768930
3769442
3769876
3770135
3770731
3770936
3771728
3771886
3772617
3772865
3773464
3773703
3773765
3773879
3773985
3774434
3775595
3775951
3776456
3777949
3779222
3779252
3780204
3780379
3780932
3781523
3781580
3782194
3782343
3783307
3783399
3783503
3783566
3784699
3784860
3786558
3786774
3788595
3788773
3789012
3789899
3790001
3790502
3790935
3791469
3791497
3791669
3791697
3791725
3792285
3792781
3793202
3793440
3794803
3795846
3796314
3797818
3798824
3799147
3799544
3799667
3800186
3800208
3800459
3801230
3801470
3802548
3803349
3803565
3804268
3804354
3804963
3805365
3805941
3806665
3808154
3808274
3808749
3808891
3809353
3809712
3810161
3811449
3811861
3812112
3812383
3812476
3813090
3814178
3816076
3816631
3817174
3817512
3818891
3819184
3821463
3821895
3822369
3822492
3822865
3823043
3823646
3823858
3824502
3824930
3824940
3825209
3825756
3825841
3825936
3825939
3826010
3826373
3827995
3828001
3829435
3829629
3829944
3830113
3830277
3830758
3831187
3832473
3833494
3834095
3834317
3834632
3834665
3835036
3838614
3838892
3839040
3840050
3841398
3841689
3841772
3841792
3841988
3842238
3842954
3843057
3843862
3844744
3845095
3845110
3846193
3846776
3847169
3848064
3849508
3849552
3849857
3850119
3851142
3852019
3852490
3852963
3853197
3853307
3853856
3854593
3855292
3855352
3855739
3855870
3856303
3857380
3859445
3859762
3860768
3861763
3862151
3862656
3863916
3864006
3864129
3865107
3865361
3865598
3866135
3868240
3868466
3869058
3869310
3869648
3871229
3872196
3873182
3874300
3874816
3874918
3875109
3875828
3876012
3876235
3876945
3877418
3877465
3877540
3878263
3878377
3878792
3880763
3880788
3881452
3881453
3881587
3882815
3883480
3884043
3884901
3885239
3887176
3888355
3889981
3890092
3891328
3891546
3892123
3893192
3894192
3894745
3894808
3895026
3896434
3896439
3896741
3896948
3897261
3897942
3898226
3898254
3898409
3898527
3898562
3898647
3898970
3900681
3900795
3901833
3901949
3902286
3902582
3902977
3903749
3904250
3904911
3905304
3906536
3906854
3907052
3907079
3907815
3908004
3908234
3908888
3909242
3909759
3910144
3911043
3911118
3913073
3916216
3916728
3917672
3917958
3918501
3919221
3919490
3919895
3920403
3921318
3923030
3923668
3925194
3926008
3926715
3927257
3927918
3928317
3929201
3931634
3932147
3932505
3935501
3936097
3936433
3936517
3936669
3936848
3939242
3939408
3941310
3942272
3943518
3943706
3943926
3944828
3945037
3945083
3945501
3945548
3946812
3946853
3947319
3948060
3949068
3949393
3949426
3949748
3949954
3950815
3951448
3952205
3952257
3952489
3952754
3953726
3953958
3954930
3954968
3956696
3957175
3957337
3957977
3958608
3958633
3959266
3959348
3960114
3960901
3961034
3961560
3963716
3963892
3963903
3964383
3964763
3964790
3965036
3965879
3967285
3967667
3968762
3968900
3968912
3969244
3970402
3970517
3970742
3972113
3974320
3975273
3976096
3977505
3977798
3977850
3978675
3978984
3979089
3979111
3980893
3981088
3982604
3983652
3983885
3985042
3985145
3985569
3985832
3985877
3986460
3987302
3987737
3987845
3988198
3988347
3988610
3989241
3990021
3990169
3990252
3990734
3991477
3991942
3993798
3994655
3994710
3994735
3995635
3996375
3996810
3997386
3997972
3998318
3999985
4000058
4000388
4000708
4000868
4001843
4002134
4003717
4006521
4006708
4006762
4007749
4008741
4008988
4009627
4009874
4011133
4012862
4013242
4013588
4013634
4013772
4014220
4015183
4016917
4017159
4017580
4018320
4019085
4019349
4019534
4020878
4021288
4021677
