78
826
1344
1653
2086
4406
4722
4803
5315
5452
5851
6407
6659
6893
7811
9319
9363
9513
9845
10132
10287
10521
10544
10825
10924
11528
11766
12706
12769
12805
13091
13276
13974
14410
14449
15147
16094
16354
17534
18369
18953
19408
21456
23709
23728
24398
24456
25778
25987
26462
26502
26828
27893
27993
28362
30552
31270
31278
31548
31971
32023
32991
33383
33545
33962
34481
34890
35289
35614
35819
36789
37890
38251
38293
38483
38490
39150
41512
42019
43161
43859
44230
44345
44515
45115
45169
45751
45752
46851
46905
47633
48174
48347
48387
48527
48898
49719
49866
50074
50095
51167
51223
52280
52433
52550
54093
54386
56040
56604
56803
58233
58749
59182
59298
59526
60006
60196
60957
61708
62163
62491
63165
63475
63684
63804
64366
64724
64944
65303
65668
67250
67976
68326
68461
69011
70370
70372
71196
71245
71439
71450
72233
72344
72494
72508
72722
74498
74741
75078
75913
76945
77149
78964
78984
79064
79748
79909
82120
83414
83841
84016
84430
84790
85616
86170
86511
87657
88770
88787
89099
90161
90373
90892
91010
91252
91828
92702
92722
92871
92953
94138
94817
94938
94954
95936
96392
96439
96951
98788
98797
99072
99428
99700
100002
100740
101702
101915
102155
102352
102532
103152
103562
104564
105466
105554
107006
107713
108500
108722
109126
109195
109197
109664
110019
110473
110861
115287
115319
115678
116071
116266
116943
117297
118036
118901
119045
119403
119627
119904
120306
121747
122212
123074
123315
124236
125138
126772
127484
128232
130642
131398
131642
131775
133861
134834
135363
136563
136990
137998
139031
139653
139773
140965
140979
141495
141695
142595
144040
144225
144860
146084
146215
146252
146780
146888
146928
147942
148055
148854
151757
152234
152984
153018
153235
154105
154858
155601
155810
156227
156339
156805
157090
157150
158061
158615
158815
159172
159640
159718
161676
161702
161838
162645
162716
163415
164354
165441
165497
165647
165816
166501
166799
166985
167068
167601
168533
168867
169039
170244
170354
170417
171189
172108
172911
173527
173538
174079
174605
174825
175161
175192
176718
178828
179320
179425
179458
179676
179870
180661
180875
182079
182541
182755
182966
183861
184772
184786
184935
185393
185614
186315
186673
188414
188437
188719
189520
189830
190472
190769
191213
191582
192168
192211
194195
194672
196483
197063
197303
198091
198368
198520
198536
198632
199032
200282
200516
200931
203468
203647
204949
205050
205968
206205
206466
207101
207361
207884
208085
208514
210035
210269
210605
211251
211627
212143
212213
212596
212860
213037
213632
215170
216667
216734
217678
218127
218732
219257
220369
220728
221960
222864
223105
224293
224587
224639
224688
225516
226204
226505
226898
227563
228118
228657
229143
229846
230749
231383
231824
231986
232779
232915
233159
233697
233757
233883
233908
234029
234341
234512
234796
235370
235407
235952
236028
236953
237491
238345
239329
240709
241291
241833
242914
245315
245774
245828
246591
247697
247929
248156
249699
249877
249977
250115
250474
252120
252437
253537
253637
253659
254046
255278
255313
256082
256731
257401
258651
259070
259202
259204
259463
259804
260213
261463
262375
263610
265196
265648
266341
267261
267269
270011
270733
271343
272041
272438
273482
273935
274149
274378
275497
276061
276254
276839
277761
278478
278499
278801
279423
279592
280807
281560
282083
283197
283304
283521
284913
285633
285983
286297
286730
287255
287538
288577
289420
289692
290526
291331
291547
292060
293119
293823
293955
294013
294372
295389
296035
296942
297120
297214
297276
297502
299892
300226
300343
300556
301000
301361
302166
302874
303997
304139
304663
304664
305245
305856
306981
307204
307775
308740
308901
309463
309910
310077
310614
310941
311210
311685
311784
312989
313051
313227
313353
313641
313648
314506
314827
315144
315964
316164
316283
316875
316929
317192
318117
318970
319483
319851
319918
320473
320596
321196
321374
321435
322011
322885
322968
323847
323895
324119
325836
326110
326949
326952
328652
329437
331002
331209
333398
334899
335828
335975
336412
337965
339479
341559
341722
341783
342299
344749
345317
346218
346458
347052
348153
348484
348904
348995
350137
350181
351751
351999
353753
354751
354783
355666
356036
356428
357704
357725
357943
359134
359913
360652
361120
361422
361791
361885
361967
362955
363684
364451
365774
367156
367273
367476
367763
367790
368145
369544
369555
369933
370583
370804
370910
371200
371909
372155
372248
372902
375053
375603
375741
376001
376122
376759
376974
378554
378611
379027
379212
380573
380702
381746
382121
383477
383855
385969
386206
386429
386846
387266
387642
387997
388199
389121
389504
391122
391233
391887
391907
393247
393457
393789
393845
394206
395159
395218
395984
396448
397215
398135
398567
398814
399281
399843
400121
401291
401853
402494
402667
402920
403129
403194
403414
403459
403647
405039
405476
407380
407528
408720
408902
408961
409528
410262
410960
411242
411884
412893
413034
413064
413564
414619
415558
415690
416445
416800
416906
417357
417466
417513
417597
418022
418128
418822
419634
419725
421195
421325
421465
421969
422924
424389
424534
424559
424563
424910
425943
426402
427141
427799
427860
428061
430085
430139
430249
431311
432427
432849
432915
433040
433068
433844
435772
436318
437213
437702
437942
438063
438202
438992
439209
439490
439950
440110
443859
443979
444309
444847
445666
447035
447169
447422
447481
448668
448759
449125
449737
449946
450535
451338
453042
453405
453447
454079
454752
454866
456241
459190
459739
460376
460470
461567
461750
461962
462289
462481
462485
462513
462782
462957
462999
464051
464319
466004
466045
466116
468194
468797
469155
469675
469886
470267
470755
470792
471298
471775
471963
472812
472907
473844
474181
474402
474512
474528
475145
475933
476846
476851
476878
477023
477931
478054
478777
479906
479978
480400
480546
482215
482241
482600
483571
483935
484177
484801
485027
485164
485862
486100
486789
487168
488036
488641
489122
489854
489909
490043
490074
490774
490830
491350
492099
492375
493145
493292
493736
494036
494851
494926
495536
495868
495911
496367
496656
496720
498059
498248
499513
500414
500503
501399
502016
502144
504664
506747
508133
508350
508847
509007
509678
510379
510718
510957
511660
512455
512742
513461
514019
514135
515577
515663
516463
516548
517223
517346
517694
518449
519133
519467
519850
521114
521796
522151
522157
524429
526750
527076
527330
527735
528033
528502
528646
529728
530394
531914
533318
534024
534968
535036
535976
536211
537419
537832
538062
538519
538588
539085
539276
539380
539949
540288
540560
540975
542097
543052
543880
544452
544930
545126
545462
545714
545958
546078
546598
546614
546634
547162
548761
549490
550060
550176
550202
550256
550943
551517
551588
553173
553353
553588
554026
554204
554223
555765
555841
555851
556053
556584
556630
556854
557781
558153
558281
558298
558314
558527
560673
561583
562573
564090
564560
564610
565098
565474
566260
567354
567420
568740
568962
570134
570878
572173
573407
574574
574732
574809
575536
575691
577799
577800
578991
579344
580024
581604
581950
584251
584296
585500
585612
586361
586477
586845
587400
587499
588786
588863
589779
590421
590619
590866
591061
591279
592361
594794
595074
596643
596956
599255
599701
599810
600820
601136
601322
601372
601424
602058
602114
602331
603009
603582
603830
604828
605361
606332
606869
607109
607300
608382
609181
609604
609736
609808
609935
610906
611166
611181
612054
612249
612414
613073
613131
613375
613427
614944
615456
615832
615913
616905
616934
616968
618083
618163
618446
618606
619208
619281
619857
620452
621554
622376
622458
623192
623984
624070
624259
624950
625012
625114
625246
625752
625815
625986
626599
626710
626773
628013
628975
629277
629545
630461
630532
630784
630883
631222
631506
632533
632793
633797
633901
635064
635389
636170
636283
636554
638268
638450
638481
639298
640863
641969
642023
642989
643330
645226
645902
645978
646020
648327
648474
648835
650236
650413
650527
650645
650928
650969
650999
651541
651566
651994
652849
653043
653044
653600
653622
654699
655870
657705
657764
658267
660441
661515
661679
662721
663048
663686
663987
664143
664398
665130
666115
666127
666728
668287
672854
675145
675337
675722
677049
679570
680133
681031
683236
683673
684536
684686
684762
684812
685899
686190
686424
686469
686813
687685
688947
689319
689527
690719
691394
691826
693333
693398
693522
694694
696162
697154
697641
697848
698325
699697
700552
700575
701947
702578
702831
704286
707093
707784
708780
711251
712778
712817
712981
713198
713284
714128
715978
717219
719070
719354
719976
719979
720001
720027
720083
720745
720811
722242
722502
722913
723256
723313
723599
724373
724495
725351
726503
726615
727063
727800
729220
729596
730425
730478
731192
731511
732029
732242
732558
732601
732790
733238
733297
734631
735173
736142
736336
736540
736678
736750
737410
737743
737926
738136
738609
739070
740264
740288
740362
740375
741195
741682
744718
745385
745777
747182
747676
748078
748219
749068
749468
749622
749738
750402
751364
751542
752027
752049
753188
753985
755963
756040
757914
758581
758868
760262
760780
760825
761741
762114
762289
763096
763444
764070
765184
765275
765505
766026
766328
766665
767357
768557
769347
769795
769807
769810
769950
770543
770675
771823
772382
772470
772786
774283
774695
776095
776700
776720
776727
776803
779120
779263
779620
779716
780071
780159
780617
780740
780783
783252
783959
784696
787017
787794
789759
789914
791360
792057
792329
792743
792763
793137
793152
793551
793780
794127
794310
794485
794695
797025
797040
797066
797508
797964
800244
801915
802195
802544
802697
803228
804066
804095
804167
804226
804600
804607
804810
805047
805093
805342
805805
806063
806270
806817
807707
808209
808661
809696
809777
809853
810171
810300
810610
811237
811915
812447
813267
815053
816239
816558
816593
816978
817418
818047
819449
819740
820539
821118
821835
822504
822518
823077
824084
825145
825303
825831
826197
826327
827871
828329
830353
830849
831135
831216
831411
834227
834401
834633
835036
837527
837764
838455
838756
839685
840827
840844
841737
841837
843181
843760
846634
847100
848113
848990
849008
849045
849674
850168
851012
852959
853331
853558
853797
854238
854453
854616
854881
855849
856492
857130
857172
857373
857441
857512
858864
859760
859837
861623
861646
861795
862283
862686
865330
866354
866750
866978
867221
867770
867964
868232
868853
869587
869907
870696
871099
871542
873732
874228
876591
877045
877532
878795
879702
879731
879869
880314
881550
883966
884726
884783
885604
888202
889594
890425
890483
890527
891324
891581
892430
893027
895030
895873
896391
897752
898729
898766
899494
900519
901207
901230
901449
902429
903476
903722
904852
905577
905876
906187
908137
908377
909150
910084
910298
912423
912496
913374
913662
914191
914322
914476
914859
916930
917207
917288
917512
917552
918286
918372
918400
918868
919319
919359
920975
921368
921873
923384
924148
924357
925603
927448
927647
929531
930166
930452
930904
930943
930984
931077
931347
931400
931540
932153
932180
932314
933418
933448
933860
933940
934457
934549
934766
935767
935910
936399
936736
937085
937128
937917
938278
938557
938947
939972
940345
940706
940879
941698
941876
941974
943309
944023
944556
944968
946398
947304
948483
950400
951486
952429
953322
953682
954199
954508
954788
955905
958590
958917
958921
962580
963114
963768
965338
966462
968419
969002
969455
970955
971225
972032
972464
972904
973148
973295
973510
974077
975979
976627
976806
977024
977435
978683
979917
981216
982321
984823
985581
986133
986791
986944
987915
988992
989959
991098
991855
992524
992642
992727
992993
994205
994483
994810
995036
995872
996622
997273
997643
997856
998067
1002660
1002805
1003518
1006533
1006992
1008254
1009370
1009835
1010861
1011723
1012123
1012516
1012702
1012912
1013029
1013118
1013465
1014148
1015626
1015824
1015874
1017129
1017168
1017992
1018112
1018767
1019206
1019627
1020782
1021162
1022358
1023233
1024744
1025023
1025171
1025744
1026380
1026996
1028797
1030057
1030637
1031517
1033034
1033050
1033801
1034459
1035952
1036665
1037090
1038329
1038887
1039895
1040912
1040974
1041817
1042166
1042342
1042458
1043656
1043714
1045509
1046515
1046651
1047224
1047375
1048182
1048271
1048942
1049191
1049284
1049643
1049935
1051180
1051860
1051936
1052589
1052670
1052865
1053598
1055446
1055791
1056972
1057104
1057531
1057661
1057677
1057806
1059016
1060364
1060548
1060973
1063408
1063929
1064006
1066241
1066889
1068534
1070084
1070779
1072122
1072687
1072720
1072982
1072997
1073208
1073428
1074909
1075284
1077156
1077522
1078694
1078715
1079224
1079548
1080046
1080405
1082813
1084783
1084786
1085155
1085917
1086612
1086661
1086814
1086894
1088595
1088725
1089166
1089621
1089709
1089758
1093289
1093513
1093518
1093737
1093877
1094093
1094732
1096191
1096371
1097121
1097536
1097707
1097927
1098114
1098450
1101269
1101385
1103274
1103651
1104794
1105686
1106400
1106771
1107606
1107806
1108445
1108603
1109102
1109444
1109533
1110201
1110219
1111132
1111908
1111954
1112348
1114038
1115939
1117068
1117233
1117530
1117895
1117942
1119729
1120345
1121246
1121589
1122087
1122371
1123064
1123117
1123811
1124082
1125802
1126054
1126245
1127345
1127492
1127543
1127782
1127881
1130432
1130966
1131679
1132370
1132678
1133519
1134900
1135634
1136414
1136586
1136868
1137577
1137745
1139556
1139818
1139878
1141256
1141481
1141954
1142304
1142334
1142928
1142944
1144219
1145119
1147119
1147477
1148483
1148525
1149190
1150785
1150962
1151056
1151623
1151944
1155623
1156816
1157080
1157140
1157190
1157222
1158029
1158055
1159941
1160002
1160025
1160434
1161243
1164008
1164654
1166354
1167214
1167550
1168763
1168768
1170008
1170164
1172443
1173024
1173740
1173741
1174014
1174106
1174392
1174771
1175776
1175959
1176511
1176630
1176697
1176823
1177034
1177091
1177526
1177813
1180132
1183794
1184357
1184636
1185987
1186039
1186344
1186677
1187242
1188912
1191353
1191495
1192246
1192383
1192829
1193185
1193438
1193765
1194162
1195588
1195638
1196125
1196426
1196764
1197501
1197530
1197534
1198021
1198051
1199472
1200661
1202244
1202616
1204267
1204832
1204945
1205307
1205964
1207665
1207723
1207925
1207967
1209249
1209416
1209485
1209671
1210162
1210356
1210497
1211071
1212908
1214330
1216042
1216336
1216407
1216584
1217659
1218136
1218440
1219192
1219473
1219595
1219671
1220697
1221655
1222250
1224335
1224913
1224951
1226535
1227569
1228180
1228392
1229479
1229771
1229931
1230237
1230503
1231557
1232602
1234284
1235815
1236022
1236663
1236884
1237038
1237234
1237705
1237931
1240430
1240719
1242726
1242956
1243575
1243661
1244469
1244517
1244667
1245866
1246703
1247551
1247991
1248053
1248118
1248952
1249038
1249503
1250004
1250055
1250256
1250599
1250601
1250782
1251675
1251959
1252465
1252469
1253495
1253834
1254478
1254703
1255420
1256528
1256678
1257414
1257991
1258568
1259953
1260153
1260641
1261687
1262084
1265008
1265045
1265324
1265924
1267129
1267144
1267977
1268570
1268838
1269022
1269113
1269570
1271003
1272645
1272765
1273314
1273848
1275189
1276383
1276514
1278375
1279511
1279617
1279894
1280039
1281341
1281908
1282092
1282111
1282564
1282870
1283601
1285933
1286509
1286932
1288226
1288313
1288910
1288923
1289452
1290632
1292324
1292557
1293027
1293071
1293090
1293655
1293864
1293886
1294090
1294246
1295132
1296241
1296854
1296867
1297083
1297089
1297313
1299109
1302332
1303634
1304684
1305089
1306132
1308017
1308498
1309500
1311380
1311677
1313737
1313876
1314912
1314996
1315614
1315659
1316233
1316249
1317253
1317398
1317810
1318078
1318291
1318609
1320210
1320656
1321970
1322308
1323063
1323668
1324289
1324405
1324558
1325056
1325269
1325504
1326342
1326461
1326666
1327827
1327882
1327939
1328082
1328223
1328339
1329118
1329822
1330733
1332319
1334032
1335649
1336117
1336165
1336326
1336507
1338453
1338644
1339031
1339963
1340633
1340673
1340982
1341157
1341977
1342584
1342959
1343543
1344256
1345326
1345665
1346361
1346913
1347894
1349308
1349344
1349977
1350117
1350943
1352030
1352138
1352836
1353001
1353014
1353675
1354763
1355092
1355896
1356062
1356303
1356574
1356941
1357233
1357378
1358410
1358725
1358746
1358894
1359448
1360809
1361240
1361757
1363000
1363019
1363237
1363761
1364210
1364409
1364413
1366719
1366934
1367301
1367751
1368130
1368629
1368769
1369674
1372147
1373386
1373880
1375016
1376029
1376752
1376786
1377711
1378047
1378246
1378761
1379132
1380525
1380976
1381103
1381707
1382162
1382590
1382930
1383806
1384621
1386152
1386613
1386871
1387116
1387145
1387263
1387348
1387562
1388609
1390077
1390891
1391288
1392150
1394140
1394856
1394884
1394945
1394972
1395308
1397518
1398021
1398879
1399763
1401567
1401969
1402099
1402246
1402755
1403202
1404681
1404900
1405663
1405951
1406501
1406698
1407439
1407480
1408904
1409544
1409712
1410442
1410939
1411912
1412087
1412552
1414181
1415268
1415317
1415323
1415473
1416700
1418342
1419339
1419409
1419660
1420059
1420186
1420458
1420739
1421406
1423757
1426602
1428305
1428933
1429396
1429966
1430091
1430412
1431029
1431532
1432544
1432761
1433028
1433121
1433902
1434260
1434519
1434575
1434831
1435559
1436673
1436907
1437091
1437131
1437685
1439016
1439822
1440447
1440870
1441484
1441553
1441874
1442054
1444065
1444149
1445422
1446703
1447421
1447544
1447693
1449256
1449418
1451098
1451496
1451532
1453044
1454167
1454196
1454718
1455751
1456894
1457825
1458977
1458994
1459466
1460514
1463687
1465778
1466184
1466627
1468473
1471490
1471538
1471638
1472188
1472233
1472944
1473729
1475023
1476065
1476874
1477439
1477737
1477989
1478440
1478606
1478885
1480612
1480635
1481581
1482410
1482944
1483076
1485491
1485518
1485805
1485900
1485902
1485935
1486958
1487223
1487617
1487733
1488654
1488922
1489554
1489938
1490335
1490593
1491144
1491465
1492803
1493441
1494846
1495273
1495769
1496931
1496962
1497028
1497702
1498131
1498332
1498708
1498728
1499274
1499760
1499954
1500310
1500509
1500694
1500748
1500976
1500995
1501268
1501654
1502264
1503446
1503912
1504488
1505041
1505148
1505440
1505574
1505689
1505987
1506278
1508063
1508414
1508741
1509787
1510536
1511238
1511292
1511492
1511862
1512114
1512287
1512992
1513513
1514995
1515045
1515681
1517397
1518329
1519464
1519946
1520034
1520857
1520911
1521301
1521619
1521680
1522458
1527810
1529514
1529606
1530301
1531471
1531821
1531960
1533406
1534087
1537709
1538541
1540093
1540768
1541681
1542450
1542736
1543315
1545461
1545582
1546150
1546935
1547097
1548077
1548764
1549363
1550478
1550597
1552210
1552592
1552886
1553005
1553011
1553297
1553375
1553433
1554604
1554674
1555126
1555861
1557049
1557106
1557201
1557524
1557610
1557756
1558019
1559481
1560149
1560355
1560510
1561839
1562232
1562344
1563548
1563583
1565207
1565790
1565920
1566096
1566101
1566109
1566396
1566563
1566590
1566980
1567836
1568561
1569050
1569798
1570055
1570738
1570796
1570857
1571022
1571503
1572174
1572334
1572915
1573093
1573561
1573677
1574369
1574869
1575470
1576258
1576846
1578550
1579407
1579921
1581033
1583225
1583571
1584862
1585425
1585927
1586530
1587018
1587062
1587175
1587903
1588757
1589123
1589293
1590064
1590958
1591378
1591981
1592432
1592466
1593984
1594023
1594853
1596331
1597570
1597909
1598482
1599085
1599447
1600735
1600993
1601161
1601576
1601642
1601988
1602712
1602818
1603942
1604076
1604638
1605490
1605684
1606208
1606242
1606331
1606680
1607157
1607263
1607880
1609616
1609634
1609686
1609993
1610130
1610866
1610911
1611551
1612013
1612107
1612785
1616068
1616691
1618130
1618273
1619267
1621544
1621709
1621787
1622048
1622151
1622366
1622403
1622983
1623094
1623400
1623872
1628618
1629595
1629817
1630664
1630848
1632417
1633986
1634306
1634816
1635232
1636713
1637543
1639467
1639745
1639957
1640030
1640264
1640432
1642107
1642314
1642619
1642682
1643189
1644049
1644807
1644929
1645281
1645935
1645960
1646508
1646879
1646965
1648126
1648173
1648307
1650834
1651436
1653732
1654551
1654956
1656441
1657389
1657896
1658517
1658598
1660932
1662163
1662668
1662697
1663082
1663276
1664181
1664278
1665538
1665716
1665824
1666691
1666742
1667198
1668785
1669190
1669289
1669393
1670051
1671690
1671862
1672103
1672418
1673056
1673217
1674442
1674739
1675558
1676438
1676504
1678590
1678942
1679401
1680115
1680352
1680358
1681513
1682216
1682442
1683431
1684179
1684359
1686350
1686710
1687662
1687919
1688169
1688870
1688957
1689246
1689765
1690031
1691209
1691511
1692367
1692448
1692741
1695231
1695760
1696509
1696531
1697035
1697868
1700208
1700450
1700623
1701718
1701896
1702131
1703911
1705386
1705641
1706001
1706239
1706424
1706582
1707752
1708542
1708822
1709700
1709837
1710057
1710616
1711180
1712142
1712300
1712396
1712570
1714052
1714417
1715015
1715266
1715286
1715344
1716339
1716809
1718077
1718651
1719548
1719804
1720894
1721143
1721226
1722073
1723869
1724099
1725983
1726800
1727102
1727521
1727669
1728179
1729561
1730409
1731309
1732393
1734059
1736684
1737447
1737921
1738568
1738781
1739427
1739553
1739838
1740478
1741108
1741306
1741646
1742795
1743870
1743983
1744913
1744937
1746431
1747997
1748586
1749707
1749741
1750153
1751163
1751631
1751774
1751809
1751834
1751932
1753127
1753616
1755540
1757902
1759331
1759516
1759879
1760050
1760217
1760251
1761007
1763219
1763318
1764165
1764532
1764791
1765154
1765928
1767079
1767585
1768257
1768716
1768723
1770281
1770311
1770570
1771567
1771657
1772166
1772517
1772650
1773481
1774004
1774037
1775010
1775046
1775751
1776065
1776923
1779249
1779991
1780448
1780469
1781305
1781319
1782123
1782327
1783162
1783350
1784137
1784282
1784447
1784616
1784723
1786346
1786642
1786764
1789382
1789891
1790115
1791038
1791948
1792137
1792761
1793176
1796477
1796687
1797272
1797487
1799237
1799359
1800198
1800470
1801121
1801129
1801256
1802567
1802635
1802864
1803553
1804240
1804311
1804334
1805246
1805358
1805703
1806699
1807350
1808771
1808977
1809171
1810005
1810444
1810795
1810825
1811146
1812976
1813376
1814940
1815317
1815469
1815780
1815967
1816171
1816250
1816718
1817319
1818097
1818451
1818548
1819823
1820327
1820427
1820436
1821097
1821990
1823047
1823544
1823843
1824232
1824454
1825873
1826660
1827202
1827831
1828834
1829772
1829943
1830591
1831289
1831784
1831980
1832517
1832901
1833441
1834232
1834924
1835084
1835208
1836024
1836858
1837416
1837952
1838094
1838409
1839153
1839462
1839600
1840419
1842553
1842661
1844255
1845273
1845801
1846971
1846987
1847842
1848243
1850207
1851576
1851756
1853230
1853412
1854380
1854928
1855093
1855256
1855617
1855740
1855819
1856200
1856313
1856538
1856714
1857695
1858359
1858894
1859290
1859589
1860717
1862115
1863619
1864468
1864566
1864683
1867496
1867556
1867564
1868347
1868577
1868632
1868905
1869163
1869534
1869848
1870671
1870848
1870907
1872368
1872407
1873103
1873363
1874582
1876370
1876791
1877447
1877793
1878562
1879099
1879682
1879728
1879883
1880312
1880803
1880880
1881005
1881208
1882306
1884475
1885291
1886048
1887116
1888681
1888863
1889226
1889434
1890124
1890900
1890903
1891773
1892813
1894037
1894202
1894522
1896605
1898445
1898502
1898674
1899242
1901208
1901568
1902277
1902368
1903072
1903561
1903715
1904336
1906775
1907551
1908301
1909755
1910456
1910605
1911286
1912042
1913144
1913377
1915658
1915862
1916535
1916548
1917078
1917614
1917802
1918921
1919472
1919631
1920084
1921940
1922612
1922959
1923231
1923862
1927236
1928029
1929451
1930402
1932441
1932468
1934399
1934849
1935166
1935253
1936223
1936903
1936929
1937019
1937524
1937635
1937734
1937829
1938266
1938281
1939277
1939910
1939922
1940458
1941324
1941769
1942356
1943227
1943612
1944081
1944731
1944833
1945120
1946281
1946693
1947734
1948664
1948855
1951070
1951209
1951545
1952035
1952340
1955308
1956012
1956034
1956053
1956086
1956118
1956221
1957311
1957354
1957820
1958209
1959114
1961627
1961793
1961847
1962847
1963663
1965742
1965806
1965886
1967325
1967803
1968176
1972267
1972299
1972579
1973151
1973203
1974207
1975245
1975253
1976930
1977558
1977897
1979421
1979481
1979572
1979796
1980033
1980227
1980614
1981362
1982274
1982593
1984635
1985383
1985538
1985617
1985652
1986641
1987407
1988495
1989081
1990908
1992337
1994498
1994923
1996150
1997241
1998011
1998841
1999730
2000092
2000171
2000448
2000522
2000660
2001909
2001912
2003139
2003446
2004008
2004370
2005487
2006604
2006642
2008015
2009979
2010062
2010449
2011180
2011271
2011685
2012182
2012330
2014364
2014875
2015249
2015832
2016053
2016377
2016830
2017254
2017897
2018902
2019441
2019476
2019881
2020294
2020638
2020863
2021906
2022447
2023316
2023634
2024459
2024845
2025463
2028839
2029097
2029604
2031342
2032473
2032671
2033166
2033568
2033710
2034194
2034712
2034913
2035042
2035216
2035322
2035409
2036075
2037384
2038036
2038676
2038744
2039504
2039622
2039775
2040098
2040632
2041301
2041537
2041717
2041730
2041745
2042076
2042185
2042539
2043161
2043791
2044318
2044677
2045470
2045479
2045907
2046716
2047223
2047729
2048066
2048352
2048545
2049338
2049420
2049458
2050135
2050361
2050665
2051041
2051478
2051557
2051765
2052431
2054733
2056128
2056309
2056819
2057130
2058113
2058157
2058867
2059070
2059226
2059286
2060420
2060529
2061179
2062053
2062367
2063548
2065771
2065838
2065936
2066583
2066622
2066790
2068311
2069550
2069923
2072668
2072715
2072935
2074116
2075525
2076064
2076782
2076903
2078159
2078378
2078712
2081498
2081566
2081580
2082790
2083476
2083755
2084852
2085037
2085068
2085595
2086139
2087350
2089323
2089793
2089928
2090032
2090170
2090426
2090732
2090833
2090849
2091067
2091385
2091783
2092368
2093877
2094819
2097731
2098925
2099083
2099241
2101312
2101546
2101649
2102552
2103483
2103610
2103892
2104796
2105825
2107332
2108016
2108380
2108388
2108529
2108819
2108826
2109135
2109443
2110383
2110398
2110445
2110962
2111301
2111865
2112137
2112273
2112717
2113577
2114248
2114676
2115207
2117646
2117724
2118939
2119115
2119128
2120722
2120988
2121193
2121721
2124848
2125455
2125518
2126665
2127373
2128012
2128313
2129524
2129599
2129780
2130822
2131337
2131603
2133604
2135158
2135821
2135854
2136252
2136955
2140150
2140679
2140980
2141059
2141436
2142456
2143338
2143544
2144167
2144475
2145180
2146731
2147595
2147639
2148692
2150674
2150686
2150854
2151007
2151145
2152161
2153058
2153400
2153496
2153792
2154036
2154631
2154683
2154711
2154915
2154934
2155345
2155726
2155737
2158633
2158665
2158961
2159370
2160219
2160567
2161475
2161972
2162382
2162710
2162748
2163364
2164340
2164704
2164804
2167221
2168626
2171378
2171621
2171807
2172404
2172582
2172988
2173132
2173356
2173569
2174021
2174330
2174334
2174414
2174771
2175862
2175969
2176060
2176473
2177244
2178537
2178787
2180471
2180766
2181003
2181761
2182029
2182201
2183344
2184172
2185308
2186216
2187783
2189565
2190497
2191138
2191298
2191356
2191931
2192777
2193215
2193233
2193347
2193806
2193867
2194373
2194388
2194926
2196282
2196423
2197452
2197703
2197892
2197897
2199956
2204829
2206029
2207966
2208811
2209069
2209368
2209401
2209422
2210987
2211226
2211255
2211507
2211751
2212020
2212849
2213050
2213941
2214394
2214712
2214895
2215460
2216037
2216228
2216623
2218294
2218825
2219301
2219448
2220115
2220826
2220926
2221786
2222149
2222552
2222793
2223209
2223801
2225825
2226314
2227165
2228763
2228827
2228997
2229244
2229287
2229346
2229922
2230088
2230709
2230731
2231369
2231480
2234573
2234863
2236030
2237047
2237458
2237854
2238028
2238250
2238579
2240286
2240326
2241202
2241520
2242264
2243627
2245699
2246731
2247245
2247271
2247357
2247474
2248734
2249076
2250079
2250864
2251388
2252105
2253132
2253142
2253530
2253590
2254734
2255912
2256514
2256758
2257418
2257684
2260095
2260829
2261780
2264062
2264985
2266186
2266282
2267691
2267726
2268282
2268889
2268890
2269681
2269885
2270071
2270619
2272218
2272303
2272971
2273393
2273955
2274162
2274585
2276394
2276858
2278093
2278536
2279731
2280269
2280274
2280625
2281578
2282304
2283282
2284735
2285506
2286024
2286051
2286068
2286305
2287036
2287752
2287936
2288393
2288535
2288556
2288668
2289043
2290326
2290521
2291182
2291919
2292118
2292499
2292763
2292825
2293572
2294318
2295478
2295894
2297996
2298521
2299631
2299963
2300032
2300331
2301294
2301689
2303297
2303697
2303967
2304289
2304310
2305587
2306676
2307534
2307603
2307661
2308688
2309589
2310074
2310306
2310630
2311942
2312354
2312594
2313554
2314320
2314502
2315794
2316840
2317481
2318893
2319018
2322105
2322327
2322497
2322506
2323031
2325218
2325743
2326199
2326785
2327290
2327383
2329298
2329611
2329651
2330403
2331877
2332536
2333241
2333493
2334222
2334282
2336427
2336730
2337230
2337381
2337462
2337909
2338447
2338513
2340070
2341012
2341414
2342397
2342865
2344458
2344666
2345304
2345799
2346979
2347367
2347524
2348478
2349507
2350416
2350755
2351181
2351390
2351467
2351739
2351871
2351969
2352398
2352764
2353359
2354128
2354842
2355091
2355740
2356337
2356931
2357292
2357355
2357575
2357841
2359403
2359754
2359867
2360189
2360354
2360744
2360952
2361635
2362551
2362833
2363998
2364224
2364854
2366391
2367774
2368411
2368959
2369694
2369977
2370039
2370256
2371285
2373909
2374099
2374390
2375810
2376091
2378182
2378714
2380252
2380400
2380438
2381151
2382634
2382988
2383638
2384207
2384494
2384503
2385241
2385808
2386188
2386301
2388697
2390220
2390953
2392644
2393199
2394009
2395027
2395358
2396066
2396168
2396543
2396575
2397220
2398552
2398967
2400345
2400725
2400795
2400875
2400885
2400899
2401512
2403470
2403877
2404796
2405041
2405255
2405470
2406426
2407722
2408732
2409542
2411044
2411274
2411525
2411880
2412676
2413145
2413887
2414375
2414442
2414646
2416041
2416497
2417386
2419054
2419122
2419755
2421115
2421326
2421750
2421751
2424664
2424864
2425097
2425490
2426370
2427730
2428455
2428664
2430693
2432845
2432960
2433420
2433818
2434029
2434235
2434470
2435296
2435761
2435965
2436199
2437303
2438015
2438323
2440278
2440602
2441049
2441140
2441276
2442802
2443147
2444029
2444700
2445429
2447199
2447677
2447840
2447877
2448401
2449428
2451489
2453234
2453682
2453932
2454044
2454383
2454452
2455329
2455407
2457999
2458047
2458945
2459859
2460348
2460614
2461809
2462191
2462215
2462308
2463545
2463660
2464467
2465439
2466319
2466464
2466709
2468265
2469522
2470887
2471266
2471329
2472286
2472434
2472478
2473818
2474602
2475220
2475393
2475483
2477329
2477353
2477776
2477917
2478076
2478235
2479998
2481052
2481213
2481464
2482610
2483505
2483711
2484290
2486019
2486892
2487320
2487830
2488153
2488640
2490269
2490373
2490408
2491308
2491408
2491472
2492425
2492864
2493100
2493859
2494759
2495334
2495612
2495914
2495954
2496562
2496992
2497203
2497549
2497784
2500077
2500415
2500803
2501031
2501363
2501633
2501737
2501969
2504532
2504865
2505540
2505644
2505685
2506096
2506415
2507754
2508017
2510562
2511593
2512102
2512145
2513296
2513382
2513516
2514916
2515142
2515584
2516464
2517054
2518116
2518888
2518999
2519433
2519477
2519640
2519770
2520167
2520549
2520710
2521601
2521674
2521964
2522607
2523363
2524447
2524850
2525261
2526115
2528318
2528573
2528979
2529025
2530123
2530668
2531746
2532010
2532143
2532788
2533905
2533936
2535074
2535534
2535987
2536505
2537247
2539052
2539319
2539688
2540639
2541162
2542225
2542263
2542512
2542551
2542826
2544262
2546111
2546210
2546558
2547648
2549177
2550700
2551111
2551152
2551650
2552440
2552475
2554739
2554816
2554903
2555006
2555576
2556987
2557419
2559001
2560627
2560833
2561538
2561880
2562415
2562571
2562986
2562989
2563515
2563834
2563887
2563922
2564101
2565236
2565734
2565870
2566277
2566357
2566515
2566775
2567059
2567924
2567931
2570137
2572105
2572662
2572931
2573180
2574464
2574733
2575654
2575851
2576714
2576773
2577032
2577096
2577817
2578127
2579291
2579832
2580250
2580419
2580552
2581381
2583204
2583897
2584449
2585401
2585424
2586157
2587668
2587812
2587920
2588290
2590015
2590491
2590694
2590806
2591042
2592620
2593560
2593568
2594081
2594541
2595112
2595559
2597800
2598663
2598875
2599348
2599468
2599984
2601209
2601648
2602324
2602625
2602819
2603020
2603238
2603373
2603906
2604155
2604563
2604903
2605243
2605977
2607611
2607793
2608342
2609081
2609852
2612077
2612994
2612996
2614084
2614430
2614711
2614908
2615900
2615946
2616440
2616663
2617008
2618052
2618274
2618826
2619971
2622255
2623715
2623763
2624505
2624674
2624868
2625693
2626273
2626579
2627064
2627218
2627451
2629215
2629607
2630027
2630174
2631179
2635757
2636471
2637035
2639305
2640549
2640626
2640835
2641478
2642491
2642628
2643708
2644170
2644211
2644264
2644310
2645112
2645160
2645287
2645421
2646197
2646387
2646576
2648195
2649425
2649487
2649649
2649718
2649825
2651185
2653851
2655081
2655231
2655341
2655608
2655983
2656142
2657026
2657093
2657765
2657773
2658370
2660027
2660126
2661807
2662140
2662183
2662264
2662967
2663093
2665606
2665693
2666226
2667020
2667171
2667312
2667344
2667733
2668509
2668551
2669725
2669916
2670293
2671975
2672525
2672876
2673278
2673817
2674201
2674698
2674779
2674817
2675745
2675756
2675922
2676141
2677050
2677120
2677202
2677231
2677576
2678119
2679908
2680635
2681437
2681962
2682266
2682405
2685072
2685123
2685966
2689053
2689957
2690203
2690731
2690830
2691444
2692689
2693124
2693135
2693715
2695253
2695487
2695630
2696328
2698168
2698445
2698455
2699654
2700282
2700365
2700437
2702074
2702482
2703344
2703438
2703482
2704911
2705192
2705229
2705471
2706147
2706634
2706698
2707154
2707246
2708740
2708827
2709793
2711544
2711649
2712137
2713227
2713279
2713372
2714683
2715174
2716462
2718152
2718721
2718924
2719445
2719514
2719857
2720192
2721946
2722078
2722627
2723690
2724287
2724355
2724550
2724642
2724728
2725256
2725647
2726086
2726654
2727122
2727853
2727874
2730215
2730284
2730345
2731533
2732334
2732974
2733242
2734471
2734638
2734738
2734945
2735439
2737082
2738077
2738336
2738770
2739307
2739409
2742084
2742380
2742904
2745037
2746166
2749094
2749119
2749815
2749865
2750168
2750642
2751111
2751524
2752039
2752043
2752491
2752776
2753067
2753741
2755025
2755403
2755645
2757451
2757918
2758834
2759406
2760718
2761935
2761942
2762008
2762148
2762982
2763747
2764519
2764701
2764796
2765062
2765238
2765773
2766003
2766868
2767329
2767446
2767656
2767782
2768133
2768398
2768795
2769054
2770257
2770627
2770973
2771930
2772498
2773230
2777633
2777787
2777923
2778146
2778382
2778960
2779536
2780216
2780299
2780580
2782146
2783307
2783354
2783511
2783739
2783790
2784133
2784879
2785418
2786228
2786629
2787037
2787247
2787516
2788154
2788195
2790095
2790110
2790382
2790825
2791097
2791706
2791895
2791929
2793994
2796040
2796662
2797159
2797163
2798749
2799069
2799498
2800300
2800931
2801591
2802018
2802144
2802345
2802539
2803741
2803872
2804969
2805362
2805640
2806376
2807583
2808787
2809700
2809754
2810504
2810964
2811358
2811714
2811770
2811985
2812050
2812101
2812503
2812541
2812841
2812896
2814095
2815006
2815379
2815581
2815716
2816141
2817071
2817137
2817504
2818405
2819299
2820169
2822522
2822907
2823038
2823229
2825513
2825787
2826259
2826640
2826710
2827007
2828011
2828402
2828681
2828883
2830045
2830267
2830271
2830466
2830756
2830861
2831112
2831640
2832497
2832741
2832932
2834966
2835124
2836949
2837083
2837175
2837369
2837873
2838082
2838893
2841027
2841143
2841277
2841766
2842602
2842773
2843095
2844591
2845393
2846253
2846472
2846480
2848374
2849652
2851128
2853752
2855420
2855589
2856043
2856127
2857527
2858478
2859052
2859214
2860166
2860718
2860783
2860909
2861067
2862609
2862770
2863022
2863837
2864652
2866399
2867287
2867753
2867862
2868445
2868644
2868884
2869328
2869477
2870234
2870479
2870624
2870815
2871802
2872204
2872357
2872751
2873479
2874106
2874951
2875935
2876267
2876315
2876656
2877634
2878601
2879872
2880236
2880636
2880905
2881641
2881656
2882105
2882234
2884168
2885808
2886378
2888003
2888760
2888909
2889077
2889560
2890298
2890687
2891586
2891615
2892364
2892579
2894629
2894700
2894852
2895326
2895486
2895773
2895983
2896389
2896523
2896595
2896846
2898078
2898674
2898699
2899041
2900436
2901560
2901617
2901812
2901834
2903114
2903910
2904454
2905944
2905957
2906908
2907178
2908864
2909712
2909729
2911093
2912666
2912773
2912868
2915059
2915203
2916120
2916428
2916481
2916929
2917243
2917946
2918405
2918725
2919451
2919489
2919534
2919725
2919828
2920020
2920367
2920607
2920920
2921327
2922772
2923173
2923973
2924254
2925309
2925601
2925743
2928137
2928985
2929684
2930176
2930534
2931444
2932475
2932507
2932538
2932592
2932630
2932803
2934158
2936227
2937376
2937419
2938135
2938685
2938924
2938969
2939842
2939873
2941247
2942263
2942846
2943143
2943242
2943552
2943556
2944966
2945120
2945570
2946069
2946151
2946237
2946603
2946796
2947725
2949225
2949248
2950578
2950819
2951785
2951879
2952013
2952279
2952442
2952837
2955087
2955298
2955588
2956241
2957748
2957824
2960256
2961141
2961253
2961316
2962097
2962420
2963116
2963610
2964316
2964955
2965208
2965867
2966072
2966276
2966339
2966391
2966941
2968036
2969072
2969680
2970305
2970728
2970786
2970987
2971172
2972313
2972377
2972488
2972912
2973658
2974135
2974182
2974694
2975106
2975419
2976186
2977190
2978812
2979218
2980072
2980375
2981440
2982041
2983261
2983521
2984210
2984697
2985159
2986168
2986542
2986560
2987526
2988032
2988621
2988852
2989853
2989903
2990111
2990452
2990454
2990711
2991072
2991305
2991429
2992847
2993092
2993713
2994472
2995389
2995616
2995890
2996187
2997037
2997806
2998092
2998290
2999044
2999190
3000371
3000440
3001309
3002942
3003987
3005578
3005654
3006198
3007660
3007738
3008007
3008468
3008481
3009847
3010283
3011921
3012324
3013438
3014243
3014767
3014821
3015378
3016231
3017578
3017775
3017830
3018708
3018976
3018988
3019377
3019861
3021149
3021259
3022528
3022616
3023379
3023394
3026090
3026163
3026520
3027009
3028235
3028554
3028821
3029583
3030750
3033132
3033298
3033716
3034929
3035479
3036343
3036899
3037230
3037774
3038023
3038259
3038368
3039777
3040846
3042792
3043521
3044052
3045866
3046172
3046220
3046298
3046497
3046965
3047615
3047639
3048655
3049037
3050079
3050258
3050382
3050777
3050870
3053381
3053583
3054179
3055672
3055674
3056041
3056976
3057794
3060134
3060160
3060302
3060340
3060472
3061499
3063366
3063389
3064161
3064171
3064472
3064628
3065906
3065938
3066369
3070243
3070322
3071354
3071489
3071785
3072276
3072747
3073317
3073977
3074622
3075436
3075647
3075853
3075858
3075922
3076364
3076836
3077126
3077163
3077219
3078396
3078788
3079946
3080504
3080837
3081288
3082148
3083558
3083937
3085011
3085777
3086791
3087268
3087696
3087850
3087900
3090037
3090840
3091283
3091931
3092761
3092880
3093299
3093399
3093643
3093908
3093989
3094000
3094250
3094364
3095234
3095281
3095507
3095520
3095872
3096167
3097001
3097290
3097758
3098642
3098765
3103589
3103749
3105026
3105297
3105876
3105947
3106209
3107573
3107702
3108032
3108543
3108658
3108828
3109493
3109615
3109719
3110440
3111480
3112523
3113134
3113620
3113719
3113997
3114172
3115138
3115326
3118186
3118654
3120606
3121100
3121487
3121606
3122995
3123425
3123619
3123747
3124244
3124730
3125231
3125993
3126209
3127251
3127680
3128222
3129901
3130188
3130350
3133145
3133575
3134077
3134406
3135176
3135351
3135355
3136064
3136478
3137486
3137514
3138292
3138445
3138885
3139607
3139762
3142047
3143288
3143355
3143624
3144752
3145221
3145241
3146107
3146814
3147637
3147869
3148428
3149763
3150785
3152275
3153308
3154742
3154748
3156371
3157282
3157801
3157812
3158045
3158281
3158488
3160671
3161017
3161552
3161857
3162343
3163375
3163832
3163916
3165679
3165792
3166525
3168344
3168548
3170343
3171118
3171340
3171691
3171792
3171994
3172343
3174925
3174928
3176441
3176531
3177849
3178080
3178189
3178400
3178906
3178920
3179140
3179480
3180193
3180380
3180883
3181931
3182089
3182625
3182890
3183205
3187069
3188001
3188385
3189535
3189593
3190049
3190996
3191825
3192741
3193104
3194420
3195103
3195786
3196359
3196755
3196888
3197570
3198770
3199702
3200145
3200210
3201132
3201323
3202320
3202990
3203386
3204475
3204913
3205827
3206873
3207062
3207117
3207295
3207404
3208914
3209377
3209695
3211337
3211399
3211835
3211880
3212071
3212461
3213310
3213530
3213752
3213773
3214961
3215573
3217621
3218216
3218937
3219629
3219891
3220275
3221334
3221338
3221792
3222012
3222595
3224457
3224533
3225573
3226356
3227063
3227398
3228268
3230696
3231329
3231819
3232027
3232389
3232825
3233482
3234272
3234562
3234640
3235456
3236450
3236625
3237689
3237796
3238330
3238718
3242263
3242406
3242490
3242713
3243495
3244553
3245334
3245345
3245921
3246202
3246217
3246987
3246990
3248228
3248968
3249992
3250501
3251307
3252376
3253047
3253857
3253865
3254210
3254417
3254629
3254711
3255341
3256088
3257805
3261186
3261349
3262847
3263282
3263552
3264160
3264176
3265483
3265924
3266113
3267103
3267193
3268632
3268709
3268790
3269321
3269416
3269915
3269951
3270154
3270537
3271443
3271471
3272510
3273758
3275445
3276083
3277437
3278077
3279306
3279339
3279696
3279728
3280169
3280618
3280965
3281441
3282106
3282109
3282631
3283227
3283368
3283373
3283395
3283997
3284611
3284744
3286320
3287855
3288306
3288565
3288929
3289288
3289319
3291952
3292933
3294910
3296545
3297060
3297701
3297888
3298060
3299158
3299275
3299414
3300777
3301233
3301624
3302606
3303658
3304447
3304505
3305405
3306728
3308375
3309371
3309657
3309710
3309807
3309816
3310436
3310599
3310742
3311283
3311575
3311649
3311852
3312283
3312305
3312682
3312948
3314786
3314986
3315310
3315645
3316253
3317521
3317635
3318061
3318127
3319397
3320407
3321003
3321085
3321242
3322091
3323874
3325513
3325831
3326376
3326703
3326828
3327295
3329421
3329766
3330888
3331225
3331245
3333863
3334145
3334506
3335167
3335528
3337881
3339009
3339392
3339778
3339983
3340075
3340450
3341037
3341161
3341890
3341901
3342705
3342973
3343044
3343076
3343184
3343521
3343531
3344320
3344871
3345699
3346218
3346420
3346936
3348154
3348960
3349631
3349832
3352231
3354509
3354528
3354847
3356679
3357384
3357781
3359024
3359408
3360075
3360555
3361811
3362499
3363983
3364672
3365040
3365342
3365445
3366500
3366894
3367007
3369457
3369659
3369724
3370321
3371837
3372385
3372881
3373728
3373986
3374054
3374364
3374667
3374789
3375022
3375159
3375198
3375249
3375733
3375902
3376787
3376865
3377604
3380908
3381705
3383384
3383484
3383701
3383809
3384817
3385789
3386459
3386468
3386804
3387748
3387863
3387987
3388060
3388251
3388419
3389185
3390365
3391006
3391203
3393268
3394767
3395118
3396472
3397770
3398179
3400596
3400699
3402160
3402618
3403020
3403083
3403889
3404279
3404428
3405743
3405804
3405903
3405921
3406016
3406876
3406981
3407069
3408392
3409137
3409686
3409982
3411457
3413166
3413841
3414244
3414654
3414655
3416308
3416379
3417210
3417314
3417323
3417976
3418783
3418841
3419255
3420314
3420834
3420901
3421849
3423171
3423308
3423635
3423665
3423698
3424022
3424585
3425957
3426199
3426386
3427166
3427300
3428057
3428242
3428711
3429313
3429407
3429764
3430061
3431016
3432001
3432545
3432871
3433555
3434588
3434981
3435605
3436241
3436249
3436358
3436498
3437254
3437300
3437465
3438085
3438413
3441821
3441979
3442342
3442916
3444146
3444196
3444897
3445057
3445379
3445562
3445678
3448021
3448053
3449324
3449711
3451914
3453001
3453377
3453683
3453792
3454667
3455043
3456889
3457167
3458083
3458449
3459068
3459797
3459947
3459951
3460609
3460611
3460638
3460708
3460983
3461092
3461812
3462014
3462204
3462671
3463084
3463975
3464970
3465406
3466411
3467475
3467645
3467909
3468459
3469297
3469761
3470006
3470090
3470448
3470612
3471759
3472142
3472581
3473146
3474131
3474206
3475095
3475325
3475396
3475613
3476700
3477049
3477229
3479607
3481097
3481677
3481841
3482774
3482827
3484124
3484525
3484527
3485897
3485991
3486048
3486569
3490845
3492213
3492672
3493403
3493467
3493852
3493853
3494625
3496261
3496805
3496897
3498359
3499905
3500164
3500751
3500788
3501111
3501301
3502051
3502365
3503498
3504211
3505482
3505499
3505635
3505654
3506631
3507474
3507499
3507875
3508035
3508277
3508342
3509689
3510017
3510192
3510741
3511533
3512051
3512723
3514090
3514406
3514452
3516494
3516550
3517390
3517396
3517406
3517499
3517812
3517953
3518568
3518720
3518916
3520943
3521660
3523442
3523656
3523735
3523797
3523944
3524124
3524541
3524640
3525397
3526129
3526327
3526623
3526688
3526973
3527481
3528114
3528186
3530839
3532968
3533955
3534409
3534786
3535673
3535988
3536597
3536639
3536780
3537046
3537820
3539732
3541634
3541657
3541877
3544621
3544696
3544937
3545331
3546204
3546345
3546432
3546926
3546996
3547567
3548063
3549182
3550970
3551169
3552147
3552872
3553254
3553358
3553530
3553728
3553803
3554358
3554701
3555125
3555494
3555498
3555605
3555844
3556305
3556444
3557702
3558005
3558625
3558860
3559730
3560277
3561393
3561906
3562173
3562865
3563359
3564343
3565885
3566027
3566047
3566541
3567626
3567915
3571331
3571367
3572605
3572974
3573261
3574154
3574461
3575096
3575693
3576107
3577809
3578078
3578696
3578710
3578768
3579094
3579418
3581563
3581892
3583013
3583134
3583318
3583561
3583699
3583720
3584143
3584351
3584928
3585967
3586580
3586757
3587913
3588985
3588998
3589943
3591131
3592008
3592376
3592412
3593222
3594197
3594587
3595067
3596223
3597180
3597717
3597784
3598470
3599173
3599846
3600502
3601086
3601588
3601629
3603476
3605129
3605707
3605711
3606173
3606755
3608057
3608646
3608799
3609046
3609090
3609102
3609635
3610092
3611283
3611582
3611893
3613986
3614635
3614989
3615485
3617633
3618205
3618362
3618788
3619778
3619944
3621569
3622379
3622633
3622675
3622872
3623695
3623827
3623838
3623883
3624748
3625065
3625945
3626170
3626973
3628099
3628561
3628725
3628944
3629126
3630704
3630832
3630905
3631151
3631709
3631770
3632557
3633118
3633832
3633866
3633871
3634045
3634611
3635312
3635397
3635417
3636290
3636501
3636674
3637546
3637710
3638454
3641121
3641738
3641974
3642195
3643360
3643724
3645110
3645341
3645914
3646266
3646562
3646682
3647190
3647240
3648540
3649294
3649313
3649567
3649652
3649790
3650054
3650824
3651612
3651956
3652790
3653140
3653737
3654246
3655176
3655515
3657380
3658498
3659228
3660238
3661349
3661986
3663332
3665549
3665972
3666362
3667195
3667251
3667722
3668024
3668040
3668451
3668725
3670818
3671295
3671298
3671821
3672574
3674194
3675205
3676250
3676514
3676745
3677431
3678575
3678826
3679297
3679555
3679590
3679598
3680046
3680397
3681790
3682186
3682850
3684312
3685875
3686485
3686507
3687050
3689264
3689417
3689935
3690804
3690808
3692546
3692878
3693777
3694237
3694957
3696398
3696435
3698754
3699086
3699455
3699856
3700586
3700705
3701723
3701947
3702342
3702364
3702467
3702642
3704299
3704380
3704977
3705591
3706168
3706495
3706540
3706687
3706819
3707628
3708246
3708311
3709135
3711387
3712419
3712503
3713232
3713977
3715139
3715466
3715531
3715709
3716473
3716480
3716544
3717955
3718300
3718960
3719194
3719506
3720210
3720365
3721362
3721477
3721500
3721790
3722916
3723213
3723720
3724195
3724322
3724692
3724700
3725816
3725865
3725972
3726002
3727159
3727472
3727871
3728167
3729307
3730037
3730195
3730609
3731017
3734511
3735582
3735837
3735955
3736173
3736257
3737381
3737979
3738826
3739612
3740232
3740870
3743183
3743382
3744013
3744484
3745445
3745618
3746208
3746316
3746328
3746383
3748135
3749701
3750404
3750435
3750983
3752054
3752808
3754943
3755150
3755470
3755569
3755599
3755940
3756136
3756295
3757585
3757726
3758196
3759442
3759686
3761567
3761789
3761929
3762289
3765005
3765812
3766240
3766371
3766885
3769554
3770990
3771065
3771799
3773234
3773495
3773516
3774140
3774264
3774376
3775268
3776842
3777083
3777819
3777879
3778248
3779314
3779340
3779618
3780347
3780485
3781672
3781697
3782378
3782694
3782883
3783194
3784550
3785957
3786338
3786501
3787405
3788110
3788116
3788943
3789827
3789974
3790077
3790113
3790733
3791382
3791687
3792415
3793743
3793779
3793841
3793859
3794485
3794721
3795959
3796726
3797214
3797648
3797973
3798264
3798668
3798724
3799379
3799974
3800056
3800074
3800904
3801149
3802405
3803027
3803186
3803188
3804343
3806144
3807828
3808230
3808390
3808504
3808959
3809024
3809357
3809656
3810733
3812104
3812464
3812838
3813850
3815019
3815340
3816238
3816374
3816820
3816888
3817884
3818169
3818248
3818601
3819031
3819794
3820501
3821061
3821147
3821501
3822268
3822660
3825665
3825741
3827501
3829085
3829109
3829168
3829564
3829594
3831269
3833414
3833941
3834056
3835121
3836410
3836982
3837373
3837542
3838248
3839444
3839564
3840045
3840278
3841026
3841881
3842068
3844348
3844864
3844959
3844974
3845070
3845517
3846186
3846635
3847111
3847670
3849042
3849879
3851630
3853778
3854509
3856053
3856465
3856877
3856957
3857852
3858565
3858777
3859335
3859681
3860002
3860563
3860716
3860732
3860752
3861154
3861896
3861983
3864700
3865007
3865099
3865840
3866214
3866293
3866456
3866509
3866844
3867489
3868592
3870449
3870652
3870800
3871705
3872212
3873397
3873598
3873989
3875647
3876870
3876995
3878613
3879055
3879106
3879415
3879436
3882303
3883074
3883720
3884851
3885495
3886051
3886092
3886511
3886929
3886992
3887004
3887647
3889272
3889393
3889444
3889623
3890042
3891364
3892907
3892936
3895627
3895771
3895969
3896525
3896739
3896740
3896805
3897143
3897219
3897990
3898327
3898670
3900163
3900324
3904436
3904464
3904565
3905066
3905075
3905105
3905277
3905530
3906521
3906618
3906735
3907235
3907402
3907533
3908417
3908428
3909122
3909516
3910001
3910059
3910639
3910656
3911585
3911707
3911742
3912609
3912661
3913310
3913594
3913770
3917099
3917114
3917529
3917696
3917740
3918019
3918054
3918593
3918825
3919321
3919839
3920017
3921182
3921226
3923999
3924023
3924113
3924795
3924885
3925002
3926476
3926796
3928186
3928844
3929103
3929508
3931643
3931817
3931880
3932354
3932968
3933368
3934344
3934696
3934862
3936510
3936747
3937448
3938815
3939870
3940084
3940545
3940579
3940684
3941634
3943400
3944682
3944766
3945445
3946538
3947943
3947956
3949492
3949509
3949749
3949941
3950925
3951370
3951468
3951545
3952534
3952785
3952809
3952889
3952946
3953402
3953844
3954571
3954590
3954893
3955021
3955392
3956422
3956853
3957101
3957177
3957212
3958608
3959881
3960889
3960947
3962015
3963225
3963593
3964621
3964817
3965956
3966100
3966738
3967591
3967678
3967975
3968448
3968838
3970071
3970111
3970531
3970589
3971674
3972515
3973457
3973829
3974786
3975173
3976301
3976319
3977032
3977558
3977872
3979879
3980301
3980881
3981187
3982462
3982860
3984225
3984307
3986266
3986452
3986525
3987159
3987162
3987349
3987770
3988139
3988327
3988408
3988544
3988572
3989102
3989787
3990206
3990552
3991130
3991274
3991681
3992311
3992402
3992982
3993555
3993641
3995459
3995515
3995879
3996104
3996259
3996639
3997132
3998634
3999047
3999210
4000537
4000903
4000998
4001128
4002142
4002706
4002883
4004079
4004338
4004619
4004991
4006193
4006381
4006941
4007319
4007769
4007790
4008084
4008449
4008829
4008989
4009337
4009393
4009857
4010017
4010576
4010698
4012774
4013599
4013642
4013990
4014844
4015223
4015662
4015895
4015901
4016093
4016195
4016538
4016653
4017013
4017234
4017763
4017778
4018423
4020447
4020505
4020647
4021984
4022006
