1331
1649
1888
2573
3648
3653
4155
4918
5422
5749
5862
5934
6898
7770
7829
7911
8770
9176
10176
12229
13549
14898
16705
17611
17685
19639
20192
20399
20637
21228
21755
22042
24778
25434
25676
25837
27116
27423
29241
29618
30209
31629
32010
33978
34373
38601
40712
41875
46167
46425
46771
46895
47902
49521
50396
50479
52522
52977
53614
54096
56618
56800
59266
59294
60397
60640
63031
63922
64195
66584
68276
68306
70408
70952
72734
73038
74142
74620
76589
79666
80403
81019
81420
82148
84059
85801
86326
88604
90528
90686
90723
92044
92931
93055
93098
93415
96517
98013
98975
99667
99733
102347
104209
104284
104688
105304
105532
106259
106947
108383
108601
110329
111271
113425
115215
117713
118344
118886
119325
119813
120672
125444
125998
126726
126937
127551
128910
129199
132166
132601
133328
134530
134866
135528
136305
136369
136430
137814
138337
138480
139351
140119
141038
141441
142515
142775
142826
143258
143536
145932
146541
146597
147192
147362
148650
149046
151817
152120
152903
153700
154323
155069
155355
156825
156886
157677
159476
159731
160173
160194
160460
160888
161968
162049
162409
162968
163458
165347
165430
165438
166779
166981
167664
167855
168669
170211
172574
174338
175215
175812
177827
177876
179360
179895
181405
181435
181544
183096
186412
186526
187055
189086
189421
190684
192095
193993
194588
195052
195247
195940
196396
197231
197284
198982
201105
201228
202183
202223
202687
203391
204664
205333
207198
210431
211932
213773
215239
217134
217785
217982
218048
218177
218854
219488
220309
220471
220586
222239
222678
222868
223379
223533
225781
226514
226849
226926
227315
227638
228964
229158
229262
229813
229886
231326
231344
231542
232922
233035
234404
235018
235709
236089
236155
236965
238820
238967
240000
240236
240320
240682
241126
241352
242064
242274
244033
244382
246078
246418
249749
249875
250560
250617
253408
255763
256634
258171
259057
260609
262678
263268
265545
266316
267721
267953
268141
268599
270333
270803
271481
271939
272475
273376
273449
273673
274189
275117
276088
276405
276764
276899
278236
278652
279575
279878
281293
282231
283859
285083
286255
286545
287369
288021
288293
288945
292771
293646
294276
294440
294604
295164
296106
296998
297005
297764
298329
298619
299088
299104
299112
299779
299887
300464
302207
302388
302477
304859
304990
307895
308218
308385
308486
310231
310664
311287
311362
311546
311655
311922
312217
313807
313810
314784
315126
315687
316192
316726
316925
317056
318293
319325
319794
320260
320563
324348
325191
325410
326171
327502
328036
330587
330606
330795
331083
331140
336033
339147
339711
339832
340112
340122
340127
341718
342248
342985
343923
344176
346042
347025
348727
349646
350656
350689
350769
351123
351714
352095
352965
353178
353204
353461
356022
358586
359124
359205
360056
360176
360757
361058
361480
362340
363435
363642
363675
364308
364862
365520
365707
366014
366161
366394
367553
367735
368116
368211
368387
370923
371547
371968
372867
373371
373878
374041
374250
374383
376653
377070
377590
379383
379412
379601
380007
380076
380730
380898
383505
384317
384348
384566
384586
385171
385700
388837
389596
391061
391103
391488
391509
392252
392478
392583
396391
397699
398055
398616
399339
399879
402728
403673
405132
405923
408136
408355
408510
408768
408962
409085
409418
409676
410231
410457
410728
410839
411690
412146
412901
414294
414462
415229
415317
415705
416212
419128
419980
420051
420254
420259
420274
420634
422117
422513
422593
422970
425561
426173
427220
427617
429124
429678
429853
429912
430810
430889
432170
432842
434602
434665
435438
436201
438058
439524
440726
442524
442837
443310
444075
445549
446132
448971
449763
450616
450802
450866
451270
451516
453625
453951
454255
454483
455095
458302
458641
460165
461301
462430
462742
463486
463549
463593
465260
465582
466200
466506
466561
466563
467139
468205
469933
470433
472034
472493
472768
473302
473331
473720
479260
479510
480494
481112
483058
483374
483492
483660
484294
484738
484814
484934
485121
485360
486054
487831
489027
490549
490997
493626
493914
495276
496568
496575
497197
497639
499217
500244
501220
501703
504958
505858
505911
505989
506692
507031
507117
508075
508538
509006
510955
512769
514913
516401
516588
516954
517415
518642
518883
519237
521232
521418
521501
522376
523123
524574
526264
528638
528749
528855
529931
532467
533540
534965
535142
536248
536348
536462
539204
539305
539744
540725
541164
543003
543033
543423
544330
546316
547502
547719
548401
548959
549539
550032
551122
551527
551539
552585
553027
553175
553433
555441
556630
557008
558140
558652
560937
561419
561593
562065
567676
567921
568472
568540
568893
570663
570891
573017
577175
577952
578135
579120
579521
581930
582814
586810
587016
588354
589567
590766
592834
594074
594827
595819
596740
598309
602403
605167
606395
607059
609566
611261
611830
613984
614718
615589
616275
617075
617184
618533
619028
619457
619655
619713
620113
621103
623516
624436
624858
626039
626567
628979
630305
630813
631926
632633
636685
637026
637426
637892
638760
639479
639816
640013
641461
643103
643996
644893
647639
649065
653827
654427
654902
655589
655687
656386
658202
658355
658951
659507
659949
660755
661779
662915
664711
664993
665887
666625
667063
668213
669099
669537
670775
671139
674465
674580
675445
675627
675832
675834
676088
677023
677514
678200
678906
679157
679272
680382
681573
681609
682208
682893
683996
684101
684316
685026
686635
688320
688796
690011
690069
693238
694873
695016
695352
695806
695982
696405
696961
697731
698106
698496
698704
698763
699635
700326
700443
700904
702360
702412
702602
702796
703000
703981
704846
705226
705581
708433
708522
711607
713626
715787
717385
717660
719418
719449
720303
720892
720902
722260
722447
723345
723479
726358
727765
728550
728559
729924
731051
731968
733610
734450
735509
735807
736191
736964
737721
738606
738722
738819
738995
739315
740817
741483
745241
745659
746695
747087
747576
748566
748862
751948
752071
752642
755158
755920
757172
758280
758599
759544
762879
763701
763851
763874
764871
765435
765661
766377
766641
767175
767470
768754
770607
772608
774270
774961
775729
776760
777076
777338
777501
779806
781004
781255
782947
787321
787460
788206
790965
792401
792828
793305
793464
794389
795056
795569
798595
800337
804334
804441
806064
807707
808406
808633
808652
809494
810167
811115
811683
811760
811903
814130
814319
814813
815046
816571
817240
819346
821170
821935
822923
823291
824547
825146
825946
828828
829332
830981
831215
831613
831682
831831
833785
834090
836253
837197
840247
842747
844724
845299
845430
845842
845904
846040
847705
848064
849110
849523
850788
852511
852771
852776
853602
856809
857074
859494
859558
859906
860938
861455
862301
864856
869056
869475
870319
871379
871701
873394
874646
875806
879282
880336
881127
881345
881587
882146
883039
883045
885575
886825
887483
890066
890452
892466
892519
893598
895135
895574
895638
896223
896643
896723
897049
899645
900331
901019
901385
901824
902422
902872
903700
905618
906022
906263
907530
907745
908229
909728
910750
913439
915116
916632
917215
919776
920592
920921
931930
933800
934149
936056
936329
936355
936701
938310
938360
938793
938816
939494
941982
947047
947211
947881
948084
948343
948493
949080
949464
949872
949879
951060
951214
951449
952923
954954
956256
956266
957273
957795
960989
961398
963216
964930
965814
969582
971684
971705
971891
972650
972988
973254
975610
977564
977720
977996
978545
979902
982428
982771
983244
984736
984759
984944
985163
985885
985907
986088
986601
987729
988287
989441
990961
992669
992843
995291
995927
996057
996462
997632
997767
999124
999432
999973
1000837
1001597
1003022
1003376
1007978
1008059
1008072
1008271
1010126
1010265
1017531
1017995
1018948
1019108
1019449
1019786
1022816
1023504
1023651
1023867
1025159
1028416
1030009
1031473
1032116
1032342
1035678
1036714
1040926
1042018
1043641
1044328
1044989
1045788
1047128
1055743
1056415
1059080
1059932
1061559
1062310
1062547
1064643
1068969
1069930
1071901
1072116
1072969
1073248
1077758
1079904
1080190
1083981
1084584
1085694
1088315
1088361
1090112
1090255
1090379
1090574
1090632
1091047
1091889
1093169
1093314
1093610
1094043
1095699
1096025
1097400
1098761
1100271
1101002
1102618
1104514
1104614
1104768
1104953
1104992
1106857
1107044
1107690
1107756
1108118
1108340
1112749
1113364
1114323
1114872
1117348
1118138
1118697
1118791
1119996
1120021
1120284
1121828
1124561
1125116
1125636
1127680
1130479
1132084
1132890
1133153
1133740
1134000
1134760
1135652
1135827
1136673
1137134
1139329
1139447
1140274
1142320
1145312
1146056
1146736
1147215
1148142
1148950
1149418
1151339
1151703
1153617
1154623
1155387
1158888
1159295
1160885
1161152
1162400
1163254
1164181
1164416
1164687
1165330
1165426
1165955
1166441
1166705
1168803
1170360
1170674
1170773
1171454
1171916
1172510
1174719
1176090
1178224
1179111
1179958
1180122
1180219
1180730
1180854
1182023
1182398
1183043
1186047
1187089
1188485
1188879
1189662
1189788
1190293
1192882
1193986
1195101
1195106
1195868
1196894
1197831
1198017
1198087
1198435
1198741
1198767
1199425
1199794
1200260
1201119
1203731
1203919
1204319
1204866
1206026
1207115
1207617
1209243
1210283
1212687
1213993
1214853
1217130
1217412
1219905
1220217
1220772
1220874
1222467
1222475
1223229
1224938
1225234
1226279
1227468
1227556
1230250
1230888
1231030
1231114
1231863
1232277
1234474
1234604
1235398
1236222
1237860
1238050
1239162
1240137
1240599
1240670
1244966
1246757
1246880
1247997
1248332
1250301
1250792
1251097
1251141
1251410
1251447
1251458
1251785
1252698
1253009
1253908
1256502
1257071
1259069
1261336
1262011
1262951
1263949
1264317
1265428
1266123
1267372
1267770
1267892
1268068
1268156
1268585
1270927
1270940
1271902
1272698
1272998
1273668
1274421
1278093
1279438
1279534
1279623
1279658
1282153
1282424
1283311
1286032
1286067
1286370
1286424
1286531
1287458
1288174
1288471
1289049
1289884
1290870
1292378
1293025
1293213
1293480
1293593
1293870
1295489
1297248
1297280
1297484
1297614
1298005
1298170
1298558
1298749
1298980
1300315
1300958
1301765
1301922
1302695
1303693
1305498
1306302
1307550
1310773
1312844
1317630
1318483
1320694
1321887
1322664
1322749
1323170
1323265
1323815
1324014
1324548
1324549
1324651
1325177
1325605
1325784
1326567
1328526
1330026
1331130
1332156
1332475
1332543
1333226
1336214
1337054
1337077
1337737
1337790
1338350
1340423
1340795
1343297
1343783
1344169
1344598
1346002
1347489
1349224
1351678
1351767
1359110
1359275
1359785
1360363
1364703
1366584
1367567
1368562
1370880
1371620
1372272
1372652
1374990
1375201
1375576
1376018
1376609
1376628
1376993
1378793
1378843
1379525
1379976
1382090
1386648
1386691
1388066
1388156
1389057
1389574
1389893
1390305
1391245
1394290
1395041
1395288
1395289
1395512
1396591
1396612
1396992
1398909
1398980
1399174
1399349
1399388
1399602
1400023
1402032
1402316
1402908
1403230
1404117
1404447
1406251
1406466
1406624
1406716
1408251
1408445
1408632
1409320
1410848
1415595
1415688
1416153
1416676
1418471
1418955
1421171
1421420
1421603
1424297
1424452
1424688
1424811
1425510
1425545
1426751
1427035
1428993
1429003
1429989
1430044
1430383
1431319
1431457
1433632
1434931
1437357
1439186
1439203
1439286
1439313
1439450
1441176
1441574
1442907
1444870
1444888
1444977
1446423
1446746
1449590
1450146
1450914
1453644
1454050
1454838
1456548
1459372
1460331
1460532
1460604
1461997
1464637
1465149
1465665
1465894
1469556
1470414
1470435
1471154
1471167
1471429
1472070
1472295
1472520
1473092
1473666
1475782
1476453
1476568
1477575
1479347
1480469
1480940
1482510
1482589
1483499
1483901
1485082
1485136
1485526
1486282
1487776
1487903
1487958
1488150
1488323
1488798
1489249
1489841
1490160
1490270
1490682
1493759
1500621
1501271
1502676
1503438
1503851
1503872
1504071
1504430
1504863
1505832
1506381
1507706
1509423
1510250
1511427
1512827
1513428
1514329
1516635
1517122
1524392
1524827
1525406
1526232
1527173
1527203
1530351
1532835
1532836
1533285
1533529
1533810
1533900
1533958
1534046
1534740
1535249
1535385
1536149
1536408
1536879
1538431
1539066
1539171
1539411
1539562
1541112
1542525
1542718
1542839
1545188
1547675
1548189
1549086
1549891
1550280
1552610
1552809
1553405
1556462
1557425
1557792
1558439
1558554
1559121
1560545
1562088
1564152
1564798
1564953
1567641
1569878
1570238
1570482
1573382
1574466
1575377
1576086
1584707
1584864
1585986
1588352
1588377
1589158
1589535
1589647
1591139
1592292
1592659
1594308
1595594
1595834
1595895
1596813
1599396
1599683
1600772
1603035
1604255
1604795
1605848
1607001
1607148
1607726
1607815
1610475
1610681
1612563
1613906
1614462
1614863
1615023
1616039
1617216
1620407
1621852
1622460
1626002
1627777
1627787
1627996
1627999
1628243
1628559
1629342
1629669
1629849
1631612
1632657
1632706
1632864
1634056
1636417
1636442
1637120
1637806
1638691
1639300
1640059
1640545
1641087
1641248
1644782
1645580
1645605
1646000
1648094
1649550
1650405
1652242
1652928
1653596
1653611
1653674
1654760
1654762
1654971
1656868
1657264
1657882
1661057
1662295
1664591
1666405
1669381
1670650
1671484
1672960
1674003
1674203
1675636
1675880
1677814
1678203
1678762
1679753
1680161
1681021
1685824
1685954
1685994
1686513
1687051
1687403
1687467
1689629
1690572
1691734
1691849
1692301
1693165
1693385
1693576
1693668
1694282
1694617
1696010
1697592
1698069
1698778
1699609
1701532
1702640
1702993
1703856
1703999
1704115
1704759
1704945
1705491
1706801
1708059
1708268
1710129
1710539
1711387
1713742
1714141
1714365
1716038
1716330
1716905
1717616
1720414
1722379
1722737
1722892
1723414
1723545
1723933
1724584
1725352
1725515
1725876
1727164
1727705
1727864
1727996
1730785
1731180
1733474
1734456
1734947
1738078
1738111
1739857
1740400
1743898
1744319
1745781
1747702
1747927
1748046
1748048
1749444
1751803
1752143
1753092
1753840
1755616
1755987
1758514
1758537
1759673
1760025
1760418
1760603
1761230
1763776
1763825
1764317
1764561
1765359
1769492
1770805
1771294
1772227
1772261
1772331
1773527
1774095
1774676
1775316
1776424
1776991
1777216
1777662
1777773
1778041
1778498
1779482
1780818
1781598
1782197
1783476
1783755
1784576
1784857
1786077
1787150
1787585
1787800
1790151
1791808
1792168
1794332
1794475
1795488
1795819
1796062
1796120
1799283
1799289
1800471
1800888
1801370
1801374
1801706
1803197
1805115
1805435
1808180
1808284
1809586
1810266
1810768
1812232
1813107
1813322
1813976
1816395
1818056
1818424
1818628
1818637
1820246
1820326
1820653
1820810
1822483
1827556
1827796
1828432
1828488
1830142
1832153
1832864
1833748
1834715
1835782
1836640
1836849
1836977
1839926
1842540
1842724
1844302
1845727
1845795
1846268
1846655
1846705
1847579
1848060
1850268
1851304
1852628
1853576
1853808
1854738
1855191
1856932
1858523
1861737
1862012
1862774
1864260
1866098
1869493
1870956
1871068
1871436
1871445
1872085
1873436
1876868
1877542
1878074
1878126
1878517
1879664
1879746
1880177
1883055
1885313
1885324
1886368
1889067
1890668
1892302
1894221
1894740
1894821
1895719
1896245
1899278
1899363
1899869
1901147
1902676
1905422
1907788
1908130
1908582
1909248
1910607
1910698
1911347
1911688
1912459
1914296
1914746
1915712
1916227
1917660
1917824
1922743
1923014
1923933
1923948
1926222
1927785
1928667
1929748
1929876
1929923
1930645
1931750
1932024
1932691
1932796
1933468
1934289
1934864
1935396
1935948
1939124
1939756
1940607
1941856
1943013
1943391
1944096
1945461
1950088
1950733
1950956
1952132
1952574
1952812
1955791
1956087
1956323
1957017
1957128
1958710
1959232
1959302
1959339
1960647
1961767
1962313
1962789
1964099
1964661
1965668
1965679
1965683
1967299
1968806
1969174
1969634
1970869
1972370
1973427
1975692
1976945
1977969
1979187
1981108
1981318
1981788
1982845
1983685
1984268
1984644
1984721
1985256
1986410
1986611
1988454
1988648
1989758
1991535
1994075
1995127
1995595
1996105
1998405
1998545
1999651
1999673
2001274
2002004
2002821
2002947
2003266
2004176
2004767
2005405
2006354
2006599
2006731
2006887
2007565
2007777
2007838
2008234
2008948
2009764
2009873
2010695
2011143
2013066
2014982
2015455
2016413
2016656
2017110
2017197
2020025
2020183
2020913
2021499
2022798
2023059
2023696
2024690
2025637
2025706
2026805
2027135
2027464
2027594
2028515
2030284
2031792
2033156
2033215
2034250
2037001
2037529
2038432
2038862
2039014
2039702
2040581
2042081
2042807
2045397
2046216
2046461
2046727
2047579
2047859
2051267
2053956
2054457
2055865
2056078
2057798
2058458
2059137
2061803
2062263
2064210
2065574
2066593
2067017
2067232
2068334
2069183
2072085
2072766
2073911
2074052
2077675
2077941
2079387
2080141
2082070
2082303
2082916
2083342
2083632
2087969
2091341
2093431
2093898
2093962
2094081
2096878
2096908
2097655
2099032
2099370
2100235
2102083
2102812
2103936
2104502
2106381
2106657
2108078
2110748
2111782
2113321
2113526
2113767
2116541
2116920
2117640
2118334
2119425
2120154
2121772
2123464
2123543
2123996
2124401
2124727
2124828
2125119
2125672
2128023
2129594
2129637
2130189
2130239
2130663
2130778
2131217
2131323
2132358
2132957
2132991
2134835
2135593
2135600
2136505
2137325
2137989
2138564
2139832
2140931
2141545
2141592
2143859
2144499
2144938
2146596
2148115
2148227
2148271
2149533
2149764
2150344
2150597
2151401
2152696
2152920
2154587
2155924
2157314
2157476
2158535
2158616
2159591
2161756
2164070
2164119
2164720
2165094
2165155
2165526
2165781
2166240
2166312
2167426
2167720
2167779
2171034
2171313
2171465
2172091
2172278
2172455
2173344
2174643
2174754
2175189
2176089
2176372
2177170
2177221
2178175
2178265
2180540
2181386
2182449
2184870
2184934
2184960
2185742
2186637
2187087
2187765
2189301
2190124
2190175
2192531
2194237
2196356
2198703
2199271
2199546
2200472
2200739
2201108
2201950
2203919
2205560
2205723
2207388
2209017
2209520
2209972
2211418
2211441
2211778
2212495
2215935
2216844
2218549
2220463
2222019
2222608
2223014
2224803
2225050
2228384
2229838
2229955
2230510
2230715
2231749
2233453
2233635
2237223
2238981
2240523
2242881
2242906
2246871
2247224
2248486
2248976
2250202
2252460
2253177
2254625
2256801
2257848
2259503
2261440
2263633
2263711
2263857
2263934
2264561
2264619
2265268
2265623
2267888
2269051
2269593
2272287
2272475
2274859
2275065
2275170
2276143
2277505
2277660
2279765
2281152
2282154
2282332
2283008
2284335
2284829
2286573
2286845
2288172
2288780
2290620
2293879
2296858
2297798
2297853
2298052
2298502
2298993
2300140
2300664
2301713
2302167
2303229
2303770
2304377
2304687
2305358
2306166
2306483
2306979
2307555
2307865
2308985
2309892
2309996
2310167
2312159
2312199
2312827
2315029
2315403
2315733
2317136
2318475
2318813
2320350
2321143
2322022
2322820
2323863
2325548
2326179
2326638
2326909
2327434
2327972
2328035
2328625
2329983
2330029
2332333
2335416
2336299
2337691
2338935
2339105
2340536
2342071
2345507
2345540
2347449
2347911
2349431
2351562
2351733
2352456
2352493
2354489
2355560
2355668
2356715
2357378
2358727
2360210
2361664
2364171
2365260
2366636
2367700
2369406
2369774
2372635
2372751
2373146
2373554
2374637
2375582
2375689
2377036
2378983
2379321
2381071
2382515
2384232
2384890
2387131
2388435
2389016
2389964
2390042
2390746
2392010
2392359
2393078
2393166
2393875
2394159
2395392
2395449
2395515
2395988
2396619
2397170
2397766
2398527
2399860
2399925
2400248
2402731
2403843
2404264
2404487
2405630
2407606
2410520
2410936
2410995
2412146
2412352
2414224
2414570
2414781
2415878
2417437
2417886
2417924
2419045
2419931
2419961
2421020
2423603
2424539
2424993
2425003
2428366
2428962
2429047
2433050
2435346
2436248
2436305
2437384
2438218
2438446
2438581
2438621
2438973
2439583
2441444
2442225
2442620
2443934
2444809
2444819
2444949
2446993
2448208
2448385
2449287
2450853
2452418
2453837
2454272
2454703
2454874
2455428
2456055
2457476
2459682
2459806
2460293
2460399
2461648
2462257
2462401
2463380
2463849
2466382
2466776
2467389
2467479
2467594
2468701
2469372
2469554
2470008
2473986
2474043
2474182
2474287
2474295
2476969
2477172
2477383
2477412
2477810
2478190
2478957
2478969
2480825
2483056
2484235
2484476
2487731
2487948
2488990
2489870
2490243
2490307
2492331
2492574
2492773
2493270
2493785
2495378
2496732
2496883
2499483
2500680
2501709
2502109
2502662
2502727
2504665
2508814
2509310
2509413
2510574
2511870
2512431
2513396
2514207
2514630
2516016
2516872
2517768
2519655
2520142
2520575
2520721
2521065
2522073
2526205
2528390
2528968
2529821
2530642
2531759
2532245
2532630
2533111
2536447
2537326
2537373
2537713
2537832
2538113
2539382
2539677
2540181
2542501
2543162
2544736
2544949
2545526
2545813
2546599
2547392
2547418
2547803
2548105
2548667
2549351
2551526
2551968
2553276
2555035
2555479
2555851
2556084
2557736
2558637
2559279
2559659
2560847
2561541
2562350
2562434
2562715
2563759
2563794
2564529
2564649
2566650
2568530
2569022
2569194
2569263
2571251
2571424
2571541
2573267
2574071
2575259
2576398
2577267
2577331
2577596
2578787
2583090
2583187
2583346
2583478
2586070
2587539
2587820
2588152
2588560
2589790
2590587
2591599
2593073
2594203
2594913
2595075
2596429
2597003
2597511
2598357
2600039
2600058
2601262
2602944
2604203
2604637
2605305
2607085
2608526
2608582
2609098
2609408
2609859
2613540
2613743
2614322
2615094
2619023
2619382
2620570
2621411
2621447
2621545
2621842
2622169
2622776
2623083
2623115
2623231
2623278
2623458
2624153
2624353
2624482
2624938
2625028
2625132
2628441
2628622
2628922
2628971
2630277
2631844
2632113
2632413
2633104
2634935
2635030
2635238
2637265
2639030
2639822
2640064
2642927
2643156
2643299
2643971
2644020
2644722
2645334
2648518
2649029
2649694
2650313
2650404
2650705
2654958
2655368
2655476
2656394
2659359
2660041
2660694
2660942
2661055
2661476
2661671
2663278
2663502
2664871
2665048
2666472
2668699
2668869
2670010
2671610
2671919
2672200
2672277
2672408
2673008
2673790
2673960
2674843
2676825
2676936
2679223
2679856
2680113
2680294
2680559
2680863
2682118
2683198
2683734
2684202
2684626
2684914
2687154
2688905
2690676
2691953
2699077
2699362
2700971
2701760
2702227
2703382
2703712
2704336
2705568
2706342
2709446
2709529
2709880
2709956
2712015
2713077
2713293
2713499
2713591
2713792
2714048
2714578
2715322
2715987
2717004
2717856
2718767
2719427
2720319
2721122
2722663
2723125
2724226
2726076
2726143
2726761
2730234
2731162
2731664
2732088
2732628
2734008
2734073
2734671
2735134
2735304
2736824
2736876
2737351
2738465
2739882
2740455
2740722
2742076
2742490
2742756
2742942
2743167
2743320
2745966
2746666
2747778
2748974
2751073
2751831
2752607
2752952
2754601
2757117
2757812
2758546
2758902
2761895
2763435
2765597
2767090
2767442
2767862
2767915
2772681
2773141
2775309
2776529
2776538
2776678
2776729
2777809
2777896
2779268
2779880
2779930
2780158
2780979
2782485
2782855
2783720
2785109
2788108
2789099
2789377
2789594
2792157
2793092
2793372
2793659
2796910
2797597
2800001
2801088
2801711
2802340
2802601
2802673
2804809
2807565
2808065
2808368
2808581
2809522
2810812
2811542
2811583
2812374
2812392
2814571
2815015
2815358
2815459
2816514
2818844
2819340
2819933
2820161
2820910
2823233
2825296
2825843
2825967
2827470
2829102
2829568
2829599
2831349
2831652
2832255
2832591
2833356
2834079
2834531
2834733
2836029
2836640
2837443
2837831
2840675
2840693
2840728
2841839
2842343
2843924
2845346
2846142
2847580
2848225
2848644
2849165
2849275
2850046
2855085
2855197
2855784
2855957
2855974
2857729
2858262
2859797
2862061
2862440
2862717
2863718
2866312
2866746
2866891
2867196
2868361
2868603
2869873
2870154
2870442
2870516
2871053
2874692
2876403
2876531
2877396
2877414
2879051
2879986
2880186
2880783
2882855
2883078
2883555
2884899
2885071
2885584
2886887
2888527
2888863
2889619
2893062
2894159
2894398
2894402
2894642
2894663
2895407
2896065
2896365
2897140
2897416
2897610
2897659
2897900
2898662
2899612
2901633
2903978
2904550
2904639
2905281
2905332
2907658
2908867
2908934
2909166
2910079
2912107
2912424
2912911
2913671
2913896
2913905
2914173
2914449
2915186
2915448
2917569
2918677
2920873
2921813
2921884
2922757
2923128
2923741
2924630
2925060
2925537
2926045
2926749
2927534
2927537
2928491
2930727
2932918
2934497
2936713
2943690
2944210
2944854
2945016
2945088
2946708
2946918
2949037
2950358
2950695
2951936
2952225
2952562
2955276
2956257
2956493
2956896
2959517
2959755
2959904
2960222
2961596
2961966
2967352
2967832
2967941
2968474
2970246
2970709
2971518
2971817
2972684
2974654
2975750
2979277
2980645
2981530
2981954
2984092
2984278
2985534
2985674
2987138
2987265
2987878
2988829
2990409
2990969
2991402
2991695
2992728
2995061
2997477
2997726
2999051
3000496
3001417
3002533
3003491
3004818
3005677
3006077
3007184
3007642
3010260
3012192
3012624
3013250
3014614
3016679
3016801
3018476
3020321
3021092
3022178
3022888
3023335
3023351
3024250
3024254
3024379
3025443
3026095
3026302
3027316
3027730
3028603
3030033
3030288
3032679
3033224
3033678
3034554
3035511
3035880
3035897
3040537
3041422
3045936
3046412
3046742
3047071
3047545
3050068
3051109
3056630
3057477
3057819
3058651
3058914
3059761
3060044
3060134
3060160
3060525
3060786
3061366
3063528
3063891
3064288
3064437
3065834
3066108
3066803
3068085
3068421
3069361
3069934
3070816
3072365
3072483
3072955
3073114
3073946
3073960
3075259
3075297
3075788
3076262
3076959
3077822
3078900
3079309
3079847
3080169
3080408
3081488
3082437
3083415
3083683
3084550
3085897
3087244
3087973
3089944
3090287
3090760
3091734
3091868
3095544
3095594
3097642
3098883
3099126
3100233
3100472
3100644
3101087
3102467
3104698
3104854
3108174
3108658
3108720
3108776
3108903
3108932
3109551
3110764
3111575
3111846
3112173
3113779
3113995
3114902
3116052
3116405
3119115
3119137
3120783
3121153
3125263
3125792
3125829
3126802
3127397
3127979
3130129
3130203
3131898
3132628
3132932
3133085
3134853
3135348
3135701
3135948
3136113
3137502
3138164
3139198
3139463
3139507
3139508
3140038
3140265
3140962
3141568
3141748
3145029
3145223
3148303
3149605
3149781
3150332
3153318
3154214
3154434
3154756
3155411
3158263
3158960
3159268
3159513
3161251
3162855
3164150
3164438
3164446
3164984
3165795
3167884
3167908
3168762
3168798
3171025
3171577
3173572
3174107
3174453
3174464
3176146
3176683
3177132
3178423
3179399
3179724
3182409
3182719
3182818
3183742
3186763
3188034
3188861
3190616
3190802
3193016
3195465
3195525
3196496
3197238
3198712
3199267
3199949
3200641
3205192
3205778
3206909
3207493
3208648
3209093
3211719
3212264
3213303
3213517
3215030
3216859
3218461
3222884
3222914
3223373
3224262
3226485
3228326
3228344
3229326
3230321
3230930
3233809
3234239
3235526
3236715
3237127
3237200
3237573
3237798
3238595
3238765
3239525
3239851
3240908
3241067
3241373
3243410
3243739
3244192
3245718
3246629
3246655
3248744
3249226
3250050
3250449
3250965
3253309
3253901
3254723
3255276
3255388
3255900
3257438
3257903
3258979
3259459
3261784
3265884
3265890
3268210
3269306
3270292
3270661
3271965
3272225
3272273
3273313
3275597
3277405
3277929
3277971
3278291
3279744
3280183
3280740
3282163
3284397
3284427
3284885
3286374
3287057
3287753
3288137
3288215
3290049
3290390
3293176
3293550
3294952
3295020
3296271
3296385
3296815
3299584
3301920
3303066
3304213
3305722
3307864
3308743
3309567
3309607
3309719
3309893
3311389
3311720
3313426
3313596
3314597
3315104
3315258
3316241
3316357
3319929
3320674
3321213
3321457
3322108
3323433
3324231
3326025
3326276
3327077
3328162
3328205
3328558
3329829
3330929
3331236
3331258
3331515
3331725
3332650
3333296
3333448
3334389
3334819
3334823
3335253
3337108
3338526
3339075
3339178
3340781
3341988
3342129
3343114
3345347
3348515
3348806
3350567
3351090
3351837
3353588
3354984
3356339
3357583
3359015
3361273
3362697
3364031
3364704
3364781
3364900
3365284
3366844
3367953
3369501
3371529
3372172
3372385
3372534
3373667
3374608
3375163
3375318
3375728
3375780
3375867
3376050
3376113
3376950
3377831
3381714
3385256
3385362
3386220
3387259
3388114
3388725
3394153
3394889
3396494
3397118
3397419
3397616
3397858
3398032
3398561
3398712
3398945
3399406
3399839
3400272
3400286
3400301
3400876
3401270
3403419
3404148
3404391
3406141
3406909
3407240
3407995
3408268
3409414
3409578
3410003
3410156
3411714
3412641
3412952
3413181
3414818
3416238
3417219
3418146
3420660
3421707
3421915
3423357
3423919
3425596
3427828
3428964
3429207
3430063
3430271
3430654
3430735
3430808
3434101
3437849
3437989
3438539
3439052
3439398
3439425
3440149
3441666
3442545
3443694
3444544
3444844
3445292
3445666
3447421
3447576
3447685
3451307
3451576
3451842
3452715
3453514
3454464
3454556
3455811
3456184
3456245
3458961
3461472
3461515
3461986
3462974
3463369
3463630
3464552
3465158
3465283
3466576
3468314
3469860
3470391
3471609
3472107
3472715
3473225
3474495
3475679
3476864
3477330
3477442
3478342
3479620
3480965
3481287
3482978
3483142
3486767
3487052
3487890
3488854
3489018
3489164
3489412
3489543
3489612
3489627
3491588
3493182
3493508
3495636
3495655
3495862
3496385
3496651
3496752
3497437
3498358
3498578
3499013
3499212
3501554
3504006
3506364
3506467
3506566
3507175
3508396
3508434
3509395
3509399
3509478
3509573
3511025
3513498
3513868
3516758
3517130
3517975
3518329
3519006
3520126
3520760
3523008
3523293
3524468
3524729
3525535
3525842
3526761
3526926
3528704
3529110
3529720
3530492
3531161
3531404
3532175
3535029
3536426
3536460
3538321
3538666
3538998
3539093
3539906
3541505
3541607
3542535
3542647
3544054
3546378
3546673
3546860
3547136
3547395
3548904
3549492
3550248
3550448
3551256
3551579
3552980
3554542
3554729
3554928
3555477
3556624
3556793
3557847
3558008
3559134
3559327
3559878
3560761
3560823
3561307
3563724
3564443
3565024
3565852
3567146
3567243
3569044
3569143
3569860
3570139
3573056
3573132
3573410
3574115
3574168
3574433
3576776
3577311
3577989
3579228
3579540
3580195
3580714
3581982
3582472
3582546
3582551
3582900
3588703
3589549
3589712
3590504
3592615
3593143
3593742
3594803
3596608
3598153
3598818
3599917
3600646
3608510
3608669
3609261
3609433
3612160
3612953
3613544
3614208
3615641
3615668
3617328
3617554
3618905
3619163
3619805
3621206
3621514
3621893
3623731
3623771
3625234
3631087
3632617
3633375
3634599
3635797
3636371
3636586
3637354
3637755
3640842
3642542
3642588
3642957
3643114
3646489
3647647
3647715
3648026
3648993
3649067
3649658
3651049
3651146
3651957
3652277
3652805
3653482
3655023
3655895
3658365
3658707
3660190
3661134
3661159
3662226
3662980
3663016
3665728
3666258
3667689
3667825
3668503
3668764
3668796
3669006
3669246
3673635
3674298
3674313
3674737
3674998
3675448
3678249
3679405
3679872
3681970
3683443
3683935
3685288
3685714
3687432
3688162
3690970
3692902
3694469
3695107
3696436
3696462
3696882
3698126
3699012
3699183
3699364
3702252
3703163
3704041
3704796
3705414
3705848
3706083
3706432
3706766
3706839
3708090
3708137
3710513
3712653
3713595
3715183
3718013
3718379
3719153
3719182
3719188
3719296
3720047
3722142
3722767
3723746
3724441
3724832
3727423
3727605
3728653
3729864
3730475
3731499
3732303
3732928
3734618
3734716
3734806
3734898
3735822
3736248
3736263
3737193
3737708
3738230
3739543
3740895
3741638
3741793
3741794
3743087
3743338
3743911
3744153
3744211
3744345
3744664
3746162
3746843
3750224
3752548
3752735
3753000
3753649
3753859
3754356
3754555
3754925
3755094
3756173
3756242
3760223
3762445
3763174
3763333
3763382
3764356
3764466
3765331
3766004
3766185
3767955
3767979
3769040
3769349
3770862
3771270
3771358
3772967
3773977
3775316
3777547
3778461
3778785
3779646
3780641
3784205
3784627
3784881
3785062
3786349
3787777
3787950
3788497
3788872
3788957
3789030
3790855
3791674
3791820
3791938
3791996
3794595
3794755
3794830
3795795
3796441
3796522
3799251
3800260
3801766
3802335
3803009
3803296
3803431
3803576
3803755
3804668
3804675
3804860
3805433
3805588
3808839
3809002
3810481
3811631
3813862
3814169
3816300
3817374
3817660
3818225
3819797
3820706
3821129
3821247
3821597
3822351
3823406
3823908
3823977
3825935
3826028
3826789
3827349
3827390
3827937
3828292
3828307
3828790
3829816
3829846
3830993
3831992
3832336
3833625
3834063
3834091
3835793
3835931
3836847
3839778
3841446
3842166
3842402
3842624
3843561
3844812
3844937
3845130
3845786
3846602
3848681
3849033
3849460
3850556
3851941
3853142
3853179
3853453
3854202
3854565
3854950
3855203
3855559
3856388
3857379
3859261
3859467
3859656
3861478
3863426
3865668
3866533
3866962
3868444
3869965
3870897
3871997
3872877
3872924
3873649
3876912
3877086
3878478
3880745
3880839
3881802
3882770
3882873
3883185
3883484
3884229
3885562
3888122
3889442
3892111
3892239
3892688
3893147
3893225
3893335
3894584
3895745
3895809
3897277
3898687
3899252
3900481
3900611
3901094
3901121
3902994
3903268
3903387
3904509
3905003
3905449
3907460
3908791
3909550
3909828
3910261
3911664
3912034
3912036
3912180
3912340
3912532
3913110
3914945
3915369
3915749
3915835
3916416
3916575
3916851
3917355
3918519
3918798
3919721
3921620
3921687
3922619
3922847
3923183
3923774
3924938
3925306
3926008
3926238
3926680
3926897
3927589
3927941
3931478
3935334
3935868
3936976
3937391
3937896
3938165
3938569
3939179
3940428
3940470
3943273
3944064
3946270
3946383
3947489
3948096
3948654
3949198
3949902
3950258
3950322
3952422
3952661
3953818
3954486
3955596
3957035
3957899
3958944
3959058
3960001
3962428
3963437
3963676
3965289
3965356
3965449
3966060
3966436
3966612
3966804
3967665
3970685
3975092
3975119
3975395
3975928
3976381
3976510
3977195
3978363
3979666
3980315
3980516
3980692
3981162
3981602
3984287
3986838
3987043
3987540
3987632
3987877
3989708
3990531
3991351
3991745
3991970
3993240
3993759
3994642
3996899
3998109
3998743
3998987
4000463
4002235
4002678
4002752
4005351
4006993
4007398
4007461
4007579
4010843
4011259
4013220
4013341
4014980
4015981
4016382
4016877
4018890
4020097
4020506
4020850
4020937
