671
1099
2142
4305
8445
9053
9286
10503
11948
11963
12349
12869
13145
13446
13488
16321
17278
17957
18851
18932
19719
20494
21536
21587
23105
23442
23746
24615
24715
25108
28095
28310
29256
30670
35051
35694
35940
36221
36557
37060
38827
38844
39669
40511
41820
42344
42808
43369
43576
44120
44242
44583
45452
46301
46755
47421
47779
47874
48511
48873
51211
51662
51788
53604
54175
55599
56323
56506
56528
56585
57072
58070
58397
59386
59672
60648
60747
61915
62359
62748
63305
63952
64720
65176
66305
68529
68952
70013
71322
72161
73376
73418
75160
76433
77316
79514
79882
81377
81432
82878
83268
84168
85129
86798
86838
87165
88285
88994
89772
92337
92613
92749
94758
95306
96758
98032
98908
99383
99630
99653
100172
100179
102898
102906
103494
104897
105778
106096
106264
109324
109504
111638
111937
112546
112982
113116
113174
114049
115408
119120
120850
122118
123017
123512
123560
123889
125128
126543
129289
129676
129945
130284
131012
131095
132174
132334
133102
133796
134186
135641
136544
136578
137162
138816
139235
140577
141535
143621
144109
144651
145476
147321
147395
149615
151869
152292
154980
155528
155545
155599
156117
156138
156280
158175
159212
161611
163799
163802
164077
164776
165772
166554
167430
167643
169645
171261
172751
173186
175144
176281
177129
177191
177609
177777
178206
179030
181375
181617
183235
183964
185501
186400
186938
187356
188034
188362
189387
190618
190720
191879
192121
194895
194901
194994
195690
195913
197104
197362
197609
198212
198441
199411
200066
200907
202255
203028
203489
204345
204980
206301
206366
207119
207257
208108
208503
208720
208947
211274
213536
214116
214551
216889
217164
217514
218868
222401
222609
222761
224076
224092
224134
224441
226021
226556
228162
228387
230400
234005
235260
235742
236644
237236
237591
237700
238738
238821
243883
243931
243993
244263
245639
246093
246222
247866
249665
250165
250181
251512
253247
253647
256179
257624
259978
260788
261151
261233
261347
264672
266146
266959
267748
269470
273210
275374
275720
277942
278150
278614
279432
279555
280698
284480
290551
290932
291218
291424
291533
292767
293622
293865
294027
295275
297237
298743
300544
300604
301496
301652
302215
302338
303385
303408
304505
306081
306762
309432
310380
312205
313990
316509
316815
318151
318427
318475
320128
321269
321666
321872
322516
322637
323436
325378
325782
326818
329025
330595
331212
331303
331488
332207
333229
335529
335908
336129
338120
338497
338904
340691
341214
341283
341315
342341
342343
344059
344419
345035
345181
347082
348154
348547
348714
348736
348810
349493
350985
351209
352115
353553
353870
354766
356545
357628
358112
358493
361806
361948
363437
363671
364948
366360
368109
368249
368297
368987
369106
370028
372555
373533
375314
375479
375878
375969
377744
378821
379572
380899
381042
381911
382487
382577
383522
383729
385356
387289
391796
393466
393869
394367
397920
398558
398721
399236
403496
404271
404730
405136
405227
405803
409431
409483
409562
413635
414533
415359
415559
415768
416177
416774
417227
417433
417666
419398
419791
419857
420305
421621
422530
424400
425037
425056
425829
426898
429360
429614
431012
431570
431820
432143
432967
433242
434236
435613
436051
438099
438113
440322
441741
442960
443874
445290
446829
447260
449023
450074
450185
450903
451270
451507
452595
453449
454184
454442
455338
456051
456080
457287
458970
461103
463160
466281
466561
467014
468238
468600
469336
469996
470202
470941
470998
472394
473115
475010
477415
478614
479922
480643
482832
483131
483330
484531
484878
485031
485285
487043
487660
488234
488455
488595
489480
489584
490219
490400
492304
494945
495025
496497
497391
498054
498266
502402
502460
502730
503782
504382
505601
505777
506016
506701
507262
509888
510044
511760
511783
512205
514538
516325
517365
517556
518112
518600
520561
521107
521180
521754
521790
522207
522498
523199
523706
525663
525879
526522
527785
529939
529950
529973
530261
530575
530958
531290
531778
532359
532923
535722
536369
536443
536801
537234
537768
538458
538616
538858
539885
540546
541161
543802
544618
546455
547798
548182
548889
553718
553917
554332
555017
556572
557515
559663
560839
561035
561270
561804
562066
564275
564360
565047
565884
566097
566407
566916
570043
571300
572584
572630
572778
573739
575040
575470
576335
577749
578371
579243
580154
584565
584721
585343
585714
586196
586909
587164
594002
594813
596874
597454
598101
598472
598611
601454
601515
602097
604181
604333
604837
607544
607994
608510
610196
610205
610609
611001
611497
611738
613817
616177
616507
617615
617744
617785
618570
620421
621073
621127
622800
627733
629040
629311
630067
633157
633233
633716
634831
635094
635118
635527
636341
637126
637437
639441
640430
641637
642152
642175
642792
642812
643817
645847
646270
647264
648144
649343
649874
650105
650643
650664
651168
653398
654887
655367
656778
656806
656934
657682
658335
659644
659917
660262
663009
664236
664372
665589
666345
667902
668402
669770
670294
670345
671457
674424
674525
674604
675591
676391
677381
678037
678229
679634
679810
681125
682756
683965
684483
687641
687703
690052
691082
692956
694258
694800
695231
695923
696216
696552
697225
698710
699017
699556
700230
700760
700960
701274
701315
701414
701523
703259
703681
704716
705399
706124
706570
706704
707402
707864
708489
709299
709666
709783
712209
712428
713124
713489
713635
713692
715927
716006
716614
716745
716999
717001
717345
719297
719500
720578
721126
721981
722973
724748
725905
726162
726433
727098
730213
731109
731503
732316
733158
733867
734688
735382
735712
736115
738186
739399
739779
741076
742864
742923
743036
743329
745286
747702
748039
751566
751906
752187
754974
757296
757686
757866
758586
760288
761276
761339
762684
762998
763236
763748
766869
768720
768946
769758
771480
772520
774025
774277
775636
776485
779448
781216
782725
783866
784112
784588
785673
787138
789869
790122
791631
792441
793004
795071
795471
800049
801923
801999
805113
808701
809520
812050
813183
814810
815660
815855
816149
817182
817994
818098
819032
820086
820905
820972
821760
822383
824119
826884
827079
828268
829461
830156
831254
832675
833029
834751
835000
835110
835971
838369
839513
839976
842740
843466
844474
845110
847502
849862
851130
851312
853314
857246
857709
858180
862363
862591
863023
864117
864145
864845
866617
867414
867788
869393
870853
872369
873792
873895
873909
874703
877066
877348
878518
882429
882933
884641
885733
886098
888488
889864
890479
890578
890877
893076
893394
893677
894494
895419
895823
896358
896509
896812
896957
897385
897451
898820
899774
900354
900495
901833
902286
902661
902721
903761
904428
907246
911171
912461
913895
916026
916789
917426
917443
918293
919021
920040
920805
923116
923355
925957
927133
927679
928343
930728
931233
931927
932184
934336
934836
935584
937263
938434
938787
939605
940315
941116
941609
942049
942442
945126
945203
946018
946725
946796
948946
949665
952485
952982
954605
955060
955162
955229
956779
957041
957519
958099
959979
961347
962889
965301
966400
966735
967681
968002
968596
974319
975398
975568
975702
976550
978147
981191
981939
982172
983669
983923
985049
987289
988913
992061
992785
994823
997770
998315
999748
1000152
1000168
1001278
1002048
1002538
1003838
1004135
1004434
1005093
1007073
1008422
1010458
1010791
1011274
1011508
1012021
1012830
1014407
1015127
1015282
1016721
1017031
1017594
1019655
1023143
1023556
1025177
1028411
1029999
1031868
1032954
1033956
1034111
1034798
1036736
1038340
1038362
1038882
1039088
1040086
1042269
1044030
1044915
1045365
1045385
1045557
1045673
1049615
1050730
1052872
1053838
1056431
1059521
1060445
1060889
1061607
1061904
1062887
1064103
1064552
1065511
1066755
1067086
1067669
1071175
1071777
1073698
1075373
1075495
1075935
1076393
1076698
1078753
1078916
1079630
1080043
1080656
1081235
1082172
1083384
1084009
1084208
1084472
1085949
1086532
1087976
1089122
1090709
1090838
1091589
1091928
1092145
1094120
1094331
1095531
1097667
1097815
1099372
1099566
1101563
1101947
1103424
1104496
1104861
1104925
1105222
1106440
1108222
1108973
1109068
1109712
1110822
1111198
1115281
1116216
1116892
1117752
1118575
1118625
1119062
1119968
1120322
1121879
1122766
1124561
1124711
1126765
1127327
1129229
1130181
1130306
1130566
1131090
1131275
1131775
1131976
1131997
1133129
1134879
1136799
1137864
1138112
1140259
1142614
1145141
1146139
1147074
1148099
1148822
1149854
1150268
1151061
1152217
1157156
1161125
1162672
1163842
1164006
1164481
1165797
1167310
1170555
1172736
1173653
1174027
1175027
1176775
1178073
1179081
1179451
1179851
1180312
1180946
1180959
1181596
1182727
1183142
1183573
1184792
1185102
1185453
1187344
1193221
1193897
1195710
1196224
1196417
1196523
1199432
1199769
1200823
1202576
1202999
1203160
1203678
1203860
1205558
1208238
1208295
1208698
1209658
1209664
1209947
1211625
1211909
1212448
1214012
1214271
1214719
1214848
1216026
1217394
1217482
1217516
1218149
1218430
1221303
1222136
1222554
1224728
1225110
1225852
1227229
1228129
1228350
1229212
1229838
1229932
1230525
1231187
1231778
1232103
1232258
1232323
1232364
1232684
1233010
1233853
1233885
1234246
1234698
1234833
1234865
1235021
1235277
1237171
1237248
1237863
1238436
1238464
1238554
1239715
1243911
1247350
1248522
1251825
1251854
1252894
1253914
1254678
1255616
1257231
1257609
1257631
1258376
1258932
1259104
1259913
1260190
1260380
1261329
1261976
1265866
1265970
1266105
1266223
1266282
1266892
1267080
1268224
1269420
1271644
1273905
1277146
1277590
1278286
1278688
1280325
1281547
1282216
1282498
1283549
1283924
1284853
1285207
1285659
1287319
1288074
1290421
1293224
1294680
1295151
1295230
1297061
1298317
1299258
1299565
1301286
1301464
1303005
1304464
1304514
1307599
1307804
1309927
1310655
1311470
1311930
1312608
1313568
1316764
1318250
1321112
1321194
1322051
1322530
1322870
1324912
1326566
1327204
1328476
1328854
1329130
1329318
1330606
1331044
1331355
1332435
1333746
1335569
1335712
1338544
1339005
1341081
1341629
1342097
1342972
1343503
1343824
1344464
1345274
1345515
1347419
1347806
1348143
1348187
1348569
1349174
1349354
1349735
1349888
1350882
1351419
1352526
1353799
1354063
1354780
1355234
1356241
1357738
1358468
1360894
1361675
1362510
1364033
1364879
1365016
1365604
1365807
1365978
1366012
1366809
1367078
1367213
1367818
1368602
1369852
1372850
1373343
1373349
1373555
1373643
1376494
1376702
1378616
1379277
1379459
1379461
1379594
1380265
1380475
1380538
1382413
1383762
1384574
1385650
1386989
1387088
1387219
1387944
1388565
1390477
1390494
1390956
1391896
1392343
1392493
1393615
1394208
1397704
1398159
1398939
1403223
1404477
1405139
1407524
1408883
1409812
1411988
1414858
1415266
1416783
1417471
1418705
1418939
1419830
1420086
1420764
1420881
1422020
1424505
1424684
1425305
1427016
1427304
1427663
1429465
1430437
1430597
1430610
1433486
1435106
1435586
1436044
1436196
1436859
1438992
1439410
1440251
1440288
1441234
1444331
1447830
1448668
1448794
1449667
1452503
1453299
1453787
1454742
1455133
1455377
1455639
1456522
1457358
1459627
1461029
1461536
1462006
1462350
1462509
1463587
1463922
1465867
1467392
1467638
1467754
1470554
1471122
1472132
1473378
1473725
1474907
1475248
1475549
1475590
1476655
1478224
1478624
1479309
1479772
1480827
1480961
1481957
1482673
1483556
1484302
1484385
1485654
1486004
1487683
1490622
1490706
1490838
1491504
1492989
1493229
1493555
1493672
1495934
1496104
1496619
1496696
1498820
1500602
1504049
1505084
1506034
1506180
1507007
1508376
1508517
1510700
1512995
1514407
1515025
1518389
1519059
1519763
1520853
1520908
1521257
1522009
1523999
1524267
1524557
1524858
1525425
1526171
1527386
1529123
1529745
1530428
1531440
1531560
1531691
1532241
1533115
1534593
1535138
1535177
1536006
1536080
1536232
1537015
1542308
1543253
1543372
1543865
1544848
1544871
1545537
1545649
1545795
1545939
1546487
1547379
1547413
1547547
1548584
1550554
1552345
1553227
1559045
1559781
1560047
1560089
1562807
1562989
1564503
1565027
1565093
1565526
1565837
1566680
1566706
1566741
1566986
1567336
1568002
1568197
1569592
1571785
1572749
1573002
1573608
1574381
1574437
1578615
1579867
1580903
1580911
1581311
1582424
1583671
1584459
1584853
1585704
1586307
1586463
1587459
1587639
1588584
1591073
1591328
1592185
1593093
1596678
1596884
1596925
1597709
1599594
1601312
1602879
1603324
1603610
1603766
1604264
1604559
1605104
1606271
1607999
1609085
1610361
1610500
1611718
1612631
1613710
1614121
1614768
1615054
1616925
1619464
1621439
1621567
1623021
1625942
1626369
1626984
1627786
1628367
1628520
1630311
1630694
1631165
1631845
1631876
1634215
1634357
1635278
1637211
1639792
1640086
1640878
1640960
1642166
1643306
1644523
1644935
1645385
1645891
1646063
1648674
1648992
1649334
1651206
1651971
1652059
1652135
1652554
1652936
1653942
1654209
1654782
1655927
1656245
1658848
1658920
1659253
1659918
1661708
1664097
1665608
1666550
1666937
1667156
1667187
1667575
1667672
1668063
1669433
1669719
1669922
1670800
1670897
1672399
1672818
1673861
1675148
1676393
1676789
1677482
1678112
1678965
1680234
1681819
1685149
1685278
1685655
1685701
1687170
1688092
1688898
1689055
1689179
1689927
1689955
1692345
1692728
1693818
1694599
1695078
1697020
1698653
1703098
1704357
1704565
1705009
1705222
1706829
1708823
1708921
1709191
1710831
1711451
1712590
1713316
1713735
1715022
1715265
1715622
1717604
1718883
1719134
1719930
1720326
1720882
1722329
1722889
1723510
1723891
1724426
1724880
1725911
1729243
1730322
1730913
1732646
1733116
1733304
1734325
1734804
1736044
1737400
1738497
1739383
1739788
1740763
1740859
1742402
1742585
1743400
1743602
1743669
1743984
1744607
1746753
1747602
1747763
1748075
1748126
1748893
1749681
1750113
1751344
1751922
1752218
1753514
1754484
1754641
1755071
1755587
1756516
1757151
1757881
1759017
1760807
1761397
1762196
1762363
1762557
1762903
1763910
1768282
1768460
1770996
1771256
1772308
1773510
1773931
1774467
1774629
1775272
1775667
1775876
1776965
1778789
1779994
1781134
1781354
1784403
1784550
1786484
1786723
1787156
1788893
1788895
1789775
1790705
1791915
1792797
1792996
1793355
1794784
1795089
1795589
1798342
1799925
1800689
1803381
1803403
1805744
1805780
1805812
1806535
1810410
1810525
1810668
1810920
1811894
1813098
1813363
1813654
1813774
1814010
1814643
1817350
1817563
1820688
1821088
1822124
1822133
1822237
1822607
1823051
1824065
1825224
1828510
1828879
1829449
1832174
1832345
1835921
1838088
1839204
1841864
1845643
1846466
1846913
1847180
1847551
1848262
1848638
1848646
1850171
1850691
1851403
1852154
1852866
1853482
1853565
1854273
1854409
1856565
1856701
1857411
1859084
1859415
1859416
1859526
1861278
1861471
1862260
1862776
1862916
1864969
1864985
1865215
1865316
1867444
1868975
1871224
1871430
1873594
1874012
1876431
1879113
1879133
1879497
1879958
1880993
1881895
1882691
1883606
1883937
1884585
1884800
1884911
1885783
1887043
1887303
1887840
1888684
1889284
1889979
1892357
1892930
1893616
1893787
1894042
1894177
1894963
1895224
1895412
1895451
1897080
1897093
1897756
1898036
1898721
1898925
1898988
1900275
1900608
1901610
1901821
1903200
1905297
1906259
1906513
1906962
1907056
1907238
1907544
1908145
1910982
1911723
1913166
1913962
1914060
1915121
1915511
1916140
1916605
1917446
1917591
1918814
1918841
1919041
1920627
1921211
1922002
1922181
1922841
1925131
1926038
1927278
1927410
1929832
1930527
1931286
1931733
1932394
1932466
1934570
1935459
1936067
1938753
1938812
1940010
1940095
1941522
1945705
1946636
1947201
1948368
1948580
1949825
1950292
1950946
1951220
1952240
1952249
1953067
1957487
1958281
1958701
1959285
1959895
1961327
1964787
1964802
1966230
1967261
1967713
1968489
1968586
1970349
1970979
1972590
1972791
1973492
1973862
1973927
1975110
1975238
1976030
1976690
1977662
1984423
1984479
1985509
1986678
1986683
1986804
1986856
1988408
1989730
1992072
1992152
1994982
1998116
1998880
1998908
2000022
2000081
2000532
2001053
2002291
2003956
2005182
2005945
2006136
2006276
2006877
2007643
2008130
2008254
2009372
2010823
2011515
2014007
2016578
2016937
2017720
2018104
2018349
2020337
2022285
2022752
2022884
2023353
2023919
2023921
2024227
2024846
2024957
2025264
2025322
2027141
2027163
2028209
2029053
2029199
2030441
2030549
2030579
2034169
2035272
2036408
2036860
2037208
2037901
2038446
2038856
2039760
2040534
2040736
2041094
2042387
2042501
2043467
2043556
2043596
2044065
2044166
2044795
2045310
2045904
2045936
2046344
2046367
2046683
2046713
2047326
2048033
2048479
2048695
2049612
2051519
2052572
2054332
2054619
2056665
2057000
2057644
2060608
2060774
2061676
2062722
2067472
2071165
2074744
2076874
2079025
2079655
2079788
2081005
2081317
2081485
2081995
2083920
2085766
2085867
2088357
2088366
2088579
2088738
2089045
2090037
2091838
2094939
2096169
2096966
2097585
2098692
2099808
2100229
2101224
2102425
2102493
2103771
2103870
2104177
2104392
2106458
2109971
2110511
2110781
2111089
2111763
2112065
2112579
2112649
2113495
2113791
2113885
2113958
2113975
2114021
2114740
2115362
2116102
2116157
2116957
2119022
2119045
2119337
2120298
2125668
2126948
2127272
2127523
2127722
2128717
2129025
2129138
2130343
2130744
2131240
2131288
2131623
2132205
2132313
2134516
2134563
2134796
2135684
2136389
2137128
2137868
2138390
2140308
2141785
2142069
2142594
2143787
2144357
2145081
2146040
2146457
2147311
2147546
2147553
2148584
2148671
2150217
2150714
2150740
2151826
2152369
2153884
2154889
2156240
2157030
2157190
2157284
2158227
2158334
2158518
2158648
2159021
2159641
2161017
2161062
2161510
2161969
2162804
2165686
2168233
2168406
2168648
2169084
2169388
2171915
2172147
2172413
2172926
2174791
2175320
2175966
2176562
2177898
2179917
2180340
2180802
2181995
2185160
2186422
2186449
2187314
2188063
2188111
2189723
2189835
2190868
2192512
2194493
2194830
2195931
2196142
2196395
2196648
2198492
2198890
2199142
2200369
2201215
2201275
2202515
2203215
2203244
2205760
2205991
2206128
2206911
2207573
2210127
2211960
2213060
2213613
2215697
2216383
2216757
2217188
2222065
2222144
2223169
2224207
2225074
2226559
2227720
2228096
2228209
2228227
2228679
2228838
2229061
2229848
2231145
2233155
2233168
2234490
2235410
2235714
2235866
2236365
2236676
2237595
2240300
2242538
2243016
2244027
2244108
2244116
2246437
2246700
2247006
2248356
2248639
2249026
2249221
2249426
2250207
2251350
2251749
2252129
2252639
2252731
2253332
2253583
2254243
2255770
2257627
2257812
2258782
2261107
2261765
2262024
2262202
2262326
2265285
2265841
2266471
2266774
2267355
2267359
2267829
2268826
2269226
2270495
2271668
2275049
2275563
2276364
2276494
2277423
2277473
2277553
2277999
2280530
2281417
2283055
2284728
2285094
2285491
2285587
2286783
2287364
2289409
2289999
2290554
2291414
2292828
2293711
2293824
2298459
2299031
2300014
2301998
2302199
2302327
2302367
2302857
2303705
2304526
2306493
2306496
2306967
2307117
2307484
2308645
2309455
2309631
2309977
2310969
2311198
2311792
2312185
2312876
2313573
2314333
2314361
2314536
2314586
2315814
2316192
2316384
2316691
2318546
2318607
2322177
2322185
2322229
2322390
2323418
2323899
2324917
2324935
2325005
2325107
2325812
2327100
2327539
2328191
2328453
2331184
2331406
2331664
2331704
2333515
2333533
2334006
2336050
2338975
2339051
2340430
2340763
2340814
2340910
2340957
2341340
2341606
2342642
2344795
2346973
2347657
2348399
2350961
2351696
2351825
2352081
2352257
2354412
2354634
2354979
2355035
2355736
2355885
2356062
2356530
2358061
2359176
2360704
2361484
2361633
2362337
2362586
2363827
2364131
2364968
2365362
2365809
2366569
2367587
2371314
2371998
2373746
2373813
2373881
2375731
2376022
2376562
2377032
2378023
2378899
2379521
2380218
2380888
2385260
2385723
2386761
2388911
2389418
2390260
2390388
2391189
2392006
2392169
2392248
2392895
2393429
2394665
2395557
2396192
2397309
2397924
2397976
2398363
2399038
2399249
2400177
2401960
2402345
2403530
2404273
2404377
2406307
2406332
2407345
2407376
2407747
2408145
2409090
2409563
2410422
2410568
2411748
2413435
2413670
2414020
2416728
2417070
2420022
2420044
2420544
2421170
2421495
2421849
2423176
2423532
2424565
2424868
2426268
2427675
2430076
2430175
2430579
2431085
2431106
2432248
2432454
2434065
2434131
2434809
2436024
2436285
2436344
2436384
2437849
2443006
2443916
2444081
2445447
2445628
2445852
2445944
2446496
2448514
2448679
2449159
2451134
2451269
2451391
2452102
2454370
2457084
2459587
2462949
2464022
2465705
2466432
2468042
2468092
2469085
2470516
2470567
2471944
2472151
2472467
2475451
2476660
2476865
2477149
2477706
2479218
2479951
2480149
2480483
2480718
2482321
2484076
2485899
2486359
2486543
2488441
2488611
2489849
2489941
2489945
2490693
2490924
2491200
2491642
2492454
2494251
2495118
2497777
2499818
2500032
2500455
2501600
2501680
2502408
2502725
2502810
2503350
2503932
2504121
2504139
2505539
2506172
2507519
2507885
2508592
2509572
2510385
2511452
2511639
2511708
2513293
2516143
2516249
2518235
2518940
2519124
2519769
2519995
2522712
2523193
2523319
2524466
2525650
2525817
2526472
2527307
2530177
2530200
2532089
2532353
2532883
2533580
2535600
2535792
2536092
2537621
2537919
2540406
2540484
2540505
2540652
2541671
2542626
2543128
2543837
2544028
2544207
2544463
2545201
2545811
2545991
2546808
2547201
2547626
2549140
2549957
2553836
2554136
2555287
2555726
2556996
2558036
2558969
2561366
2561986
2564510
2567187
2567466
2569379
2570756
2571456
2572284
2573489
2573847
2573935
2575013
2575840
2575896
2577489
2578415
2580009
2580829
2580861
2582427
2583437
2584138
2586399
2587042
2587399
2589046
2589996
2591816
2592213
2592736
2595357
2595516
2595669
2597134
2597159
2597900
2597918
2598374
2599070
2599172
2599660
2601822
2602011
2602505
2602611
2603920
2606307
2608441
2609902
2610056
2611807
2612081
2612777
2613305
2615105
2615171
2617023
2617700
2618183
2619397
2621016
2621279
2622265
2623063
2624066
2624328
2629430
2629692
2629968
2630318
2630707
2632354
2632731
2636297
2637103
2637559
2637741
2641346
2642293
2643136
2643816
2643856
2646005
2647166
2647526
2648328
2648616
2649016
2650476
2653356
2653558
2654802
2655547
2655652
2656206
2657879
2660061
2664049
2664084
2664654
2664662
2664814
2666092
2666106
2666109
2667499
2667508
2667707
2668011
2669037
2669406
2670508
2671561
2672234
2672705
2673380
2673418
2673458
2673693
2677838
2680010
2680661
2682667
2682929
2684749
2686986
2687655
2687757
2687904
2693268
2694566
2696321
2696930
2696953
2698876
2699172
2700218
2701455
2701732
2702812
2705356
2706020
2707284
2708509
2708597
2709185
2709236
2710150
2710368
2711466
2711497
2712659
2713748
2718043
2719978
2720596
2724077
2726980
2728087
2728238
2728774
2729265
2730269
2733315
2735015
2735561
2736182
2736269
2736474
2736725
2736932
2737166
2739503
2740068
2740400
2740666
2741125
2742453
2742756
2743594
2744034
2744057
2744358
2745924
2747631
2747669
2748638
2748728
2749466
2750086
2750638
2750671
2750925
2751007
2751709
2752109
2753015
2753436
2753536
2753538
2755066
2758088
2759373
2759844
2760904
2761246
2761930
2762002
2762171
2766073
2768331
2768368
2769922
2771106
2771643
2772256
2773201
2774245
2775007
2775111
2775609
2779204
2783354
2783745
2784140
2787123
2789947
2790296
2791138
2792433
2792744
2794327
2794474
2794766
2794848
2795852
2796252
2796941
2798234
2799158
2799284
2800041
2800556
2801322
2802859
2804545
2805495
2805862
2806753
2807096
2807735
2808581
2809939
2810548
2810638
2810789
2813305
2813758
2814592
2815594
2815874
2817435
2817900
2818087
2818289
2819961
2820830
2821398
2821466
2822669
2823261
2826335
2826951
2828273
2831952
2833010
2833443
2833590
2834046
2834225
2834872
2835274
2836047
2836128
2837691
2838082
2838136
2838244
2838457
2838908
2839704
2840631
2841737
2842812
2843652
2844229
2844811
2845711
2846053
2848165
2849192
2850561
2852026
2852909
2853949
2855384
2855636
2855671
2856787
2859513
2861063
2861568
2863222
2865815
2868232
2868269
2868505
2869257
2870230
2870685
2871370
2871592
2871888
2872581
2872671
2874208
2876598
2877772
2878590
2878851
2879402
2880461
2880846
2881009
2882222
2883221
2884045
2884546
2884912
2884947
2885368
2886312
2886474
2886568
2886988
2887063
2887778
2888910
2889613
2890520
2891864
2895854
2897322
2897542
2898866
2899514
2900918
2901025
2901325
2902714
2903912
2904890
2905041
2905099
2905558
2906465
2906917
2907278
2907708
2908864
2909765
2909874
2910841
2911139
2912827
2915284
2917245
2918687
2918789
2919570
2919797
2920289
2920442
2921297
2922659
2922989
2923574
2925344
2927487
2928698
2928895
2929079
2929337
2930682
2931004
2931534
2932185
2932569
2933217
2934083
2935481
2936543
2937343
2940715
2941218
2942333
2942410
2942794
2943341
2944497
2944569
2944580
2946394
2948962
2949376
2949411
2950161
2950645
2951594
2951735
2952159
2953295
2953817
2954170
2954473
2954815
2956149
2956469
2957007
2957077
2958191
2958292
2959620
2960315
2960428
2960494
2961723
2962207
2962216
2962245
2963654
2963657
2964205
2965932
2967527
2968254
2969671
2971496
2971519
2971584
2972608
2972755
2973426
2974503
2974707
2976511
2976719
2976746
2977033
2977074
2977814
2977902
2979197
2980938
2981405
2981989
2984079
2984874
2986365
2986669
2986830
2988678
2989491
2989534
2991036
2991051
2991528
2992294
2994946
2995120
2997716
2997930
2999137
3001180
3001770
3004613
3007247
3007498
3007810
3008468
3009424
3010201
3011278
3012306
3012376
3013835
3015707
3016315
3018719
3019461
3020368
3022256
3022536
3023951
3024079
3024405
3026312
3028067
3029037
3029362
3030615
3031163
3033320
3033494
3034021
3034964
3035172
3037585
3039175
3042139
3043706
3045099
3047608
3048004
3050170
3050646
3050841
3051561
3052030
3055049
3055287
3055291
3055768
3055973
3056362
3057160
3058796
3058842
3059840
3061693
3062648
3063076
3065140
3066718
3067704
3068434
3069331
3069846
3072717
3072763
3073121
3075115
3076027
3076315
3076525
3076647
3077175
3077328
3077662
3077687
3077723
3078448
3079879
3080103
3080135
3081079
3082670
3082693
3085097
3086205
3086794
3087154
3088060
3088778
3088992
3089382
3090046
3090113
3091559
3091690
3092703
3095936
3096039
3097396
3097758
3098014
3098281
3098589
3098874
3099324
3099394
3099639
3102553
3103739
3104775
3105417
3106544
3107020
3107384
3107518
3108751
3109034
3109565
3109882
3110586
3111513
3113185
3113709
3114423
3115026
3115038
3115048
3116883
3117309
3117630
3118078
3118282
3119130
3119657
3119700
3120747
3121144
3121498
3123249
3123562
3123718
3125330
3125380
3125889
3125988
3126944
3128543
3128577
3129812
3131156
3131556
3132148
3132690
3133654
3134051
3134239
3134290
3134915
3138760
3139039
3139913
3140449
3141193
3141340
3143754
3144261
3144601
3145363
3145487
3146063
3146410
3146819
3147049
3148282
3148684
3148863
3149611
3150532
3152637
3154690
3155291
3156324
3156349
3156888
3157375
3157565
3159793
3159834
3162258
3164299
3166409
3167180
3167363
3167375
3168296
3169085
3170784
3170986
3171809
3173952
3174111
3176956
3177365
3179339
3180896
3181697
3183107
3185705
3188421
3188469
3189057
3189276
3189697
3191774
3192943
3193381
3195300
3197912
3198755
3199214
3201753
3202390
3202902
3203869
3204347
3205970
3206070
3206153
3206329
3206584
3207151
3207157
3207534
3207949
3209059
3210672
3211879
3212593
3213345
3214176
3215639
3218236
3218690
3218730
3219769
3219897
3220640
3220992
3221722
3222476
3222842
3223915
3224795
3229476
3230849
3231213
3231309
3231446
3233168
3233488
3233756
3234845
3235335
3236313
3240028
3240685
3241926
3241966
3242506
3242809
3243922
3244357
3244739
3245822
3246107
3247165
3248999
3249265
3250654
3250848
3251474
3252562
3253259
3255693
3255972
3255997
3256473
3257073
3257291
3258098
3258386
3259162
3259539
3259710
3260964
3261472
3263058
3263090
3263973
3264085
3264903
3264957
3265976
3266460
3267713
3272201
3272632
3272842
3272976
3273058
3273603
3274418
3274512
3274723
3275646
3276522
3277989
3279993
3280690
3280709
3281445
3281955
3284822
3285517
3285977
3286085
3288886
3289269
3289695
3289713
3291956
3292695
3294919
3294947
3297470
3297836
3297964
3298234
3299031
3301257
3301707
3302313
3303085
3305417
3305695
3306606
3307613
3308201
3308410
3308469
3309625
3310142
3311720
3312059
3314246
3314715
3314818
3315661
3315790
3315791
3319030
3320138
3321294
3322493
3323717
3323989
3324578
3325391
3325662
3327056
3327699
3329527
3330755
3331095
3332095
3334335
3335790
3336324
3336912
3339061
3341371
3341735
3342440
3344307
3344560
3345495
3345588
3345976
3348515
3349772
3350965
3352182
3352352
3352781
3355079
3356061
3357519
3357918
3360974
3362812
3363161
3367075
3368227
3368469
3369141
3371347
3371788
3371936
3372914
3376759
3378869
3379580
3380159
3380226
3380532
3380913
3381306
3382922
3383575
3383590
3384795
3384820
3385005
3385780
3388199
3392726
3392776
3393214
3394142
3394178
3394597
3394807
3395872
3396929
3398224
3399608
3400914
3401116
3401978
3402645
3404011
3404434
3405410
3406829
3407291
3407935
3407952
3407990
3408401
3411520
3412157
3412177
3412812
3414387
3414935
3415249
3415447
3416510
3416853
3418046
3418366
3419800
3419949
3423471
3425664
3426329
3426618
3427366
3427453
3428168
3428763
3430471
3432037
3432198
3432571
3433279
3434400
3434583
3438815
3440071
3440405
3441145
3442053
3442506
3443460
3447026
3447250
3447661
3448996
3450161
3452165
3453383
3453714
3454350
3455860
3455878
3456839
3457437
3458278
3460290
3465367
3466095
3468407
3468649
3468685
3469097
3469512
3469829
3471252
3472583
3472660
3472885
3475358
3477777
3478337
3478837
3481934
3483518
3483628
3484112
3485220
3485706
3486005
3486919
3488284
3491619
3492348
3493949
3494991
3496441
3499139
3499236
3499243
3499854
3500693
3501793
3503415
3503957
3507501
3507584
3507953
3508219
3508539
3509558
3509886
3509918
3511099
3511184
3511560
3511762
3513042
3514284
3514553
3515802
3515920
3516387
3518037
3519049
3519153
3519519
3519850
3521531
3523140
3523160
3524000
3524109
3525085
3525624
3525705
3529546
3529582
3532946
3534045
3535014
3535844
3536848
3537263
3537965
3538326
3538521
3539959
3540523
3540800
3541119
3541392
3542028
3542734
3542926
3543073
3543248
3544278
3546200
3549449
3549509
3549558
3551271
3552275
3552399
3552856
3553616
3554706
3554995
3560807
3561942
3562146
3563106
3563131
3563260
3563264
3565659
3566289
3567324
3569067
3569261
3569897
3573226
3576374
3576421
3576905
3577737
3578224
3578748
3579148
3580620
3580946
3581418
3581688
3582804
3583468
3583885
3585802
3586202
3586641
3587474
3588371
3588629
3588884
3588983
3589777
3589911
3591786
3591980
3592496
3594309
3595705
3595920
3596907
3597129
3597180
3600943
3601255
3602164
3602866
3603631
3603745
3605746
3607337
3607414
3607610
3608007
3609177
3609317
3609745
3610302
3611564
3612418
3612676
3612924
3614814
3617191
3617556
3618341
3620234
3621899
3622940
3623025
3623826
3625401
3627096
3628869
3630285
3631292
3632330
3633395
3635625
3637490
3638331
3638548
3639742
3640325
3643009
3643010
3643732
3644416
3645398
3645803
3646624
3649290
3651920
3652323
3653644
3654638
3655052
3655245
3657018
3657122
3657278
3657631
3659281
3659524
3659538
3660046
3660601
3661269
3661578
3662050
3662814
3663458
3664558
3666104
3666131
3667034
3667727
3667824
3668252
3668818
3669324
3669615
3670471
3671097
3671258
3672098
3672184
3672305
3674486
3676321
3676579
3677450
3678785
3679588
3681956
3682350
3682921
3683202
3685495
3688405
3689307
3689345
3690342
3690583
3691992
3692021
3692457
3693980
3694253
3694688
3695081
3696540
3697224
3698038
3699756
3701506
3703745
3705988
3706963
3707896
3710806
3711893
3712679
3713018
3713588
3713798
3714121
3716582
3717984
3718815
3719292
3719478
3719621
3719634
3719895
3720436
3721491
3721724
3722086
3723844
3724168
3725497
3725513
3726195
3726206
3729264
3729531
3730679
3732115
3734064
3734704
3735441
3735536
3736344
3737590
3738530
3740213
3740951
3744409
3744461
3744935
3745831
3746045
3746251
3747909
3750361
3750942
3751427
3752849
3753144
3753289
3754523
3754589
3755082
3757842
3760886
3761443
3762494
3763596
3765817
3766154
3767456
3768439
3771671
3772309
3774199
3774730
3775793
3775831
3776399
3778636
3779426
3781822
3783957
3785591
3785626
3786067
3786444
3789058
3789463
3792986
3793489
3794663
3795963
3796425
3796523
3799992
3801964
3802826
3804324
3805369
3805568
3806432
3806860
3808196
3808954
3809296
3810187
3811341
3811886
3812583
3813303
3813422
3814525
3816623
3816833
3817236
3817662
3817682
3818021
3819828
3824164
3824527
3825958
3826835
3827253
3827994
3828950
3829574
3829943
3832938
3833576
3834345
3836648
3836736
3836737
3838712
3838896
3839328
3841099
3843707
3845494
3845633
3846067
3846592
3847088
3847624
3847935
3848958
3851499
3851974
3853762
3854609
3857367
3858033
3859092
3859475
3860711
3861265
3861416
3861586
3862324
3865310
3865397
3866501
3867586
3867835
3868662
3869281
3869664
3869864
3870116
3870150
3870518
3870915
3871875
3871967
3872364
3872919
3875421
3877437
3877603
3877862
3877918
3878883
3883308
3884987
3886248
3886784
3886935
3888419
3889998
3890208
3891242
3892047
3894684
3894762
3897091
3897178
3897956
3898014
3898182
3899322
3899892
3900552
3900587
3901547
3902209
3903033
3908677
3909131
3909171
3909853
3909925
3909940
3910871
3911618
3911809
3913826
3915065
3915415
3915904
3917453
3920184
3920677
3922892
3922976
3923455
3924215
3924219
3925825
3927529
3927627
3929043
3932014
3932733
3932788
3932933
3933221
3934595
3934612
3938266
3938298
3939105
3939508
3939631
3940070
3941841
3941946
3942200
3942277
3943057
3943185
3945230
3945550
3945790
3947245
3948456
3948518
3949492
3949827
3950109
3950866
3951725
3953830
3954219
3954819
3955122
3955142
3955163
3956673
3957646
3960402
3960885
3961075
3963475
3963821
3966614
3968761
3969202
3973635
3973868
3974284
3974411
3974736
3975019
3975261
3975311
3976211
3979756
3980430
3983627
3983691
3984178
3984437
3984484
3984759
3984855
3985951
3987149
3987475
3988121
3988245
3988556
3988825
3989112
3989757
3991263
3991324
3991672
3991742
3992627
3992745
3992942
3996044
3996205
3996341
3997864
3997998
3999357
3999358
4000269
4000987
4001034
4003630
4004092
4004648
4005065
4005133
4006362
4006864
4007270
4011163
4011423
4011679
4012637
4016296
4016368
4018025
4018289
4018678
4018689
4018747
4019351
4021321
4022034
4022198
