159
1561
2622
2870
2987
4176
4700
5765
5768
6850
7292
8171
9087
9323
9544
9570
9822
10554
10585
11454
11602
11723
12261
13726
15952
18741
19132
19229
20609
20634
21624
22020
22037
23712
24133
25689
25766
30301
32398
33185
33299
34263
34412
34644
35627
37194
37793
38341
39407
39599
39896
40956
42707
42954
43951
44544
44552
45976
46071
46537
46958
47500
47913
47996
48040
48896
49224
50004
50223
50977
52570
52709
54256
54496
54645
55073
55624
56607
58121
58241
58449
58914
58947
60023
61454
61699
62453
63575
63844
64084
64330
64895
65110
65964
66222
66296
67214
67574
68445
68746
69046
69797
69834
71734
72146
72782
73205
73381
74738
75179
75311
77077
77727
77896
78364
78484
78516
78963
79385
80438
80566
82643
85010
85027
86118
86164
86800
87534
87715
88055
89993
90692
90836
92717
93123
93720
93816
93848
94177
94358
94446
94779
95929
96549
96857
97234
97427
98140
98848
99113
99769
100319
100407
101307
102302
102458
102796
102831
102966
103530
103766
105189
105343
106804
107946
107963
108566
109034
109438
109767
110115
110404
111215
113678
113746
114274
114715
114996
115173
115563
115873
115882
117501
117624
118685
119888
119974
120889
120955
122760
123386
123887
124643
125051
125926
127194
127780
127867
128559
129866
130104
130472
131946
132352
132407
133032
133078
133124
133643
133960
134365
134875
135445
136196
136304
137103
137140
137322
137372
137430
137576
138623
139117
139268
139988
140354
141599
141942
144074
144648
145190
145744
146174
146798
146915
147230
147722
148997
149045
149873
150715
152152
152232
152270
152509
153150
153357
153907
154562
155215
156715
157194
157250
158184
158945
159125
159196
159491
159892
160225
160242
160309
161121
161147
161263
161530
161937
165055
165700
165761
166007
166644
166973
167620
169063
169207
169793
170536
172694
174804
175125
175508
176238
177114
177667
177754
178433
179073
179402
180337
181330
181392
181581
182962
183513
183569
183971
184657
185250
186077
186641
186947
187420
187685
188559
189581
190752
190836
191550
191604
192110
192623
193784
194940
194981
195608
195654
197055
197337
198445
200836
200982
201594
201669
202579
202679
204824
205023
205126
206609
208059
208524
209538
209817
210067
210190
211836
212301
212685
212837
213021
213471
213597
213819
214518
214851
216114
216501
218176
218235
220471
220867
221485
222224
222732
223931
224727
225130
225591
225611
225748
225844
226032
226369
226419
227001
228226
228665
228869
229684
229955
230377
230627
231177
231228
231675
231694
231806
232040
232754
234331
235126
235566
235775
236131
236579
236695
238204
238672
238732
239214
240038
240754
240894
240905
242194
242652
243018
243050
243233
243519
243537
243587
243909
244277
246271
247173
247308
247854
248030
248782
249349
249457
249884
250167
250783
251050
252455
252881
253100
254425
255601
255950
256236
256406
256936
257268
258321
258798
258977
260629
262020
262246
262343
262457
264287
264688
265050
265178
265270
265293
265422
266077
267204
267586
268071
268247
268966
269243
269296
270099
270319
270376
270564
271142
271437
273413
273713
274485
275023
275589
275914
275971
276090
276586
278610
278875
279575
279599
279963
280073
280297
281485
282027
282063
282112
282480
282796
283345
283593
284039
284241
285798
288366
289171
289273
289591
290362
290644
290884
291347
291916
292593
292792
292804
294429
295153
295898
297229
298487
298698
300570
300737
302685
303330
303478
304853
305016
305017
305060
306091
306311
307961
308509
309848
310563
310668
311213
311369
313251
313693
314078
314152
315238
316241
317479
318019
318951
320164
320341
320644
321673
321714
322049
322414
323747
323901
324294
325167
326336
327357
327424
327997
328819
329062
329189
329455
330331
334017
334418
335330
336004
336679
337050
337710
339462
339780
341085
341121
342138
343149
343318
343958
344886
345222
345422
346712
348021
348162
349390
349908
350060
350456
350877
350902
351115
351340
352328
352709
353007
353066
353178
353785
356332
356601
357091
358410
358652
359040
360705
361151
361252
362166
362477
363510
363699
363724
363830
364527
365678
366078
367338
368989
369350
369391
370760
370901
371272
371649
371840
371859
371915
372931
373797
373881
374178
375399
376330
376476
376759
377431
380075
380283
380362
380526
381652
382047
382491
382806
383529
384610
384860
385602
385725
385985
386434
386910
387032
388534
388683
389366
389872
390218
390413
391125
391548
392501
392683
393119
393172
393535
393749
394469
394538
395242
395770
396049
396099
396165
397570
399662
399820
400462
400553
400912
400932
400980
402659
403139
403206
403797
404259
404683
405226
405892
407732
408566
409188
409312
410667
410796
411251
411938
412310
412981
413375
413514
413803
416559
416582
416899
417826
417891
418121
418283
418610
419011
420390
420955
421852
423435
423912
424024
425203
425560
425812
426318
426841
427193
427232
427675
428212
428647
428775
429584
429621
429880
430758
431567
432029
432227
432586
433325
433938
433964
434153
434225
434384
434739
435081
435644
435947
436298
438949
439048
439653
440907
441146
441580
444340
445468
446044
446137
446283
446308
447124
447126
447138
448794
450709
450854
450914
453882
454626
455422
455442
455653
456153
456197
456626
456768
458019
458151
458467
458537
459227
459818
461705
461814
462167
462596
463172
463301
463616
463695
464522
465501
466005
466509
469338
470100
470178
471180
472175
472339
473079
473418
473663
473822
473970
474116
474151
474362
474642
474840
475219
476294
478140
479405
481021
482929
483216
483467
484110
484334
484455
485370
485516
486617
487060
487265
488066
488337
489004
489111
489231
489303
489348
491526
492326
492356
492407
493562
493937
496760
497273
497848
497856
498750
500020
500998
501103
501449
501632
501996
502097
502523
503797
504039
504307
505555
505890
506087
506600
506929
507364
507947
508576
508865
508932
509085
509294
509385
510850
512921
513244
514294
514582
514824
514842
515020
515896
516361
517913
518027
519457
520608
521020
521169
521544
521558
523100
523863
523909
524087
524226
524799
524804
524854
525862
526301
526481
528010
528020
528038
528186
529406
530319
531269
531709
531809
531934
532093
532337
532656
533471
534050
534756
535103
536122
537575
537718
539892
540046
540058
540172
540448
540755
540785
540868
541766
543365
544979
546632
547456
547557
547625
548376
548613
548719
550439
550500
550649
551708
551819
553481
554288
555058
555256
555486
555513
556016
557410
557684
558339
558856
559342
559530
560832
563220
563440
563755
564969
565966
566595
567296
569063
569283
569697
570984
572372
572400
572405
572745
573127
573402
573628
573765
575405
576531
576997
577255
577368
577595
578268
578600
580365
580978
583147
583203
583486
585025
585155
585881
586544
586646
586843
587246
587276
587799
587940
588425
588433
588845
588951
589569
590227
591297
591581
591695
592054
592756
594630
594770
594813
595406
597543
597879
597926
598114
598150
598280
599160
599375
600420
600779
600840
601360
601442
601648
601867
602156
602160
602509
602648
602852
602924
604210
605721
605726
606196
607588
609026
609430
609859
610032
610597
610818
610965
611780
612739
612945
613347
613357
613553
614624
614654
614824
615000
615973
615995
616598
616641
617846
618129
618260
618425
622674
623487
623818
624637
625028
630464
630573
630795
631601
631945
631990
632091
633110
633375
633872
634007
634158
635380
636442
637098
638710
639752
640263
640606
642398
642650
643542
644027
644239
644337
644594
645920
645926
646087
646346
646786
647423
647790
648260
649611
649853
650465
650846
651819
653740
653880
654263
654287
654426
654982
655160
655320
656007
659195
659638
659739
659860
660246
660478
661128
662885
662930
664326
664509
664739
664929
665742
666281
667181
667757
668098
668428
670359
670588
670860
671015
672131
673838
673992
674489
674545
676305
676784
676925
676955
676996
677094
678272
678376
679005
680610
681042
681245
682151
682412
682885
684008
684170
685548
686467
686682
687229
688624
688940
689151
691135
691974
692293
692605
693709
693903
694155
694531
694586
694961
695254
695889
697005
697375
698315
698550
699057
699327
699741
700645
700712
703673
703842
703932
704142
704532
705939
706233
707606
707609
708575
708758
709221
710325
710421
710546
710679
712044
713006
713281
713948
714633
715388
715753
716400
717190
719170
719489
720374
722461
723075
724816
725675
726769
728170
728307
728451
728726
729178
729784
731006
731851
731934
732638
733323
733762
733902
734722
736123
736163
736929
737362
738027
738351
738772
739812
740319
740596
740954
745111
745184
746385
747391
750084
750701
750943
752544
752734
753794
753880
753884
754717
755420
755582
755854
755944
756090
756318
757004
757842
757916
758100
759573
759819
760319
760833
761155
761283
762051
763571
764088
764983
765184
766132
766444
767123
767285
767367
768085
768243
768487
770106
772425
772429
772765
773030
773135
773560
774490
774509
774953
775183
775594
776072
776283
776706
777356
777932
778240
778513
778847
779312
780604
781001
781730
782726
783374
784923
785968
786991
788109
788435
788775
789897
790716
791804
792485
792699
793022
793558
794168
794251
794763
795109
795407
795553
795895
795926
796835
796922
797168
797257
797399
797434
799121
799141
799206
799539
799975
800807
802281
805192
806732
806831
807139
807192
807476
807622
807870
808150
808613
809263
809830
810316
810851
811174
811333
811634
811970
812194
812377
812943
813713
813775
815117
815193
815626
817148
817549
818381
818586
818739
820210
820553
820878
820904
821196
821685
822009
822259
823171
823174
823432
823538
823894
824188
824308
825564
825659
826578
826736
826949
827267
827423
827993
829133
830846
831791
832271
832285
832903
833671
833672
834113
834201
834858
834884
835957
836336
838251
838536
838875
838979
840036
840614
840620
841077
841561
842034
842731
843013
844051
844404
844824
845029
845177
845856
846519
846784
847396
848282
848376
848708
849236
850415
851050
851292
852228
852277
852409
853071
853256
853489
853976
854356
854966
855120
855516
855929
856860
856979
857869
859980
860220
860294
861029
861373
861758
861926
862281
862495
862574
864509
865555
865883
866167
866950
867033
867498
867904
868720
869702
869828
870059
870153
870334
871755
872232
873539
873718
873815
874946
875480
877704
879169
881517
882091
882466
882645
882777
884460
884503
884667
885870
886989
887058
887114
888082
888250
889225
889902
890231
891626
892641
892699
893808
896045
896280
897670
898086
898294
898692
899284
900659
900898
901565
902214
902740
902933
903858
906481
907282
908839
909053
909099
909736
910043
910878
910935
911599
911821
911939
911965
912184
912937
914065
914091
914134
914207
914906
915246
916807
916962
916963
917878
917933
918183
918620
918686
918691
919779
920800
920849
921018
921423
921609
921932
922707
922829
924058
924221
924788
925327
925838
926732
926989
927890
928097
928594
930864
931317
931546
931970
932101
933503
934601
935406
935433
936335
936970
937079
937363
937529
938466
938488
938932
940276
941125
941546
941571
942154
942834
942948
943953
944175
945506
945644
947308
948290
948389
949426
949697
949949
950218
950287
952311
952730
953794
954190
954399
955323
955568
955604
957713
958234
958649
958796
959738
959800
960526
961878
961936
962007
962496
964848
965663
965893
966157
966320
966739
967968
968850
969106
970656
970696
970993
971796
972632
973533
974116
974917
975702
976996
977993
979724
980891
980968
981060
981511
981512
982105
982152
982769
982858
983931
985204
986548
988373
988466
988623
988896
990009
990500
990617
991542
991586
991905
993048
993323
993518
993661
994496
994699
994746
994756
994893
994917
995036
997107
997499
999523
999762
999767
999964
1000846
1001198
1001725
1002629
1003537
1004594
1005086
1005090
1005530
1007743
1007988
1008005
1008080
1008417
1008870
1009272
1010550
1011893
1012726
1014070
1014314
1014429
1014464
1015114
1015163
1015290
1015383
1015455
1016538
1016742
1016933
1018606
1020093
1021584
1021946
1022349
1023299
1023391
1023531
1023569
1023987
1024762
1024887
1027824
1027847
1027872
1028792
1028823
1029790
1029844
1029952
1030995
1031461
1031531
1031553
1031776
1032443
1032530
1032534
1032700
1034002
1034067
1034602
1034682
1037151
1037383
1038403
1040614
1041050
1042506
1043364
1043424
1043518
1043605
1043910
1044436
1045094
1046443
1046878
1047548
1047702
1048533
1049913
1050727
1050983
1051594
1052657
1053378
1055022
1055343
1056986
1057216
1057890
1058288
1058517
1058586
1059540
1059873
1059905
1061606
1061894
1063047
1063225
1063297
1064747
1065517
1065643
1066036
1066279
1066314
1066549
1067093
1067098
1067558
1067670
1067961
1068115
1068195
1068509
1069098
1069151
1069697
1071118
1071647
1072114
1073286
1073965
1075140
1075292
1076885
1076979
1077422
1077938
1077942
1078469
1078977
1080058
1081503
1082078
1083260
1083347
1083525
1084027
1086036
1086403
1087053
1088214
1089022
1089983
1091803
1091979
1092748
1093457
1093483
1093965
1094273
1095001
1096478
1096606
1096939
1097947
1098032
1099003
1099120
1103586
1103831
1104259
1104453
1104816
1104909
1105359
1106030
1106725
1106824
1106940
1107282
1107397
1108377
1108433
1109450
1109807
1110073
1110125
1110510
1112256
1112557
1113172
1113873
1114313
1115515
1116370
1117622
1118808
1119044
1119157
1119266
1119605
1119656
1119830
1120699
1122024
1122717
1123180
1123617
1123843
1124078
1124263
1127861
1127974
1128330
1128962
1129803
1130576
1130981
1131337
1131911
1132918
1132919
1133071
1133984
1135619
1137202
1137256
1138534
1138586
1138605
1139493
1140220
1140534
1140577
1140667
1140936
1141050
1142498
1144670
1146056
1146631
1146934
1147330
1147405
1147944
1147984
1148975
1149965
1151952
1153042
1153670
1154562
1154563
1154844
1154889
1155931
1156252
1157244
1157852
1159404
1159868
1161546
1161757
1161888
1162252
1162278
1162956
1163199
1164069
1165277
1165481
1165500
1166017
1166024
1166349
1167273
1167385
1167404
1167950
1169137
1169250
1169894
1169980
1170776
1171352
1171738
1172224
1172807
1173638
1174633
1176985
1177765
1178668
1178698
1179302
1181100
1182786
1183160
1185949
1186131
1186179
1186466
1186692
1186937
1186966
1186977
1186981
1187293
1187978
1190735
1191616
1192747
1193957
1194878
1195939
1196319
1197332
1197445
1197878
1198073
1199042
1199114
1199405
1200056
1200140
1200376
1201034
1201619
1202591
1202988
1203986
1204022
1204711
1204944
1205287
1206115
1206395
1207157
1207275
1208332
1208591
1208640
1209062
1209152
1209663
1210588
1212207
1212555
1213023
1213927
1214115
1214685
1214709
1214953
1216082
1216453
1216962
1217058
1217567
1217790
1218147
1218340
1218964
1219081
1219529
1219537
1219611
1219861
1221058
1221352
1222896
1223006
1223383
1223661
1224523
1226152
1229098
1231641
1231916
1231980
1232795
1233428
1233830
1233899
1237834
1237871
1237876
1237976
1239274
1239415
1239519
1240961
1241084
1241254
1241451
1241563
1241850
1242066
1243542
1244037
1245417
1246314
1246871
1247961
1248350
1248629
1248693
1248875
1250279
1250407
1250875
1251234
1251691
1252240
1253251
1253816
1253838
1254126
1255334
1255535
1256008
1256440
1256457
1256983
1257099
1257242
1257889
1258099
1258186
1259539
1259550
1259870
1259995
1260552
1260941
1261580
1262156
1262950
1263900
1264220
1264421
1265520
1265688
1266304
1268312
1268504
1269343
1269690
1270415
1270481
1270578
1270686
1271516
1271814
1272246
1272250
1274815
1274957
1275326
1275704
1276258
1276586
1277473
1277708
1278261
1278492
1280134
1280408
1280464
1282299
1282998
1284957
1284981
1285012
1285357
1285517
1286144
1286785
1287443
1287977
1288529
1288918
1289191
1289204
1290536
1291248
1291875
1292486
1292593
1293068
1293614
1293693
1293786
1293917
1294941
1294971
1295210
1295307
1295449
1295515
1295689
1296270
1296425
1296768
1297074
1297451
1297739
1298072
1298116
1298336
1298396
1298481
1298509
1299209
1301996
1302276
1302416
1302767
1304447
1305413
1306067
1307598
1307632
1309032
1309262
1309508
1309754
1310216
1310601
1311639
1312183
1312590
1312682
1312796
1313597
1313875
1315239
1316040
1316121
1317189
1318783
1318972
1318985
1319016
1321231
1322661
1322687
1323439
1323576
1323749
1324295
1324577
1324787
1325927
1326390
1328878
1330943
1331020
1331240
1332393
1333071
1333123
1333740
1334241
1334379
1334733
1336989
1337385
1339503
1340210
1340417
1340611
1341307
1341890
1342248
1343017
1344796
1345452
1347115
1347771
1349203
1350177
1350364
1350496
1351045
1351112
1351974
1352633
1352770
1353014
1353593
1354470
1354500
1356103
1356418
1356603
1356648
1356674
1357353
1358026
1358423
1360492
1360642
1361814
1362225
1362459
1363815
1364203
1364630
1364868
1364918
1364985
1365333
1366994
1367124
1368732
1368746
1369317
1369568
1369630
1370619
1370907
1372374
1372971
1373715
1374545
1375941
1376414
1376695
1377307
1377880
1378045
1378078
1378380
1378469
1379599
1380393
1380569
1382070
1382666
1382825
1382897
1383006
1384353
1384855
1384934
1385085
1386076
1387056
1388724
1389048
1391195
1391583
1391869
1392979
1393246
1393541
1394540
1394760
1394960
1395631
1396232
1396602
1396986
1397589
1397725
1397991
1398411
1399011
1399058
1399066
1399564
1399928
1400513
1401830
1402007
1402235
1402563
1403886
1404311
1404358
1405996
1406065
1406389
1407586
1407828
1408266
1408619
1408779
1409364
1409893
1410040
1411262
1411336
1411635
1412859
1413663
1414322
1414327
1414646
1414691
1414763
1415269
1415549
1415882
1416849
1416876
1417026
1418532
1418581
1418607
1420473
1420997
1422601
1422953
1424448
1425196
1425244
1425977
1427565
1428420
1429216
1429592
1429639
1430039
1430459
1430783
1430915
1432570
1432904
1434231
1434825
1435694
1435764
1435963
1436410
1437307
1437446
1437563
1437761
1438992
1439214
1439636
1439840
1440669
1441494
1442202
1442320
1442386
1443025
1443067
1443471
1444586
1446752
1446835
1447103
1447210
1447399
1447791
1447915
1448661
1449315
1449809
1449845
1450686
1450713
1451219
1451566
1451926
1452112
1452128
1452276
1452444
1453521
1453654
1453787
1455079
1455640
1455925
1456012
1456063
1456377
1458183
1458223
1458355
1458793
1459564
1460417
1461216
1461396
1461634
1462694
1463563
1464587
1464702
1465752
1465880
1466612
1466978
1467340
1467350
1468286
1469051
1469565
1469642
1470111
1470533
1470867
1472451
1472711
1472982
1473201
1473357
1474368
1476386
1477113
1478507
1480885
1481717
1482062
1482732
1484475
1484675
1485889
1485949
1486713
1486725
1487140
1488281
1489389
1490100
1490222
1491544
1492400
1492450
1492453
1492906
1493227
1494251
1494781
1495456
1496881
1497120
1497875
1497950
1499011
1500022
1501084
1501161
1501974
1504341
1505165
1506897
1507197
1509054
1509213
1509483
1509798
1512254
1512863
1513020
1513318
1514202
1514246
1514848
1515346
1515857
1516305
1517430
1517821
1518147
1518713
1518832
1518898
1518904
1519196
1519820
1521658
1521808
1522119
1522801
1523763
1524088
1525474
1525742
1526110
1526345
1527581
1528109
1528500
1529208
1529508
1529959
1530766
1533235
1534269
1535892
1537008
1537138
1537669
1537912
1537937
1537984
1538221
1538978
1539450
1540130
1540210
1540277
1541081
1541313
1542178
1543364
1543407
1543677
1543711
1544752
1545629
1545666
1546141
1547537
1548486
1548874
1549937
1550125
1550258
1550259
1552143
1552230
1552314
1553438
1553516
1553628
1554541
1555774
1556064
1556968
1558526
1558651
1559475
1559692
1560925
1561059
1561591
1562502
1562519
1562819
1564425
1565011
1565403
1567033
1567442
1568630
1569689
1570199
1570335
1571468
1571891
1572563
1572951
1575217
1575880
1576677
1576915
1577397
1577732
1577873
1578471
1578542
1579070
1579172
1581488
1581889
1582756
1582983
1583060
1583386
1583720
1584023
1584897
1585799
1586536
1587107
1588520
1590016
1591029
1591367
1591720
1592064
1592247
1593045
1593211
1593511
1593990
1594596
1596015
1596022
1596632
1597542
1597853
1598623
1599522
1599685
1600239
1601798
1601995
1602243
1602643
1602732
1603678
1604276
1605228
1606368
1606996
1609131
1609428
1609461
1612206
1612496
1612572
1614898
1615309
1615467
1615785
1616290
1616536
1616684
1617066
1617584
1617909
1618056
1618187
1618551
1619501
1619683
1619790
1621045
1621767
1621982
1622082
1622385
1622861
1623194
1623930
1624386
1624734
1625444
1629265
1629852
1630140
1630457
1633498
1633798
1633989
1634289
1634561
1635521
1636224
1637061
1638816
1640894
1641002
1641214
1641580
1644177
1645363
1646418
1647224
1647959
1648282
1649020
1649051
1649085
1649589
1649683
1650918
1651185
1651818
1652762
1653528
1653829
1654809
1655974
1657456
1658104
1659168
1659457
1659576
1660664
1660964
1661312
1661675
1662071
1662883
1664373
1665116
1665144
1666915
1667978
1669383
1670364
1671443
1671928
1672429
1672615
1673458
1673520
1673799
1674910
1675966
1676147
1677299
1677320
1677979
1679245
1680074
1680847
1681808
1682210
1683691
1685452
1685558
1687000
1687098
1687143
1688471
1689284
1689486
1689891
1690678
1690702
1690866
1692647
1692688
1692964
1693589
1694453
1695307
1695958
1696038
1696669
1697784
1697981
1698559
1699170
1699304
1701130
1701391
1701529
1702502
1703243
1703463
1703770
1704583
1705121
1705389
1706460
1706534
1706751
1708043
1708994
1710852
1711038
1711246
1711278
1712352
1713939
1714669
1714741
1714969
1715345
1715907
1716162
1717124
1717245
1719126
1719840
1721387
1721600
1722984
1723041
1723603
1723687
1723799
1724470
1724647
1724901
1727994
1728228
1728299
1728598
1728642
1729324
1729326
1729945
1730272
1730985
1730994
1731954
1733219
1733498
1734095
1734531
1734756
1735605
1737027
1737304
1737408
1737552
1738186
1738233
1739034
1739973
1740227
1740281
1740598
1740765
1740977
1741797
1742029
1742303
1742541
1743328
1743417
1745635
1746806
1747046
1747430
1747840
1747938
1748253
1748965
1749094
1750154
1750862
1751396
1751694
1751696
1752031
1752280
1753366
1753836
1754076
1754198
1754702
1755109
1755584
1755983
1757483
1757524
1757961
1759016
1759346
1759845
1760411
1760501
1760839
1761196
1761664
1761887
1762127
1762334
1762553
1762815
1763998
1766728
1767055
1767181
1769887
1770179
1770548
1770763
1771356
1774117
1774502
1775117
1776806
1776840
1776873
1777090
1779206
1779471
1781936
1782162
1782487
1782614
1782648
1782751
1782990
1783974
1785075
1785205
1785458
1785739
1786177
1786522
1788391
1788732
1789171
1790067
1790565
1791458
1791909
1792284
1792437
1792508
1795051
1796101
1797045
1797285
1797562
1797575
1797806
1798397
1798602
1798770
1800029
1800864
1801068
1801201
1801460
1801902
1802246
1802349
1804021
1804041
1804699
1804713
1805389
1805870
1806293
1807209
1808975
1809134
1809253
1809967
1812150
1814346
1814591
1815727
1815872
1816260
1816405
1817095
1817457
1817531
1817537
1817630
1817775
1818101
1818462
1819280
1819704
1819757
1820833
1821251
1821289
1824221
1824335
1825594
1825899
1826886
1827002
1828494
1830169
1830176
1831324
1832516
1832519
1832836
1833146
1833780
1834121
1834847
1834876
1835917
1837375
1838367
1838741
1839024
1839029
1839553
1839797
1840625
1840900
1841789
1843732
1843780
1844402
1846254
1846589
1846779
1846877
1846951
1847301
1847309
1847417
1847773
1848747
1848958
1849560
1849572
1849934
1850127
1850734
1852360
1852382
1852619
1853202
1853336
1853540
1854773
1854845
1855323
1856912
1857080
1857376
1857488
1857682
1857706
1857849
1857879
1857976
1859623
1860242
1860266
1860702
1861250
1861488
1861916
1862085
1862315
1865810
1865965
1866441
1866961
1867136
1867706
1868235
1868909
1868964
1869776
1869851
1870387
1870790
1870945
1872681
1872927
1874567
1875240
1877624
1877973
1878485
1878860
1879393
1879823
1880001
1880454
1880528
1880708
1880832
1881262
1881360
1881468
1881635
1882755
1883511
1883924
1884770
1885421
1885857
1886037
1886565
1887418
1887553
1888392
1889043
1889309
1890706
1891247
1891279
1891619
1891665
1892160
1892403
1893369
1896742
1896829
1897138
1897230
1897833
1897901
1897967
1898211
1898598
1899368
1899509
1899670
1900349
1900510
1900513
1900635
1901605
1902286
1902360
1903046
1903068
1903102
1903511
1903764
1904077
1905368
1905514
1905698
1905961
1906161
1907941
1910474
1911009
1911228
1911723
1911985
1912078
1912515
1913731
1914047
1914862
1916220
1917486
1918136
1918185
1919596
1920194
1921020
1921081
1922006
1923022
1924805
1925079
1925103
1925358
1926066
1927237
1927690
1927776
1928489
1929092
1929528
1930424
1930851
1931109
1932044
1933035
1933921
1934029
1934204
1934658
1934886
1935383
1935751
1936201
1937179
1937254
1937541
1937659
1937846
1938453
1938649
1939035
1939054
1939845
1940507
1940596
1942057
1942236
1943139
1944587
1945087
1945758
1946345
1946400
1946441
1947596
1947626
1947653
1947700
1948263
1948368
1948577
1949430
1950939
1954270
1954336
1954879
1955847
1956702
1957081
1957999
1958531
1958655
1962077
1962372
1963681
1964283
1965353
1965969
1966468
1967306
1967463
1969459
1969515
1970492
1970914
1971214
1971355
1971448
1973757
1974857
1975240
1975758
1976823
1977129
1977853
1977871
1979022
1980402
1981696
1982272
1982497
1982863
1983132
1984017
1984605
1984928
1985314
1985927
1986872
1987273
1987493
1988881
1988910
1989149
1989653
1989744
1989893
1990110
1990497
1990762
1992361
1992392
1992603
1993066
1995250
1995431
1995890
1996123
1997474
1997729
1997796
1998355
1998811
1999325
1999326
2000496
2000551
2001848
2001946
2002115
2002710
2003364
2004406
2005350
2005359
2005895
2006242
2007895
2007944
2008028
2010363
2010763
2010947
2011090
2011725
2011744
2012160
2012505
2012940
2013498
2014400
2014452
2014615
2015449
2015761
2015873
2017018
2017475
2018719
2018875
2019139
2019184
2019935
2022308
2023824
2024546
2024917
2025301
2025499
2026352
2028562
2029178
2030134
2030866
2030911
2031007
2031025
2031234
2031402
2031765
2032304
2032504
2034885
2035167
2036284
2037035
2037246
2037258
2038586
2038802
2039512
2039715
2041669
2041757
2041767
2041808
2042001
2042074
2042095
2044964
2045058
2045243
2046674
2047075
2047223
2047884
2048005
2048754
2049668
2050101
2051966
2051994
2052086
2052983
2053171
2053193
2053989
2055467
2056553
2057180
2057326
2059534
2060740
2062688
2062825
2063314
2063835
2065665
2065770
2065902
2066510
2066513
2067289
2068869
2068973
2069059
2070223
2070485
2070632
2071436
2071491
2071526
2071595
2071711
2071849
2072149
2072650
2072966
2073148
2073632
2074574
2074732
2075375
2075699
2075809
2076845
2079224
2079363
2080511
2080770
2081432
2081787
2082017
2082856
2083323
2084095
2084720
2084799
2085044
2085618
2085670
2086209
2087435
2087497
2087918
2088129
2088704
2089340
2090980
2092316
2092398
2092791
2095441
2096945
2097305
2097926
2098182
2099215
2099245
2100140
2100163
2100978
2101043
2101578
2102567
2104436
2104560
2105887
2107135
2107680
2108170
2109831
2111290
2112188
2112196
2112335
2116163
2116347
2116353
2117530
2117939
2119174
2119735
2119789
2120639
2121113
2121609
2121748
2122030
2122965
2123120
2123132
2123593
2123827
2124483
2124606
2125323
2125520
2127012
2127045
2127395
2128399
2128478
2128976
2129743
2129859
2130160
2131309
2131908
2132056
2134027
2134246
2134503
2134672
2135144
2135312
2135531
2136532
2136914
2137704
2138626
2139275
2139335
2139876
2140474
2141480
2141658
2141853
2142001
2142942
2143643
2144171
2144186
2145690
2145712
2146586
2146597
2146919
2147269
2147355
2149329
2149472
2149755
2150659
2151218
2151303
2151682
2152089
2152185
2152534
2153928
2154011
2154031
2155541
2155634
2156168
2156617
2156938
2157735
2157746
2158884
2159880
2160983
2161531
2161611
2162088
2162455
2162466
2162592
2162600
2162771
2163923
2164179
2164508
2164530
2165941
2166088
2166704
2166943
2167057
2167173
2167854
2168084
2168969
2169765
2170150
2170847
2171615
2171667
2172356
2172467
2173109
2173595
2174145
2174711
2175500
2175502
2175541
2175869
2176004
2176835
2177416
2179404
2179733
2180421
2180709
2181438
2181730
2182043
2182211
2182235
2182343
2182493
2183040
2183591
2183777
2184456
2185103
2185675
2185719
2186022
2186777
2187042
2187633
2188805
2189221
2189818
2189828
2189970
2190427
2191068
2191126
2191131
2191613
2192051
2193284
2193479
2194493
2194984
2195094
2195479
2196577
2196886
2197028
2197543
2197735
2197870
2199263
2199401
2199725
2200203
2200401
2200746
2201684
2202176
2204049
2204251
2204975
2205261
2205844
2206289
2206467
2206626
2207489
2207988
2209559
2210138
2210463
2210877
2211707
2211933
2211999
2212090
2212683
2213101
2214447
2215013
2215854
2216002
2216130
2218542
2218841
2219031
2220037
2220553
2220996
2221084
2221927
2222339
2222748
2224185
2224316
2225566
2226158
2226296
2226690
2228173
2228654
2229154
2229652
2230394
2230510
2230858
2230977
2231064
2232034
2233513
2234471
2234477
2234839
2235106
2235247
2236313
2236443
2237454
2237597
2238237
2240444
2240804
2243046
2243228
2243262
2243737
2243742
2244250
2245498
2245603
2245618
2246923
2248190
2249573
2250310
2251108
2251518
2252325
2253755
2253922
2254189
2254949
2254980
2255206
2255448
2256879
2257456
2257832
2257968
2259007
2259359
2259685
2260974
2261373
2261458
2262431
2263729
2264759
2265735
2266240
2266838
2267211
2267354
2269840
2270706
2271638
2271940
2272173
2272562
2272860
2273400
2275824
2275969
2276888
2278143
2278959
2280431
2281256
2282508
2284996
2285074
2285176
2286186
2287123
2289937
2290024
2290488
2293781
2294271
2295492
2295535
2296092
2296195
2297028
2297473
2300332
2300997
2301796
2301982
2302705
2303087
2303363
2303516
2304627
2304705
2305744
2306371
2307234
2307741
2307778
2308014
2308017
2308321
2308746
2308846
2309269
2309697
2310695
2312064
2312580
2312966
2314292
2314856
2314865
2314968
2315784
2316427
2316714
2316973
2317732
2318106
2319564
2320023
2321408
2322210
2322744
2323411
2324079
2326232
2326239
2328256
2329907
2330567
2330656
2330730
2330805
2330992
2331561
2331787
2334163
2334802
2335539
2335889
2336006
2336177
2336445
2337048
2337650
2337753
2337804
2337959
2338132
2339205
2339788
2340300
2341005
2341100
2341170
2342632
2343367
2345920
2346435
2346930
2347208
2347498
2348810
2350258
2350382
2350425
2351445
2351898
2351923
2352357
2352865
2353635
2353825
2354131
2354950
2355423
2357683
2357987
2359495
2359554
2360792
2361299
2361632
2361864
2362413
2362714
2363989
2364120
2364202
2364554
2365392
2365631
2366446
2367747
2368456
2369094
2370759
2370887
2371384
2372458
2372685
2374017
2374504
2375660
2376700
2377668
2377759
2378128
2378612
2379222
2380488
2380839
2382971
2383031
2383530
2383531
2384525
2386629
2386634
2387118
2387445
2387720
2387747
2388069
2388710
2389499
2389542
2389980
2390096
2391051
2391558
2392055
2392724
2393544
2393626
2395054
2395390
2395868
2396250
2396479
2396576
2397237
2397434
2398701
2398777
2399347
2399685
2399864
2400082
2400183
2400405
2400849
2401242
2401945
2402398
2404506
2406212
2406559
2407602
2408058
2409626
2412135
2412947
2413856
2413857
2414213
2414613
2415233
2415266
2415664
2415901
2416102
2416194
2417068
2417544
2417669
2418085
2419290
2420670
2420847
2422784
2422814
2423626
2424074
2424587
2425167
2428251
2428263
2428703
2429119
2429664
2430949
2431016
2431318
2431643
2431720
2431758
2433129
2433616
2435634
2435895
2436064
2436911
2439454
2440677
2440731
2440945
2440973
2441484
2441534
2441547
2442017
2442891
2443210
2444053
2444276
2445787
2445884
2445989
2446618
2447657
2449025
2449817
2450067
2450694
2451490
2452359
2453220
2453251
2454491
2454548
2454879
2455432
2455812
2455908
2456110
2456224
2456527
2457270
2457716
2457785
2458417
2458659
2459030
2459346
2459742
2460331
2460534
2460763
2460772
2460796
2464537
2464667
2466599
2467229
2467705
2468142
2468456
2468613
2468949
2469106
2469875
2470042
2471068
2471643
2473270
2473515
2473868
2475143
2475566
2475892
2476291
2476580
2477446
2478868
2479259
2479457
2480324
2481196
2481594
2482976
2484388
2484405
2484725
2485160
2485275
2485547
2485931
2487450
2488356
2489248
2490032
2490308
2490323
2491006
2491524
2494831
2495742
2496053
2497268
2498250
2498551
2499120
2500104
2500435
2501502
2501589
2501816
2501991
2502202
2503039
2503704
2505461
2506967
2507177
2507197
2507473
2508208
2509893
2510348
2510437
2510792
2510852
2511342
2511426
2511980
2512129
2512229
2512889
2513320
2514061
2514405
2516573
2516726
2516928
2517284
2517451
2517729
2518436
2518518
2520504
2521332
2521534
2521843
2521931
2523459
2524367
2524446
2524695
2525335
2526452
2528927
2529685
2529717
2529829
2529838
2529914
2530213
2530456
2530738
2531117
2533490
2535711
2536259
2536293
2536998
2537281
2537586
2537768
2538349
2538669
2538974
2540419
2540724
2540758
2540840
2542327
2542802
2543035
2543256
2544650
2545119
2545201
2545274
2546459
2546492
2546763
2546986
2547469
2547700
2548380
2550051
2550142
2550234
2551343
2552371
2552421
2552791
2553450
2553828
2554102
2554227
2554766
2555355
2555630
2556635
2557838
2558003
2559346
2560994
2561432
2561602
2563180
2563312
2564370
2566319
2566572
2567154
2567527
2568042
2568624
2568866
2569405
2569613
2569820
2570253
2572128
2572195
2572580
2572789
2573006
2574076
2575001
2575676
2576708
2576947
2577123
2578006
2578018
2578662
2578849
2579012
2580109
2580446
2580645
2581064
2582024
2582665
2583032
2583227
2584301
2585111
2585802
2586887
2586992
2587193
2588189
2588505
2588583
2590321
2590495
2590896
2590992
2591672
2591752
2592046
2592127
2592822
2594903
2596213
2597501
2597958
2598019
2598459
2598958
2600407
2600852
2600997
2601200
2602400
2604320
2604439
2604522
2604538
2604593
2605100
2605387
2605983
2606017
2606657
2607379
2608742
2609109
2609233
2609270
2609346
2609912
2609917
2610797
2611426
2612515
2613265
2613297
2613547
2613597
2613723
2614146
2614299
2615673
2615744
2615797
2615994
2618057
2618290
2619243
2619248
2619749
2620752
2621054
2621553
2621905
2622528
2622816
2622901
2624135
2624645
2625198
2625600
2625832
2626020
2626574
2626677
2627674
2627911
2628087
2628403
2629110
2630333
2630538
2630739
2631271
2632268
2632433
2632894
2634500
2635773
2636855
2636994
2638001
2638484
2639674
2639914
2640017
2640141
2641120
2641665
2641831
2643051
2643283
2643902
2644350
2644596
2644912
2645176
2645218
2645949
2646358
2648572
2648758
2649145
2649901
2650207
2651050
2651943
2652129
2652275
2652357
2652466
2652506
2652736
2653463
2653893
2654308
2654816
2655145
2655510
2656112
2656265
2656405
2658618
2658676
2658962
2659517
2659780
2660011
2660883
2661110
2661113
2662235
2662255
2663020
2663240
2663254
2663594
2663756
2665086
2665088
2665650
2667153
2667261
2667723
2668515
2669449
2669585
2669841
2669920
2670259
2670742
2670745
2671186
2671450
2672926
2673078
2673099
2673988
2674704
2674994
2676445
2677023
2677382
2677747
2678964
2681828
2681844
2682210
2684745
2685588
2685637
2687458
2688066
2688085
2688110
2688884
2689169
2689361
2689444
2689453
2689472
2689848
2689901
2690887
2691443
2692047
2692472
2694600
2694900
2695520
2697281
2697283
2697688
2697719
2698448
2699652
2699745
2699769
2700900
2701160
2701502
2702043
2702546
2704235
2705396
2705854
2706139
2706218
2707170
2709590
2711011
2711277
2712327
2712869
2713497
2713981
2714369
2715240
2715983
2717132
2717695
2718098
2718300
2718489
2720927
2721302
2722139
2723293
2724207
2725185
2725860
2725951
2726187
2726203
2728028
2728088
2728671
2729342
2729631
2729845
2730407
2730772
2730809
2731717
2732327
2732843
2734034
2736142
2736487
2737430
2738247
2738675
2738724
2739807
2739822
2739824
2740443
2740864
2741163
2741762
2742202
2742905
2743298
2743368
2743441
2743453
2743920
2745384
2745700
2746250
2746651
2747463
2747604
2747966
2748252
2749100
2749187
2749241
2749840
2750632
2750827
2751381
2752672
2753778
2754355
2755319
2756607
2756652
2757069
2757819
2757900
2758317
2758596
2759791
2761407
2761548
2761949
2762132
2762222
2762231
2762541
2763669
2764780
2765015
2765507
2765668
2767004
2767248
2767365
2769242
2769479
2769608
2769805
2770529
2770886
2771691
2773293
2773616
2774033
2775688
2775995
2776407
2776845
2778443
2778785
2778987
2779272
2780239
2780362
2780782
2781789
2782125
2782896
2783034
2783662
2784428
2784501
2784520
2784830
2785088
2787076
2787209
2787557
2787576
2788781
2788939
2789149
2789970
2790548
2791731
2791956
2791991
2792045
2793617
2794065
2794135
2794547
2794644
2795260
2795765
2796177
2796251
2796370
2796484
2797788
2799340
2799344
2799398
2799475
2799906
2800676
2800758
2802927
2804682
2805178
2806569
2806879
2808245
2810698
2810928
2810986
2813440
2813690
2814342
2814636
2814655
2815486
2816280
2817813
2819292
2819623
2820080
2820261
2820675
2821166
2822045
2822372
2822436
2823311
2824553
2824642
2825370
2825828
2825912
2826135
2826660
2826789
2827978
2828134
2829669
2832044
2835026
2835154
2836690
2836848
2837600
2837779
2838176
2838913
2839608
2839970
2841111
2841351
2841642
2841746
2842173
2842650
2843000
2843265
2843375
2844730
2846767
2848555
2851966
2853738
2854445
2854690
2857537
2858467
2858497
2858765
2858924
2859007
2860174
2860478
2862290
2862407
2862799
2863680
2863708
2864215
2864991
2865295
2866081
2866563
2867512
2868446
2868907
2870106
2870945
2871326
2872654
2873020
2873117
2874892
2876267
2876503
2877413
2877932
2878231
2879349
2879421
2879881
2880136
2880446
2881115
2881642
2882099
2883272
2883503
2884341
2884379
2884600
2884685
2884838
2884861
2885018
2885128
2885627
2885639
2886062
2886186
2887885
2888248
2889341
2889667
2890141
2890207
2890856
2892620
2895218
2896610
2897063
2897383
2898089
2898474
2898495
2898793
2899190
2899286
2899860
2900329
2900897
2901824
2902214
2903457
2903538
2903673
2904201
2904463
2905484
2907639
2907665
2908016
2908052
2908346
2908436
2908536
2908699
2908846
2909065
2909249
2910413
2910775
2911002
2911285
2912512
2914874
2915724
2915913
2916179
2916851
2916866
2917490
2917645
2918069
2918946
2919411
2919781
2920386
2920916
2920941
2921249
2921423
2923563
2924743
2924745
2925558
2925820
2925828
2926340
2926464
2926488
2927103
2928620
2929088
2930016
2930041
2930697
2931592
2932153
2932479
2933032
2933289
2933665
2934232
2934571
2934615
2935334
2936198
2937286
2937305
2937343
2938747
2940503
2940857
2942394
2942550
2942557
2942599
2942658
2942966
2943947
2944181
2944590
2944932
2946346
2946405
2946434
2946448
2947528
2948470
2949432
2949631
2951255
2951450
2951531
2951716
2952725
2952833
2953448
2954045
2954555
2955139
2955426
2955586
2956040
2956771
2956889
2958193
2958213
2958427
2959612
2959890
2960630
2960750
2962088
2962441
2962767
2963386
2963907
2964215
2964588
2965490
2965844
2965975
2966540
2966913
2967570
2967704
2968383
2968894
2969752
2969766
2970056
2970490
2970620
2970998
2971830
2971873
2972475
2972692
2972827
2973044
2973817
2974192
2975080
2975085
2975282
2975287
2975962
2977219
2977750
2978796
2980271
2980515
2980570
2982141
2982223
2983057
2983333
2983557
2984427
2984632
2985859
2986037
2986051
2986672
2986968
2987097
2987528
2989802
2990233
2990387
2990393
2991316
2991478
2992599
2993779
2994422
2994808
2995622
2995720
2996619
2996797
2997386
2998115
2998444
2999757
3001099
3001500
3002158
3003517
3003595
3004694
3004723
3006311
3007193
3007720
3008177
3009199
3010387
3010407
3011284
3011401
3012408
3012905
3013409
3013808
3014185
3014271
3014565
3017117
3017236
3018233
3018482
3018957
3018998
3019026
3019170
3019549
3020679
3020956
3021348
3021545
3022278
3022338
3022927
3023537
3023547
3024369
3024862
3025615
3025645
3025704
3025987
3026598
3027154
3028809
3029152
3029367
3030750
3031180
3032461
3032569
3032736
3032885
3033029
3033526
3033854
3034149
3034290
3035508
3035958
3036180
3039761
3039770
3040073
3040122
3040157
3040254
3041421
3044517
3044676
3044787
3046932
3046970
3047216
3047659
3047991
3049500
3049785
3049878
3049932
3050126
3051141
3051705
3053376
3053433
3053435
3053478
3053621
3054060
3056234
3056932
3058854
3059685
3059722
3060328
3060920
3061114
3061365
3061983
3062769
3063355
3063356
3063381
3064361
3065107
3066656
3067303
3067329
3067886
3067933
3068188
3068571
3068588
3068777
3069337
3069527
3070650
3070858
3071678
3074268
3075354
3075520
3075650
3075994
3076283
3076898
3077409
3077462
3078750
3080324
3081462
3081978
3082054
3082341
3082373
3082455
3082862
3082945
3083159
3083287
3083351
3084190
3084595
3084846
3084999
3085627
3086146
3086365
3086411
3087445
3087671
3088728
3089710
3091190
3093454
3094566
3095210
3095870
3096051
3096063
3096427
3098365
3098616
3099101
3100339
3100519
3101336
3101674
3102340
3102800
3103244
3103360
3104252
3104470
3104766
3105032
3105211
3105369
3105633
3105921
3105935
3106319
3107290
3108696
3109197
3109247
3109775
3110408
3110857
3111994
3112568
3112868
3113078
3113125
3113564
3114347
3115032
3115274
3115372
3115498
3115593
3116292
3117498
3117812
3119078
3119648
3119985
3120071
3120075
3120677
3121420
3125292
3125682
3125815
3125853
3126038
3126066
3126823
3128515
3129246
3131142
3131876
3132348
3133089
3133208
3133509
3135307
3137016
3137326
3137725
3139077
3139254
3139325
3140644
3141124
3141341
3141708
3142830
3144556
3144914
3145016
3145502
3145787
3146367
3146711
3147032
3147784
3148655
3149920
3150044
3151106
3151244
3152303
3152349
3152689
3152776
3153732
3153837
3154594
3155117
3155797
3155987
3157741
3158574
3159807
3160714
3161190
3161887
3162467
3162958
3163106
3163741
3165517
3165544
3166559
3166592
3166720
3166863
3167508
3169353
3169381
3170035
3170397
3170555
3171200
3172044
3172672
3173031
3173145
3173295
3173693
3174116
3175061
3175665
3176055
3177649
3178310
3179896
3179963
3180486
3181314
3181795
3182776
3183000
3183052
3183220
3183600
3183761
3185702
3185995
3186548
3188521
3188976
3190291
3190579
3190668
3191441
3191452
3192036
3192297
3194146
3194908
3195518
3195614
3197360
3197558
3197948
3198221
3199321
3199494
3199582
3202025
3202163
3202662
3202675
3203916
3205329
3206031
3206035
3206321
3206583
3206854
3207204
3207550
3208697
3209027
3209498
3209850
3209876
3209967
3210733
3210845
3211217
3211638
3211883
3212167
3212541
3212863
3213691
3214685
3215162
3215361
3215947
3216726
3217160
3218129
3218799
3218813
3219780
3219968
3220373
3221500
3221721
3221978
3223462
3224421
3224683
3224856
3226009
3226547
3227312
3227684
3228101
3228210
3229359
3229783
3230682
3231790
3231832
3233125
3233559
3234248
3235604
3237445
3238469
3238907
3239190
3239449
3242210
3242798
3244257
3244439
3244501
3244817
3245535
3245843
3246026
3247759
3247904
3248515
3248777
3251454
3251849
3252843
3252966
3254523
3254868
3254943
3255388
3255656
3256475
3256541
3257099
3258316
3258392
3258767
3259252
3259898
3260588
3260807
3262105
3262494
3262714
3262923
3263268
3263508
3263681
3263696
3263718
3264547
3264597
3264777
3266343
3266991
3267197
3267431
3267602
3268010
3268129
3268907
3269083
3269596
3269906
3270300
3270590
3270985
3271543
3271546
3272370
3274806
3275304
3275365
3275424
3275772
3275892
3275958
3275964
3280464
3281432
3281458
3281794
3281866
3281979
3282309
3283102
3284569
3284607
3284848
3285591
3286579
3288223
3288427
3288878
3288995
3290291
3290402
3290499
3291399
3292129
3292534
3292548
3293666
3293967
3294066
3294661
3294879
3294982
3295004
3295147
3295923
3296551
3296939
3298254
3298999
3302006
3302097
3302525
3302537
3302667
3303366
3303484
3304465
3304657
3305201
3305220
3305328
3305342
3306254
3306294
3307422
3307722
3309277
3309731
3310028
3310359
3310870
3311455
3313562
3313615
3313768
3316474
3317791
3318114
3318451
3318487
3319363
3319374
3319532
3320411
3320933
3321100
3321291
3321684
3323326
3323438
3323528
3323548
3323610
3323756
3325443
3325691
3326017
3326822
3326905
3327495
3327884
3329432
3329655
3329767
3330001
3330286
3330326
3330750
3331031
3331509
3331517
3332287
3332538
3336271
3336381
3336728
3337177
3337659
3339439
3339617
3340617
3341155
3342160
3342827
3343181
3343611
3344008
3344517
3344956
3346655
3348174
3348655
3350869
3351605
3351666
3352138
3353658
3354271
3354614
3355098
3356498
3356902
3357981
3358858
3358963
3359199
3359543
3360276
3360514
3360831
3360865
3361623
3361742
3362036
3363054
3363893
3365461
3365891
3366779
3367853
3368529
3368871
3369262
3369386
3370713
3373240
3373927
3374099
3374478
3374568
3374719
3374819
3374974
3375486
3375803
3376592
3377399
3377451
3377654
3378512
3379487
3380269
3381966
3382640
3382974
3383559
3383823
3384964
3385141
3385519
3385874
3386335
3386422
3386990
3387414
3387757
3387780
3388599
3388670
3388937
3389421
3389709
3389878
3390193
3390405
3392079
3392086
3392369
3392437
3393425
3394509
3395247
3395520
3395752
3396250
3396525
3397488
3397911
3398287
3398582
3398974
3401079
3401579
3403217
3404059
3404436
3404593
3404708
3404942
3405617
3406228
3407423
3407453
3408245
3408797
3408826
3409328
3409648
3409671
3411076
3411749
3412027
3413278
3413304
3414361
3414876
3415467
3416132
3416522
3416838
3416931
3417170
3418052
3418350
3418820
3418914
3419488
3419835
3420459
3420516
3420523
3420549
3420613
3421200
3421349
3421862
3422310
3422316
3422651
3422839
3422969
3423532
3423881
3424172
3424501
3424584
3424741
3426664
3427086
3427719
3429058
3429716
3430452
3430669
3430857
3432021
3432255
3433145
3433226
3433648
3435110
3437174
3437618
3438045
3438999
3439141
3439332
3440117
3441743
3441883
3442448
3442764
3443013
3445844
3446088
3446253
3446315
3446541
3446783
3446870
3447163
3447650
3448564
3448872
3448930
3450270
3451790
3452392
3453143
3454500
3454629
3454916
3455787
3456233
3457220
3457616
3457773
3458756
3459595
3460090
3460171
3460387
3460750
3461317
3461796
3462585
3462980
3465204
3465345
3465775
3465777
3466504
3467420
3468255
3468677
3469445
3469598
3469718
3470231
3470444
3470993
3471268
3472218
3472404
3473323
3473393
3473806
3473923
3473924
3474694
3476185
3476217
3477365
3478305
3478898
3479137
3480226
3480243
3480421
3481373
3483291
3483947
3485524
3485669
3486279
3488545
3488687
3489919
3490037
3490109
3490299
3490451
3491833
3493360
3493394
3493653
3493853
3494327
3494717
3494966
3495800
3495983
3496172
3496380
3499543
3499754
3499843
3499943
3500610
3500886
3501110
3501621
3502427
3502508
3502757
3503936
3504269
3504311
3504651
3504846
3504969
3505977
3506271
3506837
3506877
3507038
3508057
3508253
3508289
3508994
3509276
3509636
3510103
3510676
3511915
3512460
3513230
3513793
3514817
3514838
3516387
3516743
3517093
3517244
3517558
3518002
3518369
3518550
3518732
3521061
3521877
3522256
3522913
3523565
3523713
3524007
3524765
3524767
3525565
3526205
3526634
3527613
3528089
3528781
3529079
3529492
3529778
3530229
3532474
3533123
3533424
3534105
3535142
3535893
3535913
3536870
3537252
3537371
3538335
3539075
3539502
3540738
3540795
3540914
3541105
3541234
3541742
3541803
3541910
3542234
3542405
3542801
3543316
3544328
3545468
3545484
3548058
3549509
3549739
3550455
3550969
3551715
3551960
3551991
3552217
3553248
3554886
3555806
3556214
3556374
3556456
3557132
3558104
3558736
3558913
3559645
3560018
3560025
3560393
3561115
3561354
3561564
3563445
3565276
3565709
3565961
3566913
3567718
3567758
3569502
3570601
3571549
3571991
3572199
3572472
3573728
3573745
3574574
3575618
3575912
3576615
3579335
3579856
3579923
3580933
3581028
3582166
3582245
3582529
3582707
3583046
3583848
3585044
3585429
3585935
3586740
3587195
3588539
3589184
3589931
3592378
3592473
3592739
3593714
3594121
3595195
3595590
3595891
3596564
3596802
3597076
3599114
3599356
3599853
3600475
3600710
3601062
3601102
3601259
3602417
3602614
3603312
3603816
3605282
3605370
3605700
3606623
3608431
3608504
3610139
3610333
3610667
3610822
3610876
3612500
3613179
3613304
3613756
3614437
3614741
3615304
3616391
3617032
3617601
3617655
3618587
3618846
3619835
3620454
3621170
3623248
3624227
3624779
3625244
3625543
3625645
3626952
3627197
3628362
3629046
3629148
3629531
3629579
3629929
3630025
3630188
3630325
3630582
3631226
3632748
3633071
3633744
3634025
3634927
3635206
3635284
3635352
3635965
3636612
3636749
3637336
3637564
3638012
3638610
3639284
3641063
3641466
3641564
3641868
3642466
3642921
3643417
3643525
3643851
3645769
3645904
3646790
3647084
3647118
3649129
3649302
3650218
3650840
3651113
3651651
3653632
3654093
3654097
3655390
3655737
3655935
3656042
3656114
3657573
3658255
3658971
3659278
3659678
3659745
3660256
3660291
3660924
3661901
3662705
3662863
3664297
3665399
3665999
3666005
3666847
3667122
3667153
3667392
3668992
3669308
3669633
3670660
3670793
3671350
3672074
3673011
3673435
3674176
3674652
3674735
3675688
3675692
3675796
3676507
3677490
3678290
3681601
3682032
3682103
3682832
3683330
3683744
3685719
3685887
3686606
3686956
3687141
3688228
3688434
3689497
3689990
3690226
3691071
3691631
3692263
3692697
3693520
3693526
3694115
3694327
3695921
3696292
3697962
3698052
3698331
3698954
3699098
3699532
3699809
3700172
3701087
3701435
3701477
3701514
3702185
3702192
3703228
3704347
3705520
3705610
3705678
3705761
3706750
3706761
3707340
3707373
3707729
3707758
3708074
3708391
3708582
3709072
3709337
3709678
3712401
3713650
3714318
3714407
3714569
3715234
3717096
3717144
3717680
3719267
3719682
3719838
3719911
3720444
3720668
3721258
3721773
3721805
3722460
3723054
3725066
3725538
3726056
3726118
3726591
3726964
3727479
3727718
3728664
3729037
3729202
3729729
3730162
3730658
3731433
3735387
3735389
3737159
3737592
3737607
3737923
3738607
3738738
3738750
3738756
3739225
3739267
3740820
3741349
3742974
3743238
3743447
3743776
3744967
3745126
3747232
3749287
3749763
3750170
3752060
3752134
3753095
3753284
3754576
3755568
3755729
3756146
3757013
3757975
3759217
3759785
3759838
3761500
3761961
3762077
3762125
3762348
3764319
3764452
3764872
3765108
3765159
3765667
3766914
3767021
3767032
3767863
3768544
3768685
3769141
3769586
3771199
3771883
3772086
3772630
3774067
3774260
3775044
3775857
3775905
3775909
3776024
3776221
3778327
3778983
3779020
3780078
3780532
3780648
3781416
3781821
3782255
3782365
3782715
3783499
3783833
3784013
3784822
3785071
3785647
3786021
3786099
3786118
3786354
3786380
3786814
3787355
3788562
3790434
3790478
3793257
3793307
3794179
3795592
3795826
3798678
3798942
3799180
3799298
3799335
3799574
3799589
3799720
3800130
3800944
3801236
3801320
3803455
3803502
3804401
3804877
3806658
3808720
3809085
3809841
3810221
3810288
3810572
3811431
3811697
3812823
3813040
3813426
3813719
3814206
3815418
3815992
3818052
3818134
3818817
3819181
3819829
3820099
3820458
3822816
3822969
3823195
3823611
3824442
3825301
3825890
3826258
3826578
3826662
3827271
3827937
3828209
3828513
3828540
3829229
3830268
3830759
3833001
3833007
3833017
3834102
3837862
3838864
3839629
3839890
3840412
3841105
3843170
3844233
3845881
3845912
3846348
3846503
3846597
3847131
3848440
3848497
3848579
3848590
3848952
3849566
3850589
3850769
3851372
3851469
3851477
3852256
3852360
3852774
3853148
3854234
3854323
3855050
3855872
3856080
3856121
3856862
3856902
3856940
3856949
3857213
3857522
3857777
3858096
3858998
3859076
3859798
3859880
3860774
3861031
3862090
3862482
3862707
3863266
3863342
3864704
3865444
3865613
3865816
3866658
3867298
3867422
3868309
3869510
3869679
3869797
3870145
3870613
3871105
3871979
3873169
3873492
3873527
3874059
3875126
3875464
3875471
3875512
3876569
3876988
3877257
3878901
3880516
3881093
3881235
3881244
3882049
3882280
3882633
3882892
3883184
3884006
3884165
3884994
3885320
3885541
3885708
3886183
3886240
3887313
3887324
3887463
3888624
3888804
3889850
3890615
3890836
3892178
3892397
3892992
3893045
3893105
3893623
3894725
3895718
3896006
3896633
3896692
3897762
3898230
3900257
3901866
3903540
3905023
3905864
3905885
3906334
3906461
3907107
3907125
3907425
3907911
3908010
3908064
3909238
3909249
3909655
3909883
3910041
3910481
3911322
3912956
3913161
3913549
3913819
3913864
3913957
3914419
3915349
3915479
3916004
3916578
3916795
3916952
3917145
3917297
3917893
3918653
3919034
3919628
3921281
3921331
3923141
3923211
3923615
3924152
3924519
3925610
3925901
3925916
3926508
3927658
3929463
3929763
3929899
3930369
3930701
3930944
3931411
3931454
3931461
3932484
3933134
3933742
3935058
3935816
3935986
3936783
3937985
3939236
3940043
3940499
3941071
3941543
3944538
3944687
3944858
3945045
3945120
3945445
3945722
3945987
3946490
3946669
3947872
3948061
3948772
3949095
3949550
3949584
3951166
3953406
3956341
3957192
3958354
3959929
3960035
3960463
3960719
3962482
3963478
3964761
3965026
3965844
3966737
3967500
3967663
3968634
3970175
3970585
3971029
3971176
3971871
3972788
3973099
3973109
3973343
3973358
3973756
3974122
3975784
3975794
3976432
3977695
3978103
3978174
3978482
3978504
3978525
3979462
3980481
3982000
3983130
3983779
3983800
3984276
3985839
3986314
3986412
3986443
3987117
3987816
3987842
3988136
3989899
3990230
3991062
3991300
3992619
3993004
3993068
3993106
3994726
3994863
3995908
3996399
3996850
3997352
3998155
3998876
4000257
4000278
4000380
4000540
4000646
4001319
4001477
4001654
4001933
4001989
4002171
4002423
4002918
4003255
4008922
4009498
4009889
4010245
4010706
4011084
4012005
4013378
4014932
4015528
4015590
4017532
4017964
4017997
4018233
4018657
4018771
4019623
4019944
4020987
4021083
