298
336
530
853
1042
1202
1262
2262
2697
3405
3409
4073
4259
4360
4555
4895
4989
4994
5119
5336
5514
5882
6918
6972
7652
7667
7749
8161
8385
8429
8611
8893
8900
9331
9704
9935
10128
10422
11217
11267
11383
11437
11987
12512
12894
13238
13263
13439
13753
13801
14006
14088
14339
14843
15791
15807
16140
16321
16424
16758
16762
17292
17435
17459
17591
18461
18629
18820
19420
19460
20343
20607
21161
21170
21447
21599
22167
22217
23021
23055
23881
24465
24648
24925
25735
26131
26500
27867
28316
28402
28462
28709
28785
29074
29304
29412
29509
30014
30166
30322
30763
30991
31177
31182
31271
31531
31540
31717
32177
32585
32639
32949
33257
33583
33770
33958
34050
35125
35347
35710
35715
35802
36027
36192
36421
36682
37094
37433
37556
37720
37873
38108
38341
38490
38697
39093
39121
39463
40214
40586
40859
41221
41240
41689
41750
41776
42021
42276
42819
44129
44223
44409
45009
45142
45416
45445
45454
45678
46107
46174
46238
46971
47520
47570
48384
48832
49100
49104
49468
49642
49646
49926
50102
50113
50119
50876
51009
51035
51093
51251
51835
51966
52466
52759
52835
53035
53295
53703
54308
54568
54608
54960
55197
55286
55336
55799
56219
56244
56254
56261
57041
57394
57486
57668
58140
58443
59049
59170
59308
59746
60254
60470
60521
61111
61852
61922
62242
62870
63012
63649
64749
64984
65017
65181
65535
66453
66464
67441
67459
67683
68341
68736
68913
69130
69225
69544
69899
69967
70029
70063
70331
70366
72491
73084
73602
73761
74018
74882
75033
75614
76320
77036
77216
77834
78128
78222
78322
78733
78823
79027
79514
80912
81086
81144
81732
81740
81769
81787
81827
81991
82067
83190
83474
83904
83911
85253
85784
85916
86016
86494
86535
86664
86690
86744
86835
86948
87152
87279
88962
89168
89224
89547
90827
91260
92452
92617
92781
92831
93223
93484
93761
93782
93879
94126
94486
94669
94949
95343
95600
95909
96172
96773
97470
98516
98568
98940
98950
98985
99092
99111
99932
100035
100036
100287
100460
100830
100875
100980
101073
101339
101709
101828
101829
101905
101943
102018
102131
102446
102986
103147
103196
103838
104251
104705
104878
105437
105440
105749
105921
105933
105974
106102
106241
106324
107205
107653
107822
107837
108200
108286
108382
108680
109215
109447
109519
109829
110019
110648
110706
110822
111320
111963
112251
112404
112697
113400
113431
113448
114015
114488
114978
115000
115264
115493
115780
116002
116013
116299
116674
117467
117900
118073
119466
120325
120387
120824
121318
121803
122472
122755
122780
123333
123423
123518
123693
123761
123839
123950
124153
124466
125623
125859
126243
126460
126532
127614
127743
128216
128357
128576
128863
128913
129061
129088
129113
129479
129547
129598
129607
130475
130649
130912
131413
131801
132692
133157
133190
133649
133697
133830
134779
135111
135137
135530
135848
136160
136316
136443
136639
136690
137031
137270
137321
137454
137643
137720
137822
138527
138585
138842
139027
139301
139919
140289
140387
140420
141324
141349
141651
142218
142229
142457
142752
142860
143102
143254
144043
144266
144497
144980
145157
145541
145834
145962
146312
146746
146853
146994
147179
147219
147356
147839
148045
148111
148942
148977
149034
149735
149938
150209
150217
150273
150292
150568
150683
150879
151141
151420
151517
151681
151682
151944
152035
152130
152407
152412
152534
152877
153764
153829
153917
154016
154359
154475
154620
154741
154773
154898
155372
155537
155861
156027
156535
157612
159257
159824
159897
159942
159983
161922
162164
162253
162700
162981
163010
164048
164123
164555
164847
164974
165127
165324
167271
167460
168368
169081
169459
169870
170187
170603
171056
171067
171138
171651
171957
172248
172370
172606
172652
172864
173091
173759
173989
174238
174646
174753
175122
175980
177207
177278
177398
177439
177580
177786
177982
178170
178855
181092
181211
181802
182736
183963
184127
184247
184525
184670
184743
184798
184858
185046
185212
185215
185242
185343
185573
185829
185969
185997
186925
187308
187352
187515
187661
187775
187837
188559
188765
189060
189130
189311
189604
189836
189960
190080
190479
190576
191147
191382
191613
191820
191936
191972
192579
192824
192941
193513
193819
194111
194180
194311
194377
194936
196162
196287
196517
196726
197268
197373
197518
197607
197864
198137
198668
199344
199500
199556
199597
199803
199820
199921
199991
200184
200423
201121
201346
201872
202277
202948
203104
203375
203646
203817
204405
204659
204995
205215
205225
205268
205421
205509
206359
206740
207316
207478
208300
208464
208728
208779
209044
209281
209515
209589
209763
210138
210191
210349
210934
211316
211539
211901
211920
212179
212319
212429
214370
214433
214952
215200
215858
216439
216575
216870
217102
217172
217621
218383
218524
218606
219265
219302
219372
220174
220219
220707
220798
221136
221423
221459
221705
222583
222803
223091
223154
223499
223838
223942
224538
225260
225785
226359
226785
227397
227750
227810
227818
228114
228319
228391
229252
229922
230179
230534
230912
231520
231840
231857
231933
231952
232020
232294
233519
233745
233867
233927
234491
234662
235167
235723
235733
235889
235921
236168
236490
236658
236673
236696
236995
237104
238133
238278
238279
239398
240089
240819
241079
241869
242993
243688
244455
244547
245638
245921
246023
246056
246104
246429
246687
247781
247811
247819
248006
248160
248530
248678
248994
249273
249682
249949
250051
250113
250347
250941
251044
251495
251574
251960
252625
253030
253126
253153
253158
253800
253906
254094
255559
256045
256807
257752
257817
257890
257900
257971
258132
258579
258884
259100
259202
259866
260057
260245
260355
260479
260653
260800
260810
261330
261503
261694
261775
262273
262563
262741
263477
263551
263839
264068
264447
264569
264596
264608
264753
265179
266237
266426
266585
267008
267050
267617
267655
267666
268123
268265
268352
268526
269200
270453
270564
271222
271228
271335
271387
272123
272193
273934
274825
275491
275514
276069
276615
277169
277220
277427
278058
278534
278748
278789
278832
279222
279388
279498
279893
279915
280383
280757
281119
281176
281460
281781
282027
282262
282414
282741
283819
283904
284071
284671
284715
285175
285580
285624
285794
285943
286116
286318
286796
286958
287817
287867
288207
288395
288452
288665
289161
289443
289451
291563
291704
291840
293358
293705
293775
293861
294319
294756
294773
294859
294914
295328
295463
295819
295859
295932
296372
296391
296666
296956
297052
297149
297343
297730
297838
298322
298464
299745
299935
300372
300412
300420
300496
300535
302140
302216
302241
302867
303217
303238
303271
303280
303412
303475
303604
304624
304929
305657
305684
306172
306429
307002
307401
307752
307813
307820
308385
308443
308954
309027
309086
309185
309277
310144
310904
310986
312366
313019
313628
313832
313855
314361
314567
315050
315347
315427
315569
315587
315798
316018
316896
316924
317920
318039
318332
318531
318586
318743
319260
319452
319725
319896
320029
320561
321133
321220
321663
321688
322102
322789
322917
323320
323371
323570
324565
324630
324660
324880
325125
325213
325609
326056
326309
326497
327121
327260
327732
327798
327808
329824
330018
330375
330825
330953
330968
331045
331189
332118
332130
332225
332386
333376
333448
333721
333757
333809
334215
334368
335248
335434
335713
335925
336417
337730
338273
338710
338929
339088
339133
339144
339208
339517
339615
339734
340066
340630
340851
341009
341188
342112
342115
342708
342921
343307
343323
343896
343918
344888
344897
345031
345983
346017
346947
347031
347083
347452
347884
348169
348218
349093
349249
349279
349284
349428
349655
349707
349975
350432
351053
351173
351175
351271
351355
351396
351429
351581
351912
352633
352939
353433
353595
353922
353956
354563
355037
355233
355333
355347
355619
355888
356043
356120
356163
356796
357210
357330
357498
357726
358095
358388
358435
358583
358727
359174
359239
359517
359564
359621
359708
360299
361867
362095
362844
363057
364599
364961
365098
365145
365949
366107
366432
366550
366667
366862
368122
368264
368397
368706
368848
369988
370299
370369
370438
370619
370930
371480
371602
371687
371802
371894
371928
372124
372447
372555
372558
373973
374258
374383
374696
375244
376389
376659
376766
377371
377591
378583
378661
378816
378974
379393
379673
379968
380372
380417
380557
381748
381779
381981
381991
382348
382855
383122
383160
383173
383640
384347
384393
384457
384459
384530
384600
384728
385411
385789
386190
386234
386546
386835
387468
387514
388692
388960
389291
389367
389656
389781
389919
390002
390491
390591
390632
390902
390910
391018
391234
391464
391863
392295
392310
392569
393315
393361
394074
394177
394305
395038
395857
395885
396001
396111
397363
397759
398360
398637
398932
399163
399466
399555
399812
399832
400522
401142
401210
401401
401883
402276
402509
402824
402870
403090
403292
403434
404409
404477
404553
404577
404629
404676
404752
405046
405340
405679
405795
406372
406527
407760
408229
408385
409003
410183
410296
410340
411997
412030
412417
412503
412643
413244
413461
413885
414013
414338
414414
414558
414717
414754
414777
414888
414904
415992
417156
417857
418431
418818
419592
419848
420088
420305
420743
420889
420939
421078
421140
421165
421183
421207
421210
421330
422535
423128
423166
423448
423485
424083
424248
424250
424647
424804
424978
425253
425493
426116
426288
427260
427324
427563
427704
427749
427842
428263
428642
428648
428742
429502
429574
429579
429595
429596
429818
429857
429860
430006
430015
430168
430203
430398
431019
431361
431481
431529
431666
431883
433158
433353
433450
433476
433753
433767
434425
434440
435053
435294
435375
435397
435523
435668
435897
436350
436806
436951
437511
437643
437892
439791
440031
440680
440730
440778
440928
441007
441129
441229
441232
442123
442441
442460
442550
442618
442990
443723
443895
444870
445007
445094
445164
445637
446194
446260
446369
447095
447615
448609
448935
448978
449185
450019
450082
450400
450517
450578
451539
451562
451862
451987
452051
452126
452839
453102
454157
455478
455484
455626
455916
455931
457946
457983
458135
458518
458689
458851
458959
459014
459413
459464
460312
460396
460883
461254
461699
461740
462058
462076
462370
462619
462874
463184
463280
463360
463443
463873
463999
464206
464260
464440
464766
464941
465307
465579
465857
466238
466256
466424
467665
467849
467896
468588
468656
468741
469460
469661
470201
470343
471190
471535
472954
472966
473725
474081
475312
476311
476423
476533
476541
476566
476778
476797
476966
477035
477581
478334
478580
478751
479142
479623
479991
480090
480199
480209
480599
480760
480767
480892
481113
481133
481585
481660
481882
482152
482286
483012
483050
483251
483341
483368
483417
483456
483458
483602
483684
483764
484367
484715
485118
485460
485525
485620
486156
486285
486438
486991
487033
487332
487378
487696
488739
488795
488915
489162
489197
489219
490062
490145
490220
490327
490473
491018
491225
491742
491747
492015
492561
492596
493216
493371
493584
494316
494666
494716
495033
495116
495904
496059
496310
496475
496585
496665
496727
496958
497253
497270
497706
497893
498021
498200
498243
498601
498871
498890
499434
499521
499669
499715
500119
500395
500480
500725
501493
501617
501680
502538
502572
503063
503388
503641
503815
503967
504007
504164
504611
504686
504807
504843
505551
505792
505967
506554
506573
506721
506725
508483
508519
508816
509752
510099
510498
511176
512063
512405
512703
513010
513035
513593
513715
514592
515776
515895
516146
516286
516767
516991
517088
517162
517231
517258
517624
518089
518101
518185
518197
518447
518805
518913
518955
519086
519139
519317
519580
519684
520324
520406
520461
520910
521285
521372
521547
521549
521663
522520
522934
523097
523596
523864
523924
524067
524482
524600
524835
524848
524985
524989
525350
525749
525873
525877
527281
527407
527446
527517
527589
527619
527635
527710
528034
528162
528288
528546
528591
528763
529341
529733
529952
530076
530455
530925
531400
531421
531804
532756
533264
533458
534320
534331
534904
535468
535873
536080
536251
536263
537434
537759
537785
537942
538067
538130
538239
538531
538585
538986
539459
539467
539565
541462
541592
542063
542192
542435
543050
543098
543381
543444
543565
543655
543864
544048
544636
544762
544916
545041
545705
545772
545904
545953
546208
546757
547086
547247
547592
547611
548995
549047
549244
549310
549748
549784
549982
550125
550279
551184
551350
551364
551392
551648
551937
552438
552562
552610
552717
552789
553217
553254
553314
553631
554120
554250
554483
554628
554804
555211
555857
555859
556861
557176
557201
557213
557233
557436
557579
557606
557900
558171
558366
558687
559222
559759
559927
560147
560155
560159
560521
560555
560766
560968
561206
562577
562994
563008
563167
563226
563474
563862
564232
564313
564400
564431
564842
565642
565677
565872
566059
566530
566581
566595
567465
567984
568052
568162
568448
569677
569967
570155
570656
570878
570957
571163
571775
572601
572764
572787
573075
573085
573147
573656
573938
574412
574803
575292
575458
575622
575702
576566
576711
576759
577130
577323
577612
577675
577861
578429
578548
578618
579009
579358
579563
579759
580102
580288
580722
580751
580969
581401
582900
583195
583460
584297
584494
584770
584851
585122
585256
585525
585770
585865
586035
586074
586175
587381
587666
588414
588461
589066
589089
589267
589503
589742
590289
590730
590749
590792
591054
591090
591660
592614
592676
593186
593267
593632
594074
594272
594581
596180
596293
596742
596792
597253
597356
597394
597610
597827
597978
598775
598817
599413
599787
599877
599967
600075
600534
600866
601721
602590
602833
603210
603274
604206
604256
604563
604650
604990
605478
605504
605557
605566
605660
606004
606186
606193
606364
606378
606464
606760
607135
607907
607923
608036
609202
609560
609877
609965
610144
610515
611195
611462
611723
612516
613070
613906
614180
614331
614454
615122
615130
615262
616179
616245
617180
617571
617825
618032
618326
619097
619114
619170
619233
619475
619858
619997
621167
621658
622116
622798
623025
623056
623180
623289
623399
623789
623927
624039
624343
624465
624537
624829
624960
625005
625070
625875
626019
626487
626862
627319
627540
627785
627807
627899
627980
628357
628738
628857
629045
629170
629237
629637
630174
630365
630391
630423
630787
631354
631648
632136
632531
632760
633018
633227
633364
633572
633602
633991
635152
636263
636392
636488
636735
637239
638199
638716
638835
639033
639119
639169
639232
639383
639792
640816
640887
640896
640935
640987
641179
641378
641983
642223
642231
642941
642996
643225
643412
643488
643580
643774
643966
644205
644386
645238
645279
645519
645579
645632
645795
646039
646188
646205
646235
646880
646982
647121
647200
648483
648737
649249
649317
650084
650091
650459
650617
650716
650865
650915
651251
651653
652334
652344
652693
653146
653148
653331
654032
654074
654322
654523
654749
655359
655511
655815
656274
656381
656472
656482
656610
657316
657453
657565
657761
658736
658795
659147
660101
660173
660368
660499
660669
661118
661258
661623
661680
662104
662571
662627
663397
664164
664221
664820
665057
665550
665744
666020
666614
666688
666875
666999
667289
667750
667862
668020
668182
668325
669350
669983
670241
671464
672062
672559
672606
672613
672618
673881
674208
674262
674353
675127
675501
675856
676094
676571
676835
677659
678099
678789
678979
678986
679016
679065
679080
679284
679321
679476
679718
679878
680199
680705
681018
681401
681558
681579
681794
681855
682086
682243
682852
682918
683662
683855
684073
684290
684946
685474
685489
685492
685711
685773
685776
686184
686397
686406
686691
686885
686998
687370
687377
687811
687845
687920
688044
688067
688338
688632
688824
689574
690635
690689
690751
691331
691643
691984
692384
692613
692722
693135
693192
693847
694244
694513
694538
694690
694799
694800
694958
695845
695872
696370
696651
697042
697588
697977
698007
698533
698642
699613
699724
699737
700597
700823
700831
700959
700977
701612
701675
702083
702565
702732
703063
703167
703407
703582
703945
704186
704238
704336
704381
704741
705208
705609
705612
705687
706617
707034
707324
707737
707771
708098
708137
709265
709293
709782
709791
710445
710495
710964
711569
713332
715106
715607
715656
716034
716091
716722
716814
716963
717331
717777
717791
718087
718182
718261
718501
718646
718855
718956
719699
719715
719905
720277
720425
720500
721041
721245
721640
721890
722533
722548
722779
723493
723513
723515
723969
724222
724441
724531
724771
724832
726459
726592
726656
726862
726868
727090
727772
727816
728330
728973
729315
729487
730175
730400
730575
730897
730903
730910
730951
731093
732372
732676
732877
732994
733083
733655
733664
734319
734321
734504
735496
735706
735804
736123
736157
737035
737132
737421
737456
737459
739828
739976
740036
740519
740857
741429
741449
741610
741830
741866
742259
742435
743029
743065
743107
743157
743536
743589
744218
744474
744629
744817
744858
744948
744952
745820
746035
746090
746094
746852
746944
747092
747539
747646
747671
747679
747720
748451
748526
748599
749039
749071
749142
749318
749362
749561
749702
749975
750431
750603
751832
752629
753035
753651
753926
753956
754116
754374
754739
756170
756942
757011
757292
760885
761302
761349
762001
762417
762488
762744
762809
762836
763016
763029
763352
763864
764019
764132
764630
764949
765225
765265
765306
765580
766626
766963
768036
768283
768400
768832
769006
769190
769388
769573
769593
769688
770035
770274
770520
770953
771300
771440
771870
772529
772537
772557
772745
773602
774343
774369
774742
774934
774953
775353
775782
777226
777309
777474
777813
778052
778155
778323
778776
778943
779122
779184
779501
779847
779931
780475
781196
781230
781329
781356
781443
781604
781942
782116
782506
784659
784664
784861
785100
785280
787223
787563
788731
788794
788844
789044
789126
789845
789935
790108
790382
790448
790918
790935
791237
791361
792626
793192
793405
793469
793608
794755
794948
794964
795703
795805
796853
797326
797502
798037
798337
798477
798765
799308
799348
799352
799681
799910
800088
800161
800169
801073
801785
802164
802599
802804
802841
802902
803238
803546
803579
804249
804550
804583
804987
805670
806251
806464
806623
806776
806959
807033
808163
808555
809432
809733
810027
810103
810169
810250
810816
810962
811040
811204
811279
811427
811503
811717
811868
812543
812628
813063
813234
813301
813337
813536
813600
813683
814076
815173
816378
816826
817190
817400
817617
817854
817985
818021
818997
819348
819754
820100
820141
821758
821831
821924
822061
822265
822285
822431
822609
823478
823638
823691
824395
825086
827273
827784
827988
828214
828338
828466
829119
829254
830148
830270
830281
830441
830523
830557
830574
830840
831368
831416
831629
832065
832070
832156
832434
832599
832628
833114
833317
833595
833760
833840
833911
834365
834394
835019
835070
835280
835323
835506
835621
835865
835881
836227
837338
837527
839154
839661
839924
840243
840524
840665
840771
841336
841559
842049
842817
843661
844466
844566
844569
844722
844728
844941
845713
845729
845801
845814
845870
846061
846165
846967
847014
847118
847287
847330
847551
847848
848365
848534
848636
848685
849185
849248
849952
850538
850698
850811
851475
851723
851808
852116
852378
852789
852900
852965
853317
853857
854146
854623
854906
855239
855658
855802
856015
856518
856524
856555
856594
856897
857273
857284
858209
858598
859799
860208
860472
861623
861730
861928
862372
862376
862419
862424
862554
863030
863059
863109
863342
863712
864214
864661
864912
865137
865240
866158
866279
866479
866627
866642
866865
868967
869666
870279
870488
870587
870602
870625
870980
871121
871261
871539
871610
871667
872042
873031
873115
873166
873761
874578
874620
874793
874899
875468
875888
875928
876102
876460
876753
877248
877354
877495
877731
877753
878024
878294
878446
878594
879327
879781
880163
880242
880747
880824
880982
881009
881340
882160
882258
882654
882698
882744
883022
883420
883439
884082
884452
884668
885103
885390
885428
885487
886234
886346
886649
886659
887450
888089
888168
888281
888949
889244
889393
889629
889665
890082
890200
890540
890584
891648
891851
892022
892563
892661
892670
893199
893678
893710
893951
895001
895127
895899
895911
896100
896271
896427
896599
896625
896891
896903
897493
897507
897849
897950
898124
898202
898841
898896
898914
899437
899690
899720
899907
899966
900105
900365
901064
901469
901478
902127
902301
902763
902840
903084
903764
904221
904264
904570
905384
905435
905787
905991
906172
906365
906366
906385
906638
906867
906981
907225
907719
908141
908657
908761
909302
909762
910960
911399
911606
912265
912555
912626
912654
912841
912887
912899
914227
914877
915932
916073
916153
916343
916458
916845
917228
917395
917663
917773
917878
917891
918304
918570
918684
919971
920349
920629
920751
920858
921049
921303
921493
921979
921990
922292
922319
923082
923238
923386
924186
924456
924716
924940
924961
925603
926549
927647
928349
928883
929036
929147
929567
929568
929856
930081
930514
931516
931605
931794
931807
932097
932699
932916
933401
933685
933703
933891
935192
935313
935413
935693
935926
935996
936014
936387
936708
936989
937133
937159
937405
937483
937624
938211
938740
939026
939599
939759
940397
940549
940556
940908
941175
941235
941259
941323
941530
941699
941959
942084
942765
942859
942896
943945
944566
945791
946055
946876
947006
947178
947763
948065
948392
948482
948788
948859
949206
949239
949569
951141
951988
952184
952380
952408
952570
952640
952648
953117
953132
953340
953483
953493
953677
953890
954374
954487
954859
955132
955461
955560
956142
956365
956386
956442
956525
957173
957575
958054
958571
958794
958868
960132
960205
960336
960395
961262
961286
961522
961830
962011
962622
962874
962896
962939
963223
963290
963583
964478
964517
964670
964922
965331
965494
965802
965918
966040
966583
966837
966920
968090
968997
969398
969829
969859
970136
970238
970380
970519
970533
970661
971221
971327
971453
971754
971979
972008
972664
973032
973632
973725
973830
974380
974572
975349
975912
976003
976318
976429
977378
977479
977617
977795
977980
978242
978250
978384
978660
978683
979430
979483
979697
979867
980290
980371
980829
981056
981080
981210
981609
981920
982261
983000
983332
983505
983644
983688
984094
984183
984546
984592
984662
985058
986026
986235
986459
986559
986810
986851
986879
986956
987022
987023
987118
987710
987945
987967
988043
988145
988146
988731
988736
988873
989104
989246
989555
989600
989645
989915
990503
990557
990855
990999
991190
991799
991846
992883
993592
994207
994376
995281
995396
996411
996879
997017
997574
997922
998459
998806
998830
998907
999029
999515
1000196
1000804
1000836
1001080
1001195
1001203
1001752
1001950
1002161
1002194
1002704
1002923
1002996
1003073
1004629
1005332
1005398
1005517
1006085
1006278
1006461
1006562
1007309
1007310
1007477
1007957
1008977
1009471
1009532
1009956
1010379
1012469
1012575
1012620
1012707
1013061
1013146
1013236
1013506
1013663
1014646
1014808
1015059
1015280
1015339
1015816
1015957
1016877
1017312
1017546
1018203
1018902
1019028
1019152
1019166
1019319
1019901
1020242
1020944
1021041
1021653
1021811
1021827
1021884
1022416
1022481
1022671
1023032
1023097
1023372
1023959
1024664
1024810
1024820
1025990
1026161
1026546
1026816
1027768
1027890
1028511
1028519
1028602
1029050
1029103
1029593
1030123
1030327
1030657
1030911
1030980
1031227
1031607
1032920
1033070
1033221
1033319
1033503
1033542
1033878
1034060
1034574
1034790
1034815
1034862
1034921
1034998
1035353
1035906
1035969
1036312
1036534
1036595
1036637
1036927
1037810
1038441
1038515
1038630
1038783
1038890
1038913
1038930
1039044
1039112
1039649
1039754
1039809
1039883
1039923
1040393
1040774
1040856
1041088
1041381
1041605
1041995
1042174
1042341
1042479
1042609
1042753
1042867
1043255
1043342
1043585
1043656
1043698
1044228
1044256
1044997
1045514
1045788
1045980
1046055
1046194
1046273
1046467
1046566
1046895
1047397
1047704
1048190
1048448
1048599
1048792
1048856
1048963
1049141
1049230
1049350
1049595
1049967
1050490
1050717
1050718
1050794
1050831
1051082
1051296
1051326
1051354
1051841
1052059
1052102
1052117
1052322
1052556
1053028
1053078
1053122
1053381
1053388
1054037
1055077
1055702
1055800
1055927
1056180
1056556
1057250
1057470
1057648
1058071
1058226
1058480
1058608
1058643
1058660
1059230
1059668
1059770
1060512
1060721
1061357
1061567
1061721
1061869
1062144
1062209
1062567
1063048
1063507
1064250
1064359
1064464
1065041
1065077
1065823
1065862
1066390
1066879
1066903
1067126
1067333
1067489
1067677
1067839
1068099
1068491
1068714
1069259
1069330
1069526
1070314
1070496
1071373
1071515
1071567
1072192
1072673
1072748
1072837
1073139
1073663
1075148
1075276
1075400
1075914
1076835
1076893
1077871
1078017
1078688
1078837
1079118
1079272
1079292
1079737
1079756
1080018
1080092
1080138
1081097
1081124
1082247
1082249
1082467
1082838
1083200
1083392
1083458
1083710
1084147
1084200
1084596
1084859
1084968
1085866
1086145
1086409
1086520
1087168
1087304
1088166
1088303
1090332
1090355
1090666
1090907
1091797
1091894
1092702
1093152
1093158
1093206
1093244
1093716
1094145
1094630
1094653
1094793
1094937
1095455
1096951
1097023
1097965
1098894
1099889
1100579
1100845
1101977
1101981
1102008
1102332
1102660
1103816
1104134
1104673
1104789
1105271
1105696
1105807
1105851
1105883
1105903
1106204
1106438
1107052
1107149
1107410
1107705
1107707
1108261
1108926
1109285
1110683
1110976
1111059
1111126
1111164
1111696
1111697
1112552
1112676
1113178
1113220
1113485
1113632
1113822
1113945
1113978
1114215
1114714
1115232
1115487
1115598
1115822
1116342
1116609
1116724
1116783
1116955
1117173
1117174
1117339
1118054
1118525
1118870
1119033
1119443
1119542
1119811
1121776
1121994
1122134
1122143
1122672
1122855
1123358
1123375
1123591
1125097
1125198
1125215
1125500
1126024
1126105
1126130
1126144
1126517
1127941
1128176
1128281
1129564
1129738
1129764
1129804
1129886
1129907
1130031
1130192
1130226
1130512
1130884
1130905
1131759
1131798
1132090
1132440
1132945
1133087
1133090
1133630
1133801
1134105
1134180
1134193
1134826
1135234
1135557
1135740
1135966
1136597
1136745
1136801
1137079
1137575
1138261
1138679
1139074
1139108
1139272
1139750
1140011
1140089
1141305
1141700
1142000
1142340
1143254
1143510
1144100
1144455
1145185
1145647
1147066
1147753
1147797
1147817
1147917
1148040
1148193
1148548
1148880
1149021
1149025
1149065
1149159
1149240
1149789
1149880
1150205
1150410
1151068
1151274
1151356
1151476
1151549
1151663
1152412
1152561
1152634
1152762
1152823
1153194
1153266
1153922
1153977
1154200
1154576
1154808
1154897
1155011
1155163
1155327
1155618
1155664
1155803
1156412
1156656
1156802
1157253
1157618
1158127
1158567
1158588
1158804
1159452
1159484
1159697
1159754
1160383
1160500
1160937
1161063
1161389
1161876
1161952
1162449
1162595
1163139
1163164
1163542
1163957
1163989
1164136
1165070
1165236
1166086
1166609
1166861
1166946
1167132
1167197
1167398
1167453
1167543
1167820
1168199
1168532
1168894
1169673
1169881
1170036
1171062
1171239
1171262
1171749
1172566
1173583
1173864
1174231
1175043
1175047
1175135
1175370
1175487
1176067
1176579
1176583
1176584
1176721
1176937
1177053
1177176
1177666
1177914
1178202
1178277
1178366
1178721
1178916
1179068
1179712
1180393
1180920
1181171
1182221
1182527
1182747
1182859
1183611
1183910
1184757
1184827
1185498
1185562
1185629
1185881
1186617
1187202
1187215
1187407
1187568
1188006
1188494
1188526
1188667
1188866
1188877
1188911
1189459
1189976
1190223
1190490
1190571
1190612
1190697
1191322
1192336
1192788
1194486
1194875
1195294
1196020
1196158
1196354
1197155
1197202
1197279
1197338
1197847
1197907
1198060
1198288
1198603
1198724
1199685
1200479
1200493
1200610
1202119
1202189
1202194
1202304
1202531
1202972
1203138
1203409
1203678
1204131
1204210
1204628
1204778
1205334
1205938
1205971
1206238
1206357
1206557
1206849
1206912
1207433
1207666
1208268
1208609
1208825
1209031
1209036
1209255
1209643
1209781
1209847
1210072
1210365
1210836
1211193
1211633
1212765
1212844
1213531
1213655
1213827
1214069
1214317
1214548
1214761
1215000
1215123
1215343
1215635
1215668
1216073
1216193
1217219
1217785
1219704
1219716
1219736
1220328
1220392
1220734
1220756
1222278
1223081
1223637
1223756
1223817
1224182
1224635
1224722
1225515
1225806
1225833
1226587
1226949
1227513
1229375
1229453
1229545
1229915
1230212
1230405
1230693
1230803
1231170
1231199
1231437
1231560
1231960
1232194
1232530
1232656
1232697
1233231
1233430
1233808
1234307
1234656
1235343
1235513
1235802
1236186
1236692
1237271
1237440
1237572
1237639
1238068
1238251
1238373
1238462
1239053
1239397
1239524
1240002
1240160
1240192
1240650
1240898
1241217
1241356
1241436
1242219
1242264
1242506
1243251
1244064
1244068
1244254
1245345
1246708
1247745
1248056
1248775
1248919
1249262
1249394
1249490
1249721
1249883
1251146
1251168
1251460
1251657
1251854
1252122
1252690
1252845
1253878
1253935
1253942
1254121
1254628
1255385
1256856
1257494
1257562
1257827
1258036
1258049
1258096
1258102
1258288
1258361
1258403
1258724
1258856
1258909
1259101
1259413
1259922
1260209
1260247
1260306
1260311
1260354
1260410
1261120
1261302
1261353
1261683
1261688
1261892
1261947
1261999
1262309
1262493
1262620
1262904
1263801
1264301
1264498
1265514
1265597
1265659
1265681
1265888
1266687
1267547
1268082
1268925
1269097
1270091
1270855
1271759
1272044
1272445
1273492
1274320
1274367
1274374
1275031
1275223
1275291
1275384
1275495
1275573
1275658
1275717
1276814
1276879
1277623
1277655
1277756
1278170
1279290
1279336
1279475
1279501
1279795
1280174
1281019
1281021
1281102
1281619
1282264
1282276
1282670
1282699
1282716
1283000
1283074
1283244
1283811
1283960
1284332
1285229
1285329
1285389
1285450
1285629
1285711
1285762
1286606
1286608
1287318
1287472
1287494
1287709
1287881
1288138
1288139
1288659
1288723
1288769
1288771
1288823
1289119
1289410
1289735
1289891
1290030
1290412
1290488
1290778
1290833
1291132
1291777
1292085
1292095
1292323
1292883
1292999
1293461
1294292
1294628
1295056
1295645
1296469
1296823
1296829
1297096
1297316
1297745
1297875
1298307
1298460
1298855
1299521
1299534
1299937
1302339
1302427
1302830
1303214
1303421
1303552
1303642
1303827
1304246
1304401
1304475
1304794
1305257
1305554
1305606
1305983
1306289
1306537
1306875
1306997
1307340
1307437
1307502
1307574
1307684
1308143
1308360
1308541
1308841
1309141
1309196
1309379
1309409
1309905
1309973
1310598
1311020
1311068
1311188
1311197
1311332
1311976
1312111
1312125
1312411
1312522
1312753
1313105
1313794
1313879
1314232
1314409
1314607
1315109
1315667
1315701
1315840
1316126
1316275
1316927
1316947
1317020
1317427
1317469
1317515
1318083
1318157
1318545
1318583
1318584
1318626
1318662
1318897
1319722
1319953
1320076
1320359
1321293
1322052
1322193
1322633
1322649
1322878
1323309
1323750
1324092
1324702
1325213
1325372
1327445
1327454
1327658
1328629
1329117
1329398
1330810
1330908
1330925
1331206
1331447
1331986
1332364
1333179
1333186
1334111
1334276
1334388
1334414
1334560
1334911
1335915
1336653
1336671
1336950
1337040
1337259
1337311
1337625
1337653
1337741
1338079
1338210
1338216
1338460
1338687
1339246
1339377
1340099
1340468
1340629
1340769
1340784
1340815
1340935
1341078
1342949
1343056
1343214
1343497
1343654
1343702
1345377
1345639
1345752
1346042
1346515
1346586
1346748
1346781
1347006
1347168
1347341
1347742
1347773
1347964
1348268
1349381
1350339
1350554
1350994
1351791
1352580
1353371
1353779
1353990
1354748
1355201
1355651
1357221
1357469
1357501
1357538
1357657
1357809
1358321
1358635
1359014
1359419
1359537
1359602
1359774
1359866
1359983
1360198
1360247
1360297
1360701
1361042
1361262
1361353
1361599
1361713
1361874
1362030
1362035
1362286
1362316
1362890
1363213
1363259
1363954
1364029
1364879
1365333
1365583
1366206
1366466
1367663
1367937
1368943
1369031
1369181
1369338
1369577
1369699
1369718
1369849
1370860
1371466
1371532
1371721
1372003
1372010
1372250
1372665
1373249
1373670
1373764
1374098
1374267
1374388
1374408
1375051
1375529
1376171
1377130
1377571
1378436
1378493
1378795
1379577
1379642
1379768
1379849
1380222
1380388
1380589
1380665
1380997
1381212
1381264
1381268
1381334
1381688
1381953
1381982
1382028
1382186
1382363
1382909
1383393
1383822
1384597
1384697
1384704
1385542
1385623
1385684
1385816
1386310
1386505
1386829
1386940
1387028
1387595
1388120
1388278
1388597
1388633
1388638
1388687
1388786
1389708
1390216
1390432
1391260
1391464
1391700
1391774
1392610
1392909
1393078
1393089
1393427
1393531
1393553
1394056
1394260
1394598
1394708
1394825
1394890
1395366
1396094
1396349
1397776
1398550
1399234
1400493
1400616
1400685
1400714
1400890
1401171
1401179
1401824
1401872
1402544
1403438
1403845
1403953
1404383
1404452
1404506
1405239
1405805
1406096
1406399
1406803
1406899
1406903
1407072
1407115
1407201
1407411
1408082
1408103
1408229
1408905
1409137
1409193
1409531
1410377
1410887
1411031
1411193
1411689
1412149
1412289
1412307
1412315
1413359
1413427
1413976
1414230
1414309
1414317
1417414
1417883
1418009
1419636
1419644
1419890
1420101
1420194
1420709
1420772
1420913
1420918
1421013
1421110
1421276
1421732
1421914
1422079
1422542
1422640
1423019
1423181
1423620
1424300
1424327
1424533
1425171
1425259
1426189
1426421
1426603
1426852
1427297
1427324
1427401
1427586
1427743
1428471
1428887
1428894
1429234
1429411
1429526
1429695
1429872
1430230
1430632
1430942
1431004
1431101
1431694
1432052
1432333
1432708
1432930
1433599
1433659
1433944
1434622
1434850
1435618
1435624
1435630
1436066
1436130
1436259
1436686
1436753
1436849
1437337
1437370
1437513
1437940
1438041
1438045
1438512
1438899
1439389
1439427
1440421
1441016
1441022
1441828
1442041
1442519
1442553
1442994
1443622
1443963
1444093
1444169
1444611
1444823
1444847
1445240
1445500
1446673
1447493
1447656
1447906
1448014
1449006
1449609
1450025
1450571
1450594
1450723
1450779
1451363
1451700
1451793
1451949
1452530
1452563
1452630
1452863
1453069
1453369
1453602
1453664
1454107
1454619
1454907
1455085
1455616
1455694
1456268
1456318
1456508
1457217
1457352
1458239
1458276
1458329
1458569
1458756
1459204
1459699
1459729
1459783
1459845
1459974
1460425
1460429
1460461
1460539
1460708
1460898
1461904
1461979
1462022
1462295
1462430
1462919
1464212
1464246
1465337
1465970
1466258
1466279
1466416
1466499
1466924
1466996
1467301
1467811
1468138
1468509
1468947
1469052
1469201
1469658
1469733
1470127
1470685
1470762
1470765
1471004
1471245
1471430
1471501
1471940
1472067
1472581
1472599
1472747
1472895
1473521
1473820
1474120
1474541
1474553
1474630
1474726
1474998
1475015
1475050
1475268
1475604
1475774
1475861
1476108
1476590
1476736
1477166
1477338
1477352
1477571
1477664
1477823
1477873
1477975
1478607
1479705
1479907
1480322
1480793
1481000
1482464
1482556
1482812
1483410
1483904
1484075
1484513
1484773
1485283
1485465
1485583
1485967
1486241
1486553
1486660
1487597
1487616
1488078
1488280
1488987
1489559
1490260
1490482
1490502
1490531
1490599
1490988
1491244
1491533
1491588
1491828
1491856
1492015
1492370
1492816
1493371
1493925
1494846
1494970
1495005
1495355
1495388
1495496
1495626
1496348
1497089
1497165
1497774
1497894
1498439
1498513
1499051
1499120
1500513
1501318
1502297
1502852
1503125
1503292
1503984
1504579
1505189
1505334
1505615
1505843
1506212
1506523
1506543
1506766
1506990
1507439
1507475
1507610
1507619
1507781
1507886
1508264
1508838
1508889
1509006
1509137
1509263
1509996
1510367
1510571
1510630
1511028
1511419
1511495
1513192
1513204
1513396
1513586
1513823
1513927
1513932
1514119
1514305
1514316
1514321
1514614
1514812
1515697
1516015
1516288
1516464
1516929
1517157
1517947
1517949
1518077
1518247
1518501
1518568
1518826
1519120
1519168
1519206
1519708
1519923
1519978
1520941
1520965
1521011
1521317
1521495
1521519
1521944
1522055
1522256
1522282
1522664
1522745
1523546
1523567
1524050
1524342
1524613
1525058
1525100
1525248
1525351
1525887
1526049
1526101
1526399
1526941
1526990
1528208
1528220
1528447
1528596
1528914
1529083
1529240
1529303
1529344
1529511
1529953
1530026
1530557
1530833
1531065
1531107
1531203
1531353
1531425
1532132
1532885
1532933
1532951
1533407
1534063
1534311
1534432
1534626
1534775
1535000
1535255
1535293
1535745
1536970
1537100
1537232
1537303
1537453
1537924
1537964
1538113
1538546
1539212
1539932
1540149
1540644
1540988
1541340
1541875
1542271
1542715
1542814
1542863
1543030
1543031
1543250
1543900
1544982
1545409
1545424
1545827
1546554
1546708
1546759
1546817
1546961
1548131
1548393
1548753
1549272
1550217
1550502
1550508
1550666
1550715
1551128
1551628
1551775
1551829
1552300
1552369
1552753
1553332
1553465
1553655
1554320
1554914
1554927
1555317
1555627
1556581
1556729
1556894
1557138
1557242
1557250
1557384
1557838
1557864
1558275
1558281
1558504
1558590
1559174
1559405
1559419
1559616
1560380
1561009
1561369
1562012
1562355
1562721
1562770
1563143
1563588
1564028
1564299
1564467
1565497
1566451
1566832
1567038
1567127
1567392
1567992
1567999
1568375
1568556
1569010
1569104
1569154
1569178
1569328
1569421
1569870
1570155
1571072
1571568
1572198
1572511
1572614
1572993
1573006
1573125
1573593
1573611
1573614
1573716
1573823
1574318
1574358
1575011
1575019
1575642
1575731
1575818
1576083
1576444
1576447
1576600
1576896
1577053
1577447
1577631
1578472
1578557
1578614
1578994
1579384
1579800
1580081
1581064
1581324
1581344
1581565
1581877
1581880
1582395
1582972
1583818
1584140
1584618
1585121
1585539
1585959
1586194
1586610
1586970
1587351
1587676
1587870
1588314
1588686
1588872
1588964
1589715
1589925
1591126
1591678
1592181
1592393
1592559
1592657
1592984
1593223
1594269
1594279
1595592
1596404
1597221
1598263
1598352
1598504
1599089
1599134
1599329
1600356
1600611
1601171
1601203
1601206
1601649
1601878
1602150
1602440
1602798
1603642
1604025
1604541
1604675
1605291
1606100
1606314
1606418
1606634
1606799
1607148
1607364
1607420
1607512
1607640
1608177
1608820
1609071
1609095
1609450
1610026
1610128
1610781
1610984
1611045
1611626
1611742
1613829
1613964
1614068
1614123
1614518
1615008
1615023
1615660
1616538
1616540
1616669
1617605
1618750
1618882
1619929
1620364
1620655
1620729
1620777
1621676
1622762
1622867
1623038
1623292
1623343
1623529
1623545
1624025
1624051
1624241
1624449
1625236
1625239
1625282
1625415
1626154
1626889
1627128
1628772
1628792
1629314
1629570
1630560
1630569
1630639
1630679
1630814
1631217
1631342
1631402
1631751
1631845
1632247
1632341
1632446
1632710
1633373
1633562
1633640
1634265
1634367
1634493
1634688
1635280
1635396
1635469
1635525
1635539
1636714
1636911
1637023
1637641
1637808
1638233
1638271
1638723
1639509
1640154
1640323
1640438
1640556
1640688
1640689
1640742
1641162
1641404
1641616
1642179
1642285
1642376
1642419
1642439
1642915
1643216
1643312
1643347
1643397
1644113
1644550
1644589
1645271
1645444
1645565
1646439
1646721
1646816
1647198
1647750
1647910
1647915
1648077
1648107
1648631
1649223
1650303
1650439
1651571
1652174
1652598
1652760
1652765
1653065
1653093
1653458
1654061
1654184
1654384
1654391
1654557
1654808
1654918
1655067
1656139
1656222
1656468
1656718
1656730
1657530
1657727
1657737
1657868
1658092
1658876
1658884
1658993
1659188
1659396
1659759
1659762
1659845
1660103
1660756
1660805
1660919
1661013
1661095
1662209
1662241
1662601
1663191
1663865
1664190
1664370
1664829
1664887
1665013
1665406
1665575
1666141
1666370
1666731
1667078
1667562
1667959
1668006
1668634
1668664
1668851
1668944
1669041
1669084
1669306
1669930
1669937
1670764
1670860
1671465
1671480
1672010
1672071
1672454
1672591
1672949
1673771
1673808
1673898
1674535
1674556
1675005
1675111
1675294
1675358
1675419
1675706
1675857
1676078
1676362
1676828
1677209
1677753
1678103
1678227
1678523
1678834
1679106
1679369
1679714
1680179
1680379
1680693
1680836
1681127
1681338
1681418
1681424
1681893
1683013
1683421
1683628
1684064
1684405
1684478
1687117
1687174
1687178
1687314
1687483
1687499
1687580
1687858
1688123
1688240
1689134
1689487
1689592
1689625
1689861
1690034
1690621
1692029
1692241
1692248
1692333
1693818
1694411
1694447
1694795
1694805
1694892
1695396
1695422
1696505
1696725
1696954
1697350
1697584
1697643
1698215
1698221
1698455
1699157
1699341
1699385
1699538
1699635
1699656
1699966
1700258
1700314
1701417
1701702
1701934
1702196
1702609
1702668
1702743
1703320
1703633
1703641
1703865
1704274
1704397
1705189
1705364
1705447
1706017
1706455
1706736
1706786
1706844
1707450
1707502
1707797
1707991
1708262
1709257
1709460
1709738
1710841
1711289
1711291
1712013
1712125
1713194
1713650
1713738
1713914
1714639
1715380
1715538
1715551
1715668
1715773
1716122
1716572
1716681
1716850
1717182
1717349
1717461
1718721
1718814
1718869
1719037
1719246
1719264
1719350
1719990
1720109
1720886
1721896
1722695
1722936
1723763
1724132
1724513
1724893
1725217
1725273
1725407
1725550
1726612
1726756
1727125
1728164
1729245
1729341
1729672
1729940
1730162
1730207
1730561
1730806
1732361
1732569
1732822
1734098
1734173
1734335
1734431
1735025
1735499
1735683
1735686
1735742
1735771
1735861
1736110
1736251
1737897
1738020
1738555
1738636
1738728
1738808
1739141
1739679
1739899
1740094
1740956
1741340
1741361
1741663
1741929
1742341
1742355
1742888
1743013
1743386
1743603
1743687
1743992
1744202
1744674
1744689
1744784
1744882
1745288
1745493
1746409
1746611
1746876
1747009
1747203
1747241
1747826
1749179
1749422
1749591
1749826
1749842
1750175
1750522
1750631
1750653
1750725
1751137
1751429
1751725
1751775
1751864
1752037
1752081
1752257
1752958
1753013
1753179
1753246
1753532
1754114
1754616
1754941
1755153
1755423
1755513
1755698
1755702
1755932
1756037
1756186
1756844
1757399
1757896
1758144
1758677
1758875
1758926
1758946
1759156
1759161
1759542
1759850
1760047
1760353
1760410
1761073
1761729
1762400
1762709
1762796
1763482
1763509
1763853
1764162
1764995
1765709
1765841
1765894
1766015
1766249
1766619
1766739
1766927
1767044
1767807
1768586
1768897
1769032
1769408
1769436
1769639
1769958
1771312
1771502
1771651
1771699
1771737
1772302
1772377
1772436
1772451
1772473
1772775
1772784
1773471
1774243
1774282
1775385
1775967
1776234
1776784
1777251
1777375
1777540
1777654
1778400
1779637
1779660
1780198
1780250
1780316
1780537
1780708
1781067
1781196
1781402
1781531
1781796
1781829
1782139
1782786
1782870
1783670
1783827
1784096
1784126
1784529
1785022
1785974
1786072
1786512
1786561
1787389
1788734
1789868
1791188
1791388
1791762
1791940
1792003
1792398
1792505
1792728
1792903
1793034
1793184
1793971
1794070
1794317
1794441
1794770
1795356
1795364
1795532
1795777
1796057
1796062
1796205
1796559
1796600
1796686
1796928
1797242
1797546
1797828
1798479
1798482
1799076
1799187
1799382
1799404
1799435
1800034
1800422
1800757
1800924
1801538
1801763
1801852
1802318
1802482
1802768
1802981
1802988
1803310
1803619
1804179
1804312
1804565
1804846
1805197
1805668
1805807
1805840
1806352
1806900
1807234
1807445
1807446
1807544
1807648
1807761
1808322
1809216
1809430
1809524
1810417
1810466
1810823
1811874
1812267
1812816
1813171
1813422
1813847
1814171
1814201
1814709
1814843
1814893
1815015
1815501
1815653
1815721
1816638
1816714
1816799
1817048
1817053
1817419
1818071
1818238
1818323
1818390
1818472
1819163
1819604
1819836
1821089
1821244
1822536
1822698
1823264
1824202
1825147
1825578
1826262
1827193
1827281
1827540
1827611
1828944
1828999
1829202
1829363
1829457
1829673
1829862
1830233
1830288
1830658
1830916
1831332
1831336
1831461
1831528
1831808
1832180
1832271
1832857
1832866
1832967
1833428
1833532
1833781
1833971
1834018
1834579
1834823
1834833
1834871
1834969
1835020
1835123
1835345
1835709
1835788
1835863
1836061
1836440
1836454
1836708
1836755
1836932
1837343
1837516
1838164
1838530
1838658
1839187
1840318
1840717
1840894
1840949
1841623
1841668
1841975
1842215
1842834
1842974
1843401
1843835
1843939
1844209
1844690
1844707
1844914
1844932
1845558
1846720
1846795
1846845
1847093
1847180
1847583
1847610
1847785
1847908
1848329
1848372
1849361
1849423
1849681
1849796
1849833
1849979
1850217
1851106
1851192
1851208
1851294
1851483
1851884
1852076
1852480
1852543
1852771
1853092
1853611
1853753
1853907
1854612
1854850
1855353
1855630
1855757
1855956
1856158
1856280
1856341
1856590
1857000
1857223
1858016
1858184
1858923
1859271
1859310
1859626
1859914
1860393
1860430
1861131
1861336
1861467
1861535
1861768
1861908
1862262
1862863
1863313
1863580
1863634
1863721
1864287
1864558
1864796
1864906
1864941
1864960
1865162
1865182
1866222
1866725
1866847
1867688
1867841
1868810
1869198
1870653
1872749
1873162
1874540
1874604
1874741
1874922
1875237
1876415
1876697
1877670
1877854
1877880
1877887
1878335
1878422
1878489
1878755
1879419
1880079
1880147
1880264
1880826
1881106
1881386
1881399
1881480
1881624
1881673
1881728
1882942
1883025
1883671
1883947
1884035
1884471
1884876
1884893
1885126
1885159
1885172
1885327
1885783
1886308
1886310
1886903
1887092
1887418
1887524
1887540
1888243
1888816
1888840
1889174
1889657
1889859
1890326
1890332
1890443
1890657
1890766
1890792
1890831
1890887
1891054
1891237
1891441
1891442
1891865
1892040
1893455
1894373
1894419
1894813
1894948
1895101
1895332
1895633
1895845
1895920
1896011
1896289
1896749
1897035
1897281
1897433
1897739
1897936
1898520
1898731
1898964
1898986
1899354
1899452
1899468
1899552
1899592
1899778
1900023
1900128
1900133
1900619
1901354
1901425
1902378
1902676
1903644
1903714
1904267
1904745
1904879
1905142
1905237
1905262
1905584
1905735
1905829
1906041
1906612
1906873
1907118
1907363
1907416
1907859
1908135
1908431
1909216
1909631
1909636
1909833
1909992
1910083
1910663
1910776
1911050
1911105
1912322
1912828
1913031
1913992
1914485
1914842
1914930
1914984
1915471
1915753
1916753
1917555
1917604
1917644
1917652
1917735
1917802
1917924
1917940
1918105
1918142
1918591
1919062
1919191
1919610
1920181
1920263
1920351
1920409
1921569
1921589
1921712
1922158
1922247
1922415
1922519
1922810
1923613
1924216
1924438
1924506
1924542
1924901
1925289
1925571
1925594
1925951
1925992
1926483
1926635
1927036
1927096
1927624
1927817
1927974
1928348
1928517
1928819
1929441
1929531
1929887
1930015
1930808
1930933
1930985
1931015
1931483
1931538
1932293
1932552
1933140
1933345
1933406
1933545
1934082
1934221
1934440
1934493
1935314
1935447
1935660
1936599
1937179
1937661
1937732
1938249
1938633
1938744
1938965
1938993
1939385
1939513
1939790
1940582
1941073
1942016
1942042
1942109
1942940
1942974
1943227
1943319
1943429
1944367
1945190
1946162
1946353
1946814
1947444
1947465
1947599
1947609
1947792
1948321
1948602
1948696
1948890
1948911
1949082
1949540
1949658
1949721
1950383
1951208
1951484
1952825
1953047
1954231
1954553
1954636
1954809
1954882
1954906
1955014
1955223
1955238
1955334
1955853
1955983
1956058
1956138
1957486
1957753
1957842
1958108
1958391
1958530
1958548
1958560
1958616
1958867
1959334
1959676
1959843
1960609
1961440
1961496
1962035
1962058
1962843
1963007
1963217
1963301
1963303
1963603
1964147
1964162
1964476
1965063
1965455
1965733
1965838
1966184
1966543
1967031
1967095
1967295
1967544
1967985
1968884
1969055
1969424
1969434
1969812
1970589
1971907
1972568
1973098
1973137
1973348
1973728
1973837
1973893
1973918
1974005
1974147
1974684
1974939
1975172
1976324
1976506
1976963
1977073
1977209
1977665
1977951
1977992
1978158
1978206
1978467
1978525
1979125
1980079
1980276
1980720
1981022
1981239
1981757
1982044
1982060
1982283
1982495
1982497
1982600
1982615
1982620
1982700
1983565
1983604
1983612
1983705
1983946
1983954
1985360
1985479
1985480
1986136
1986220
1986283
1986547
1986972
1987482
1987548
1987624
1988553
1988992
1989449
1989471
1989902
1990044
1990211
1990361
1990658
1990795
1990917
1990951
1991391
1991507
1991717
1992303
1992431
1992584
1992654
1993462
1993964
1994049
1994143
1994231
1994287
1994357
1994380
1994460
1994575
1994679
1994820
1994982
1995550
1995592
1995697
1996135
1996267
1996995
1997510
1997553
1997661
1997789
1998302
1998692
1998995
1999223
1999602
1999715
1999738
1999777
1999869
2000229
2000554
2000781
2000811
2000839
2001465
2001548
2001966
2002208
2002220
2002651
2002932
2003275
2003885
2004359
2004573
2004647
2004967
2005044
2005219
2005427
2005649
2006111
2006150
2006795
2006955
2007226
2007258
2007488
2007654
2007820
2008732
2008937
2008971
2009150
2009489
2009530
2009661
2010007
2011004
2011234
2011738
2011857
2012084
2012535
2013090
2014013
2014194
2014334
2014567
2014687
2014769
2015162
2015444
2015552
2015682
2015833
2016044
2016293
2016889
2016961
2017239
2017433
2018128
2018211
2018241
2018631
2018973
2019427
2019609
2020071
2020243
2020537
2021260
2021346
2021496
2022170
2022711
2022929
2023607
2023745
2023768
2024044
2024229
2024274
2024304
2024434
2024798
2025834
2026795
2026820
2027241
2027428
2027605
2027968
2028059
2028405
2028617
2028686
2029147
2029474
2029701
2030245
2030640
2030944
2031752
2031920
2032553
2032617
2032849
2033318
2034649
2034964
2035595
2036555
2037095
2037227
2037517
2037524
2037886
2038494
2038689
2038913
2040135
2040299
2040330
2040435
2041189
2041616
2041858
2042113
2042134
2042539
2042587
2043291
2043712
2043938
2043946
2044244
2044413
2044822
2045424
2045599
2045861
2046177
2046412
2046476
2046588
2046634
2046743
2046992
2047057
2047199
2047769
2047890
2047938
2048133
2048218
2048326
2049087
2049514
2049672
2049770
2050164
2050573
2051421
2051599
2051656
2051834
2051966
2052846
2052874
2053235
2053710
2053713
2054397
2054683
2055109
2055208
2055365
2055377
2055501
2055949
2056342
2056797
2057071
2057595
2057667
2057954
2058208
2058567
2059120
2059208
2059997
2060313
2060352
2060510
2060588
2060692
2060781
2060923
2061310
2061873
2062256
2062799
2063551
2064130
2064138
2064254
2064335
2064676
2064742
2065228
2065438
2065455
2065666
2065997
2066221
2066273
2066791
2066842
2067465
2067555
2067658
2068239
2068356
2068416
2068647
2069098
2069267
2069441
2069602
2069702
2070253
2070474
2070570
2070658
2071017
2072118
2072161
2072259
2072618
2072812
2073146
2073517
2073888
2073936
2074738
2075248
2075340
2075490
2075668
2075694
2075698
2075765
2076140
2076415
2077999
2078239
2078499
2079265
2079395
2079539
2079753
2079946
2080157
2080274
2080400
2080401
2080474
2080657
2080724
2080749
2080908
2081049
2081371
2081667
2081888
2082213
2082542
2082590
2083494
2083923
2084296
2084585
2085986
2086207
2086585
2086625
2086940
2087104
2087208
2087632
2088172
2088214
2088460
2089255
2089327
2089392
2089629
2089727
2089837
2090149
2090422
2090954
2090996
2091097
2091155
2093122
2093383
2093538
2093603
2093834
2094140
2094470
2095240
2096073
2096557
2096949
2096989
2097309
2097465
2098697
2098780
2099063
2099115
2099555
2099700
2100150
2100248
2100516
2100558
2100848
2101312
2101653
2101683
2102266
2102973
2103050
2103212
2103263
2103623
2103644
2103926
2104678
2104760
2104799
2105034
2105052
2105308
2105601
2105621
2105739
2105946
2106050
2106348
2107114
2107402
2107535
2107564
2107582
2108360
2109275
2109423
2109547
2110122
2110567
2111606
2111662
2111672
2112779
2112980
2114110
2114654
2114881
2116166
2116479
2116582
2117161
2117595
2117609
2117675
2117709
2117797
2118057
2118110
2118324
2118394
2119521
2120163
2120293
2120301
2120810
2121292
2122432
2122680
2122702
2122995
2123159
2123163
2123716
2124062
2124261
2124389
2124493
2125845
2126136
2127009
2127334
2127502
2127522
2127603
2127625
2128361
2128398
2128402
2128764
2129543
2130458
2130670
2130759
2131298
2132369
2132588
2132589
2132681
2132782
2133286
2133384
2133526
2133968
2134912
2134978
2134997
2135014
2135612
2135638
2135924
2136055
2136449
2136523
2136752
2137212
2137368
2137391
2137409
2138004
2138181
2138239
2138612
2138632
2139044
2139087
2139200
2139712
2139983
2139987
2140029
2140290
2140583
2140594
2141035
2141084
2141182
2141185
2142056
2142206
2142298
2142498
2143059
2143071
2143438
2143451
2143495
2143742
2144281
2144339
2144785
2145066
2145600
2146242
2146289
2146442
2146606
2146869
2146883
2147539
2148190
2148427
2148745
2149169
2150254
2150566
2150588
2150594
2150614
2150843
2151048
2151162
2151834
2152485
2152947
2153146
2153204
2153315
2153475
2154648
2154838
2154880
2157148
2157397
2158282
2158600
2158883
2159133
2159235
2159553
2160017
2160340
2160678
2161448
2161781
2162157
2162390
2162495
2162725
2162772
2163649
2163656
2164259
2164608
2164841
2165152
2165646
2165840
2166132
2166797
2167018
2167608
2167653
2167686
2167886
2167916
2167921
2168054
2168140
2168558
2168580
2168629
2168749
2168857
2169891
2169898
2170036
2170166
2170740
2170956
2171155
2171263
2171549
2171683
2171878
2172449
2173563
2173657
2173811
2173990
2174131
2174486
2174582
2174822
2174836
2175548
2176080
2176262
2176427
2176692
2177011
2177078
2177416
2177799
2177862
2177953
2178041
2178342
2178956
2179315
2179468
2179496
2179738
2179880
2179998
2180069
2180380
2180478
2180482
2180540
2180597
2180869
2181432
2182457
2182822
2182870
2183297
2183382
2184071
2184609
2184691
2185443
2185565
2185990
2186599
2186697
2186881
2187158
2187198
2187354
2187401
2188304
2188412
2189003
2189790
2189836
2189913
2190449
2190499
2190635
2190823
2190831
2191249
2191834
2192069
2192182
2192538
2192926
2193097
2193115
2193213
2193569
2193601
2193818
2194302
2194483
2194494
2194722
2195170
2195425
2195765
2195873
2196098
2196393
2196604
2197367
2197433
2198056
2198078
2198352
2199179
2199365
2199684
2200024
2201532
2201782
2201903
2202498
2202542
2202795
2202950
2202959
2203668
2203896
2204218
2204462
2204477
2204609
2204689
2204720
2205521
2205669
2205772
2206199
2206489
2207846
2207938
2208091
2208491
2209535
2210017
2210222
2210299
2210324
2210349
2210525
2210976
2211398
2211895
2212368
2212386
2212778
2213123
2213149
2213847
2214089
2214747
2214901
2214938
2215678
2216207
2216949
2217172
2217539
2218412
2218652
2219086
2219169
2219531
2219616
2220181
2220480
2220605
2220664
2220707
2221126
2221469
2221525
2221749
2221750
2221989
2222218
2222255
2222371
2222713
2222716
2222753
2222943
2223007
2223310
2223541
2223874
2223950
2224181
2224216
2224723
2224770
2225473
2225852
2226225
2227022
2227048
2227168
2227641
2227774
2228343
2229413
2229427
2229605
2229610
2229751
2229987
2230232
2230238
2230522
2230750
2230926
2231228
2231355
2231460
2231531
2231815
2232213
2232478
2232714
2232767
2232956
2232985
2233642
2234401
2234641
2234740
2234771
2234869
2235002
2235008
2235416
2235769
2235782
2236229
2236372
2236806
2237155
2238358
2238725
2238819
2238946
2239876
2240160
2240560
2242495
2242609
2242638
2243412
2244004
2244088
2244323
2244523
2244985
2245421
2245782
2246112
2246541
2246983
2247077
2247187
2247358
2248586
2248866
2248888
2249728
2249836
2249986
2250209
2250430
2250534
2251480
2251516
2252259
2252293
2252907
2253376
2253782
2254079
2254480
2254699
2255376
2255479
2255487
2256024
2256304
2256721
2257163
2257267
2257336
2257425
2257520
2258149
2258544
2259922
2259949
2260055
2260428
2260451
2260494
2261372
2261870
2261952
2262095
2262616
2262932
2263087
2263228
2263285
2263453
2263460
2263569
2263646
2263708
2263733
2263770
2264298
2264572
2265280
2265786
2266368
2266952
2267249
2267813
2268643
2268647
2269009
2270063
2270130
2270856
2271117
2271563
2271754
2272303
2272642
2272811
2272957
2273064
2273244
2273271
2273385
2274017
2274183
2274244
2274656
2274719
2274873
2274920
2275731
2275732
2275820
2276083
2276406
2276439
2276450
2278029
2278297
2278535
2278725
2278764
2279116
2279144
2279261
2279529
2279618
2279733
2280498
2280606
2281531
2281583
2281849
2282316
2283080
2283099
2283843
2283855
2284076
2284679
2285121
2285343
2285890
2285993
2286205
2286362
2286942
2287161
2287221
2287335
2287610
2287927
2287957
2288422
2288485
2288563
2288830
2289382
2289661
2289669
2289699
2289759
2290922
2290950
2290954
2292174
2292231
2292238
2292325
2292466
2293302
2293766
2294056
2294820
2294868
2295208
2295233
2295414
2295458
2295539
2295603
2295741
2295946
2296532
2297826
2297892
2297931
2298132
2298150
2298256
2298344
2298504
2298619
2298707
2298734
2299270
2299766
2299861
2300176
2300318
2300540
2300667
2301197
2301838
2301855
2302775
2302956
2303122
2303937
2304621
2305758
2306320
2306705
2307073
2307451
2309213
2309581
2309706
2309735
2310049
2310087
2310226
2310514
2311334
2311492
2311806
2312189
2312358
2312814
2313135
2313281
2313403
2313441
2313481
2313609
2313731
2313849
2314007
2314016
2314240
2314314
2314359
2314433
2314571
2314734
2314833
2315349
2315526
2315633
2316239
2316398
2316402
2316441
2316653
2317480
2319617
2319997
2320656
2320941
2321180
2321405
2321465
2321521
2322317
2322515
2323254
2323262
2323833
2323880
2323914
2324448
2325288
2325730
2326382
2327543
2327550
2327831
2328214
2328560
2328616
2329069
2329749
2329872
2329925
2330613
2330743
2331028
2331725
2331796
2332261
2332487
2332791
2332984
2333167
2333280
2333317
2333538
2334091
2334393
2335246
2336246
2336436
2336507
2336660
2336761
2337138
2337419
2337553
2337618
2338001
2338677
2339045
2339068
2340816
2341045
2341373
2341914
2342568
2343620
2343629
2343652
2343665
2343711
2343867
2343973
2346740
2346878
2347337
2347408
2347650
2347984
2348022
2348040
2348290
2348341
2348388
2348540
2348757
2348802
2349240
2349979
2350042
2350206
2350233
2350436
2350506
2350642
2351070
2351286
2351840
2351926
2353013
2353095
2353863
2353905
2354131
2354142
2354144
2354342
2355144
2355914
2356579
2357012
2357288
2357388
2357968
2358232
2358722
2358868
2359339
2360022
2360142
2360207
2360884
2361242
2361317
2361361
2361674
2361682
2362694
2362904
2362926
2364228
2364321
2364435
2364452
2364614
2364847
2364891
2364930
2364977
2365210
2365322
2365521
2365849
2365908
2366470
2366539
2366795
2367185
2367526
2367674
2367846
2367937
2368321
2368424
2368428
2368555
2368756
2369263
2370039
2370443
2371023
2371602
2371953
2372135
2372520
2372909
2373385
2373621
2373679
2373983
2374066
2374730
2374828
2375042
2376092
2376856
2377652
2377832
2377911
2378138
2378861
2379140
2379266
2379748
2379826
2379940
2379967
2380651
2381299
2381401
2381446
2381489
2381574
2381620
2381635
2381740
2381935
2382025
2382810
2382967
2383851
2384114
2384585
2384602
2384951
2384962
2385055
2385863
2385868
2385886
2386113
2386140
2386144
2386221
2386318
2386368
2387608
2387852
2387875
2388536
2388638
2389016
2389045
2389261
2389445
2389794
2390576
2390709
2390775
2391088
2391265
2391410
2391586
2391696
2391765
2391820
2392527
2392905
2393095
2393905
2394338
2394380
2394478
2394561
2394718
2394790
2395055
2395646
2396037
2396415
2396599
2397374
2397493
2398526
2399519
2400055
2400154
2400280
2400731
2400825
2401259
2401473
2401769
2402090
2402147
2402158
2402526
2403384
2403570
2403758
2403927
2404156
2404362
2404636
2405390
2405695
2405886
2405898
2406020
2406561
2406614
2406992
2407157
2407240
2407394
2407865
2408194
2408255
2408440
2408761
2408938
2409310
2409456
2409953
2410283
2410597
2410949
2411070
2412090
2412171
2412283
2412336
2412932
2413639
2413905
2413948
2414455
2414507
2414723
2414873
2415261
2415271
2415276
2415877
2416271
2416993
2417163
2417372
2418639
2419290
2419581
2419651
2420040
2420420
2420996
2422022
2422247
2422958
2422960
2423703
2423907
2423974
2424347
2424422
2425003
2425610
2426702
2426960
2427445
2427699
2427938
2427967
2428266
2428840
2429204
2429226
2429534
2429547
2430164
2430465
2430629
2430768
2431569
2431629
2431912
2432477
2433045
2433121
2433389
2433407
2433423
2433509
2433575
2433610
2433950
2434525
2435157
2435182
2435264
2435778
2435859
2436132
2436683
2436910
2437057
2437576
2437706
2437815
2438564
2438782
2438788
2438864
2439799
2440369
2440561
2440723
2440838
2441198
2441229
2441513
2442079
2442207
2442295
2442735
2443062
2443446
2444234
2444270
2444539
2444665
2444876
2445183
2445628
2445788
2445915
2446774
2446934
2446961
2447265
2447664
2448053
2448938
2449273
2449440
2449577
2449771
2450159
2450708
2451367
2451470
2451555
2451625
2451704
2451919
2452053
2452441
2452517
2452606
2453183
2453385
2454050
2454243
2454365
2454501
2454650
2454974
2455226
2455678
2455861
2456061
2456117
2456248
2456306
2456644
2457445
2457531
2457672
2457923
2457968
2458271
2458534
2458630
2459288
2459599
2459601
2459765
2460114
2460467
2460519
2460552
2460910
2461068
2461445
2461862
2462020
2462111
2462302
2463110
2463204
2463718
2464270
2464276
2464837
2464899
2466340
2466465
2467309
2467977
2468286
2468468
2468616
2469777
2469868
2470049
2470318
2471216
2471395
2472615
2472666
2473262
2473289
2473529
2474061
2474099
2474123
2474773
2474846
2475333
2475639
2475854
2476009
2476737
2476801
2477063
2477121
2477307
2477442
2477499
2477805
2477953
2478406
2478564
2478699
2478765
2479245
2479722
2480336
2480585
2481076
2481262
2481327
2481463
2481918
2482810
2482811
2482830
2483140
2483294
2483589
2483775
2483858
2484230
2484652
2484736
2484818
2485478
2485596
2485659
2485992
2486072
2486150
2486157
2486796
2486919
2486984
2487747
2487904
2488791
2490143
2490186
2490249
2490444
2490543
2490547
2491454
2491518
2491607
2491647
2491734
2491952
2492226
2492310
2492618
2492628
2493724
2494168
2494170
2494232
2494982
2495072
2495872
2495957
2495991
2496559
2496593
2496679
2496787
2497755
2498237
2498400
2498625
2498956
2499193
2499817
2499904
2499953
2500187
2500617
2500641
2501111
2501309
2501792
2501814
2501976
2502338
2502518
2502618
2502983
2503128
2503479
2503684
2504733
2504744
2504918
2505385
2505408
2505559
2505574
2505905
2506054
2506232
2506396
2506817
2506931
2506937
2506985
2507216
2507563
2507838
2508223
2508636
2508854
2508972
2509075
2509185
2509556
2509889
2510114
2510173
2510938
2511230
2511846
2512492
2512791
2512964
2513252
2514260
2514315
2514487
2514944
2515516
2515759
2515913
2516546
2516631
2516810
2516969
2517278
2517481
2517907
2518359
2518482
2518616
2518710
2519542
2519661
2519841
2520072
2520275
2520323
2521383
2521845
2521994
2522000
2522287
2522331
2522703
2522835
2522923
2523674
2523889
2523946
2524502
2524901
2524997
2525051
2525263
2525367
2525749
2525776
2525865
2526226
2526366
2526911
2526979
2527101
2527643
2527693
2527759
2527823
2528346
2528355
2528933
2529001
2529474
2529508
2529716
2529834
2530386
2530573
2530907
2531869
2532355
2532885
2533121
2533537
2534753
2534797
2535210
2535219
2535618
2535940
2536172
2536189
2536235
2536317
2537062
2537826
2537901
2538082
2538100
2538155
2538177
2538332
2538414
2539344
2540168
2540208
2540238
2540250
2540281
2540491
2540747
2541140
2541262
2541604
2541969
2542305
2542317
2542380
2542905
2543276
2543325
2543339
2543925
2543997
2544728
2544971
2545129
2545217
2545761
2545940
2546129
2546284
2546320
2546654
2546728
2546896
2546960
2547116
2547201
2547463
2547648
2548011
2548084
2548599
2548758
2548790
2549798
2549929
2550491
2550739
2551370
2551532
2551960
2551985
2552087
2552321
2552862
2552943
2553670
2554322
2554331
2554618
2554735
2554765
2555163
2555214
2556282
2556417
2557441
2557521
2558005
2558481
2558540
2558626
2558692
2558745
2559000
2559243
2559671
2559880
2559932
2560067
2560413
2561294
2561539
2561617
2561626
2561759
2561822
2561979
2562205
2562876
2563391
2563717
2565082
2565671
2566607
2566747
2566791
2567528
2567561
2567761
2567962
2568107
2568121
2569284
2569395
2570663
2571313
2571700
2571705
2571746
2571755
2572248
2572979
2573178
2573706
2574257
2574550
2575308
2575504
2575678
2575802
2576073
2576467
2576652
2576674
2577235
2577402
2577405
2577421
2577641
2577660
2578019
2578079
2578504
2578716
2578854
2579188
2579471
2579996
2580198
2580563
2580640
2580715
2580805
2581203
2581521
2581603
2581753
2582083
2582209
2582278
2582437
2583171
2583306
2583568
2583874
2583947
2584238
2584242
2584286
2584616
2584669
2584704
2584870
2586200
2586415
2586759
2586771
2587492
2587780
2587789
2588212
2588332
2588401
2588426
2588972
2589010
2589116
2589550
2589816
2589911
2590317
2591286
2591596
2592061
2592332
2593093
2593686
2593694
2594396
2595858
2595984
2596091
2596104
2596551
2596637
2596686
2596816
2596831
2596900
2597482
2597533
2597736
2598032
2598044
2598400
2598612
2599245
2599706
2599991
2600000
2600399
2601313
2601650
2601807
2601822
2601979
2602254
2602384
2602447
2602671
2603064
2603569
2603713
2603983
2603998
2604008
2604352
2605246
2605341
2606274
2606448
2606904
2607417
2607463
2607480
2607698
2608300
2608516
2608960
2609296
2609411
2609931
2609954
2610433
2611188
2611490
2611901
2612720
2613120
2613245
2613494
2614311
2614736
2614844
2614907
2615131
2616431
2616800
2616936
2617800
2617834
2618021
2618110
2618297
2618299
2619375
2620164
2620318
2620732
2621380
2622432
2622723
2623231
2623280
2623321
2623483
2624188
2624291
2624491
2624637
2624644
2624708
2624844
2624960
2626165
2626174
2626393
2626760
2626853
2627076
2627211
2627381
2628197
2629007
2629300
2629496
2629984
2630147
2630711
2631540
2631648
2631851
2632155
2632179
2632760
2632802
2632865
2633011
2633094
2633123
2633125
2633327
2633872
2634348
2634465
2634768
2635119
2635433
2635601
2635626
2636412
2636542
2636679
2637036
2637696
2637769
2637884
2638375
2638481
2638531
2638598
2638744
2639372
2639733
2640475
2641039
2641305
2641546
2641643
2641886
2641994
2642068
2642374
2642478
2643026
2643188
2643218
2643234
2643461
2644342
2644445
2644778
2645112
2645477
2645494
2645954
2646167
2646586
2646591
2646910
2647463
2648196
2648507
2648592
2649258
2649463
2649615
2649656
2649666
2649786
2649806
2649883
2650695
2650704
2650880
2651280
2651284
2651566
2651681
2651759
2651987
2652105
2652714
2652721
2652738
2653676
2653822
2653824
2653848
2654024
2654398
2654444
2655746
2656056
2656120
2656296
2656577
2656652
2657117
2657147
2657189
2657809
2657873
2658663
2659145
2659168
2659188
2659326
2659674
2659918
2659944
2660130
2660646
2660661
2661556
2661732
2662230
2662919
2663703
2663770
2663797
2664064
2664221
2664282
2664298
2664585
2665122
2665166
2666299
2667093
2667099
2667926
2668399
2668412
2668729
2669135
2669521
2669871
2670711
2671485
2671644
2672317
2672762
2672960
2672988
2674608
2674778
2675127
2675235
2675267
2675322
2675324
2675928
2676152
2676294
2676873
2677315
2677680
2678360
2679081
2679346
2679456
2679874
2679993
2679994
2680601
2680768
2680889
2681204
2681609
2682380
2682990
2683567
2683721
2683966
2684004
2684092
2684106
2684305
2685221
2685303
2685651
2685972
2686356
2686513
2686890
2686931
2687335
2687540
2687627
2687777
2688289
2689076
2689090
2689879
2692001
2692157
2692494
2692514
2692566
2693367
2693627
2693960
2694827
2695171
2695330
2695476
2695879
2696137
2696438
2696623
2697054
2697095
2697161
2697271
2697552
2697609
2697768
2698167
2698647
2698668
2698761
2699532
2699910
2700268
2701271
2701745
2701850
2701867
2702044
2702252
2702449
2702512
2702797
2703718
2703836
2704084
2704327
2704656
2705123
2705562
2705581
2706418
2706708
2706768
2707036
2707550
2707761
2708181
2708662
2709083
2709419
2710265
2710267
2710328
2711007
2711158
2711226
2711288
2712030
2712232
2712399
2712404
2712507
2713292
2713457
2713618
2713647
2713724
2714284
2714576
2714778
2715099
2715119
2715228
2715371
2715706
2716265
2716629
2716782
2716881
2717000
2717004
2717351
2717647
2717702
2718322
2718426
2718566
2720872
2720918
2721422
2721460
2721624
2721723
2721780
2722005
2722498
2722571
2722607
2722944
2723226
2724034
2724038
2724281
2725703
2725736
2725808
2725862
2726187
2727048
2727181
2727494
2727890
2728082
2728096
2728385
2728461
2728820
2729361
2730530
2730717
2731584
2731624
2732077
2732159
2732237
2732246
2732467
2732659
2733308
2733489
2734316
2734337
2734936
2735387
2735708
2735970
2736018
2736072
2736144
2736236
2736441
2736510
2736605
2736688
2736694
2736783
2737019
2737515
2737871
2738343
2738439
2738447
2739115
2739167
2739186
2739242
2739573
2739630
2739672
2739753
2739916
2740031
2740821
2740879
2741014
2741150
2741313
2741392
2742183
2742222
2742524
2742530
2742544
2742966
2743112
2743828
2744796
2744800
2744950
2745327
2745406
2745498
2745588
2745632
2746121
2747019
2747602
2747845
2748725
2748737
2748865
2748915
2749078
2749201
2749791
2749815
2750382
2750857
2750940
2751019
2751541
2751726
2752131
2752160
2752782
2752880
2752978
2753313
2753491
2753607
2753833
2754233
2755078
2755118
2756092
2756158
2756413
2757022
2757355
2758123
2758129
2758314
2758614
2759008
2759804
2760340
2760568
2760694
2760854
2760886
2760999
2761273
2761584
2761693
2761708
2762212
2762236
2762690
2762872
2763568
2764060
2764118
2764401
2764548
2765223
2765602
2765623
2765638
2765757
2765793
2766552
2766679
2767367
2768310
2769761
2769956
2770069
2770496
2771212
2771688
2772033
2772191
2772709
2772807
2772854
2773142
2773407
2773474
2773586
2773985
2774125
2774147
2774599
2775006
2775887
2776060
2776323
2776474
2776763
2777073
2777414
2777508
2777967
2778152
2778438
2778667
2778819
2779771
2780488
2781632
2782051
2782170
2782297
2782634
2782719
2782912
2783046
2783234
2783240
2784041
2784221
2784650
2784858
2784861
2785022
2785257
2785459
2785514
2785604
2786184
2786312
2786337
2786435
2787230
2787720
2788136
2788487
2788680
2788812
2788901
2788905
2789164
2789717
2790201
2790405
2790619
2790796
2790963
2791343
2791596
2791964
2792512
2792764
2792913
2792958
2793027
2793045
2793054
2793261
2793520
2793627
2793833
2793997
2794083
2794090
2794577
2794818
2794850
2795134
2795618
2796564
2796635
2796656
2797079
2797109
2798198
2798380
2798937
2799006
2799441
2799464
2800535
2800571
2801268
2801470
2801863
2802143
2802243
2802473
2802864
2802941
2803672
2804531
2804884
2805007
2805098
2805642
2806193
2806218
2806336
2807185
2807238
2808599
2808716
2809058
2809281
2810057
2810217
2811387
2811920
2812078
2812116
2812772
2812870
2813431
2814188
2814334
2815038
2815064
2815579
2816240
2816276
2816339
2816378
2816432
2816522
2816751
2817021
2817575
2817762
2818176
2818372
2818954
2819014
2819175
2819272
2819728
2819886
2820043
2820068
2820240
2821068
2821310
2821475
2822259
2822377
2822575
2823194
2823494
2823551
2823569
2823693
2823709
2823748
2823962
2824076
2824220
2824399
2825013
2825168
2825179
2825620
2825722
2825737
2826035
2826128
2826296
2826441
2826503
2826682
2826821
2826926
2827060
2827261
2828348
2828596
2828908
2829748
2830144
2830175
2830718
2830926
2831205
2831548
2832503
2832609
2832679
2832703
2833134
2833290
2833598
2833810
2834216
2834656
2834711
2835054
2835492
2835738
2835825
2835878
2836422
2836543
2836981
2837125
2837369
2837640
2837846
2838069
2838136
2838460
2839689
2840626
2841365
2841470
2841647
2841810
2842861
2842888
2842894
2842956
2843405
2844056
2844723
2845081
2845362
2846487
2846881
2847033
2847666
2847843
2850451
2851702
2852038
2852582
2852728
2853073
2853176
2853337
2853338
2855526
2855633
2855895
2856375
2856807
2857221
2857504
2857567
2858159
2858360
2858834
2859008
2859406
2859976
2860498
2860603
2860797
2860870
2861068
2861109
2861378
2861479
2861490
2861620
2861678
2863730
2863982
2864421
2864755
2864805
2865044
2865062
2865751
2866004
2866144
2866458
2866683
2866819
2867166
2867175
2867919
2869127
2869170
2869224
2869269
2869354
2869963
2870562
2870718
2870789
2871065
2871613
2871789
2871843
2872224
2872349
2872508
2872625
2873076
2873080
2873304
2873382
2873471
2873625
2874351
2874381
2874401
2875070
2875335
2875568
2875648
2877318
2877434
2878186
2878324
2878810
2878821
2879115
2879357
2879956
2880223
2880294
2880315
2880616
2880808
2881184
2881714
2882249
2882354
2882718
2882804
2882852
2882891
2884341
2884424
2885143
2885475
2885921
2886002
2886012
2888187
2888236
2888506
2888723
2889056
2889636
2889707
2889761
2889847
2889859
2890018
2890077
2890195
2890429
2891056
2891957
2892049
2892207
2892390
2892625
2892869
2892941
2893229
2893371
2893464
2893886
2893907
2894449
2894607
2894653
2894996
2895244
2895470
2895737
2896303
2896670
2896699
2896966
2897660
2897709
2897957
2898292
2898380
2898389
2898433
2898535
2898789
2899074
2901022
2901269
2901449
2901568
2903199
2903465
2903631
2904409
2904459
2904699
2904705
2904723
2905516
2905543
2905574
2905593
2905785
2906303
2907473
2907588
2907860
2908452
2908612
2908687
2909417
2910049
2910513
2910707
2910772
2911570
2911764
2911895
2912997
2913027
2913623
2913894
2913930
2914323
2914639
2916507
2916740
2916812
2917154
2917155
2917441
2917787
2917857
2918579
2918696
2918704
2919687
2919696
2919735
2919967
2920707
2920967
2921405
2923492
2923796
2924011
2924156
2924161
2924172
2924220
2924525
2924945
2925013
2925305
2925489
2926152
2927271
2927469
2927841
2928156
2928502
2928673
2929434
2929600
2930294
2930957
2930965
2931191
2931647
2931727
2931751
2932102
2932292
2932928
2933037
2933440
2933533
2933839
2934303
2934580
2934649
2934853
2935035
2935715
2936705
2936815
2936829
2937048
2937443
2937828
2938136
2938321
2938742
2938752
2938758
2939231
2939576
2940392
2941211
2941320
2941382
2941537
2941639
2942341
2942430
2942835
2943567
2943783
2944373
2944379
2944763
2946687
2946738
2946796
2947051
2947685
2947862
2948407
2949031
2950625
2950746
2951910
2951999
2952041
2953443
2953847
2955155
2955888
2955927
2956302
2956623
2956952
2957870
2958058
2958377
2958392
2958531
2958986
2959191
2959361
2959532
2959539
2959540
2959641
2960171
2961671
2961946
2962475
2962517
2962822
2963053
2963330
2963542
2963614
2963683
2963808
2963878
2964094
2964138
2965113
2965311
2965430
2965921
2966132
2966215
2966510
2966639
2967342
2968051
2968308
2968373
2968900
2969151
2969543
2971177
2971593
2972011
2972063
2972432
2972864
2972936
2973378
2973819
2973998
2974088
2974302
2974473
2974565
2974819
2975419
2975820
2976079
2976196
2976367
2976719
2976725
2976770
2976886
2977481
2977770
2977803
2978597
2978653
2979204
2979411
2979642
2980044
2980287
2980712
2980756
2981050
2981372
2981582
2981919
2982693
2983046
2983221
2983395
2983474
2983721
2983764
2984255
2984306
2984499
2984550
2984938
2985220
2985997
2986121
2986418
2986431
2986536
2987376
2988186
2988538
2988615
2988666
2988692
2989702
2990580
2990693
2991623
2991793
2991807
2992795
2993271
2993289
2993777
2994113
2994320
2996064
2996698
2997453
2997538
2997826
2997865
2998050
2998846
2998863
2999276
2999390
2999852
3000142
3000328
3000542
3001522
3001719
3001775
3002207
3002226
3002244
3002460
3002525
3002594
3003346
3003933
3004021
3004131
3004669
3004855
3004877
3005036
3005190
3005313
3005334
3005335
3005871
3005990
3007112
3007343
3007384
3007467
3008245
3008265
3008517
3009155
3009375
3009608
3009861
3009922
3010055
3010265
3010466
3010599
3011397
3011645
3011805
3011893
3011916
3011967
3012031
3012592
3012624
3012743
3012746
3013661
3014237
3014449
3014505
3015392
3015522
3015911
3017265
3017383
3017413
3017678
3017881
3018021
3018232
3018433
3018567
3018609
3019005
3019513
3019712
3020439
3021173
3021635
3021902
3021977
3022376
3022731
3023084
3023117
3023229
3023325
3023479
3023746
3023947
3024260
3024722
3024897
3025055
3025282
3025631
3025687
3025834
3026684
3026685
3026699
3026950
3028639
3029919
3030203
3030252
3030667
3030687
3031348
3031349
3031431
3032386
3033251
3033625
3034069
3034150
3034190
3034352
3034807
3034961
3035001
3035075
3035438
3035747
3036671
3036784
3037168
3037184
3037300
3037476
3037530
3038145
3038358
3039693
3040060
3040127
3040418
3040450
3040639
3041479
3041824
3041884
3042302
3043243
3043829
3044186
3044245
3044257
3044536
3045007
3045164
3045308
3045738
3045881
3046743
3046746
3047081
3047146
3047176
3047330
3047333
3047407
3047653
3048145
3048223
3048667
3048896
3048902
3048972
3049258
3049371
3049738
3049942
3050394
3051030
3051250
3051471
3051772
3051925
3051944
3052116
3052123
3052802
3052982
3053166
3054253
3054529
3054539
3054553
3055067
3055208
3055770
3055849
3055921
3056045
3056511
3056787
3056876
3057522
3057621
3057875
3057948
3058607
3058838
3059106
3059124
3059488
3059647
3060224
3060289
3060460
3061559
3061618
3061681
3061709
3061952
3061994
3062443
3062518
3062796
3063066
3063522
3063601
3063709
3064184
3064358
3064749
3064892
3065373
3065508
3065593
3066294
3066456
3066784
3066958
3066963
3067118
3067290
3067837
3067850
3068026
3068507
3069028
3069169
3069313
3069362
3069605
3070243
3070871
3070976
3071009
3071105
3071267
3071344
3071358
3071539
3071973
3072298
3072383
3072858
3073236
3073343
3073454
3073944
3073959
3074019
3074294
3074296
3074369
3074413
3074419
3074725
3074844
3075319
3075325
3075464
3076069
3076173
3076247
3077358
3077469
3078315
3079075
3079609
3079907
3080476
3080899
3080901
3081587
3082328
3082349
3082437
3082518
3082824
3082826
3083210
3083236
3083395
3084341
3084467
3084604
3084726
3084887
3085117
3085119
3085552
3085721
3085730
3085886
3086533
3087645
3088086
3088105
3088348
3088370
3088411
3088563
3089013
3089584
3090120
3090193
3090228
3090238
3090293
3090633
3090695
3090751
3091245
3091751
3092632
3092712
3092732
3093223
3093627
3093682
3093837
3093863
3093981
3094063
3094309
3094823
3094922
3095072
3095169
3095540
3095912
3097453
3097654
3097796
3097805
3097863
3097983
3098016
3098017
3098040
3098560
3098883
3099434
3099435
3099472
3099539
3099620
3099639
3099668
3099669
3099814
3100546
3101686
3101897
3101930
3102005
3102098
3102219
3103024
3103213
3103760
3104589
3104692
3104905
3105134
3105691
3106319
3106577
3107053
3107417
3108833
3109279
3110576
3110821
3111120
3112143
3113701
3113955
3114252
3114559
3114623
3114735
3115291
3115633
3115637
3115866
3116394
3116469
3116660
3116910
3117809
3117935
3118066
3118311
3118425
3119410
3119570
3120420
3120620
3121099
3121684
3122106
3122527
3122592
3122624
3122814
3122846
3122847
3123256
3123590
3123643
3123812
3124118
3124247
3124415
3124503
3124890
3125317
3126056
3126138
3126481
3126631
3127634
3128023
3128151
3129021
3129135
3129512
3129771
3129782
3130526
3130603
3131366
3131564
3131801
3132686
3132942
3134040
3134138
3134148
3134875
3135171
3135495
3135536
3135750
3135983
3136239
3136458
3136598
3136813
3137207
3137226
3137280
3137639
3137823
3138661
3138679
3139257
3139305
3139566
3140226
3140347
3140531
3140914
3141855
3142064
3143772
3143854
3143961
3144021
3144039
3144149
3144574
3145062
3145196
3145226
3145355
3145856
3145917
3145951
3146087
3146493
3146787
3146952
3147011
3147060
3147314
3148687
3149307
3149312
3149634
3149637
3149674
3149851
3150062
3150119
3150560
3150984
3151019
3151105
3151145
3151323
3151945
3152149
3152709
3152926
3153050
3153124
3153644
3153935
3153951
3154301
3154566
3154781
3155095
3155142
3155580
3155709
3156482
3156536
3156637
3157200
3157228
3157334
3157517
3157604
3157639
3157732
3158222
3159674
3159798
3159948
3160140
3160262
3160699
3160728
3160794
3161115
3162733
3162848
3163004
3165221
3165534
3165831
3166643
3166983
3167005
3167242
3167292
3168095
3168219
3168634
3169254
3169569
3170790
3170944
3170967
3171012
3171984
3172331
3172483
3172507
3173374
3173488
3174319
3174654
3174711
3174742
3175117
3175345
3175771
3175995
3176196
3176949
3177167
3177510
3177683
3177840
3178146
3178257
3178662
3178961
3179589
3180333
3180590
3180642
3181017
3181125
3181143
3181648
3181720
3182361
3182376
3182870
3183083
3183126
3183131
3183230
3184222
3184271
3185880
3185944
3186071
3186351
3186426
3186876
3187415
3188093
3188132
3188501
3189411
3189438
3189942
3190150
3190185
3190296
3190389
3190920
3191029
3191068
3191599
3191673
3192805
3193381
3193590
3193617
3193714
3193771
3194135
3194875
3195402
3195490
3195585
3195773
3195982
3196653
3196976
3197176
3197419
3197440
3197661
3198026
3198311
3199274
3199340
3200504
3200596
3200822
3200848
3200905
3201063
3201067
3201284
3201758
3201977
3202033
3202036
3202880
3203088
3203174
3203399
3204006
3204256
3204345
3205244
3205725
3205829
3205830
3205920
3206217
3206260
3206423
3206882
3206927
3206967
3207263
3207415
3207489
3207605
3207680
3207704
3208039
3208633
3208919
3209433
3209484
3210217
3210405
3210645
3210683
3210752
3211062
3211790
3212564
3212718
3212830
3213046
3213377
3213597
3213600
3213930
3214220
3214398
3214484
3214591
3214845
3215098
3215293
3215367
3215959
3216125
3218785
3219208
3219213
3219663
3219947
3220107
3221916
3222018
3222239
3222299
3222305
3222644
3223065
3223261
3223516
3223828
3224059
3224730
3225950
3226436
3226809
3227267
3227480
3227680
3228260
3228283
3228349
3228502
3228561
3229013
3230294
3230320
3230463
3230485
3231117
3233101
3233162
3234703
3234732
3234963
3235184
3235247
3235420
3235589
3235829
3235957
3236304
3236459
3236888
3237028
3237103
3237144
3237160
3237464
3238121
3238735
3238864
3238994
3239025
3240987
3241239
3241658
3241745
3241904
3242038
3242133
3242591
3242598
3243535
3244173
3244265
3244582
3245093
3245163
3245826
3246200
3246361
3246503
3246652
3246819
3246822
3246866
3247097
3247195
3247314
3247509
3247876
3248266
3249544
3249604
3249664
3249684
3249686
3250384
3250397
3250762
3250990
3251209
3251878
3252275
3252593
3252842
3252991
3253195
3253422
3253713
3253818
3253965
3254071
3254159
3254588
3254697
3254733
3254849
3254959
3255184
3255217
3255744
3256177
3256664
3256727
3257288
3257298
3257395
3257634
3257969
3258159
3258700
3258891
3259002
3259189
3259300
3259420
3259487
3259786
3260055
3260229
3260406
3260786
3261314
3261360
3261364
3261385
3261412
3261569
3261584
3261627
3261705
3261810
3261901
3262289
3262563
3262647
3262744
3262799
3263652
3263715
3263955
3264249
3264430
3265008
3265333
3265785
3265856
3265922
3266280
3267016
3267189
3267613
3267619
3268080
3268687
3268825
3268984
3268986
3271154
3271754
3272105
3272421
3272587
3272707
3272715
3273064
3273159
3273225
3273359
3274046
3274062
3274450
3274530
3274643
3274760
3275131
3275133
3275209
3275530
3275904
3276182
3276997
3277230
3277442
3277674
3278037
3278115
3278124
3278445
3278870
3279116
3279687
3279741
3279987
3280255
3280305
3280842
3280973
3281194
3281370
3282181
3282386
3282809
3283039
3283040
3283064
3283631
3283731
3283871
3284265
3284325
3284467
3284568
3284659
3284713
3284872
3285102
3285293
3285328
3285603
3285889
3286260
3286349
3286834
3288233
3288587
3288588
3289031
3289441
3289733
3289951
3290079
3290580
3291073
3291611
3292208
3292655
3293021
3293065
3293112
3293680
3294247
3294612
3295857
3295866
3295948
3296687
3297149
3297218
3297314
3297595
3298969
3299482
3300206
3300364
3300412
3300478
3300559
3300637
3300892
3301110
3301599
3301607
3301622
3301760
3301778
3302163
3302798
3302992
3303008
3303717
3303973
3304231
3304419
3305586
3305676
3306182
3306194
3306237
3306276
3306857
3306990
3307086
3307484
3307575
3307785
3308082
3308352
3308461
3308678
3308731
3308789
3308951
3309227
3309280
3309389
3309780
3310078
3310103
3310426
3310564
3310696
3311258
3311273
3311275
3311816
3311857
3311936
3312112
3312272
3313297
3313485
3313531
3313567
3313810
3313836
3314165
3314196
3314698
3315290
3315545
3315972
3316151
3316384
3316455
3316504
3316817
3316841
3317012
3317481
3317965
3318781
3318840
3318924
3318984
3319130
3319586
3319606
3320112
3320154
3320295
3320313
3320329
3320625
3320883
3321657
3321817
3322128
3322159
3322529
3323145
3323154
3323222
3323872
3324743
3324836
3325345
3325559
3325763
3325878
3326177
3326213
3326766
3326974
3327011
3327069
3327249
3327375
3327742
3328087
3328380
3328701
3328759
3328773
3328970
3329291
3329430
3330911
3331095
3331251
3331573
3332181
3332792
3332945
3333403
3333680
3333766
3333804
3334010
3334368
3334513
3334740
3335030
3335568
3335671
3335726
3336303
3336384
3336891
3336926
3336981
3337094
3337484
3337830
3338256
3338923
3339024
3339137
3339219
3339442
3339580
3340125
3340537
3340706
3341271
3342133
3342185
3342228
3342365
3342896
3343300
3344038
3344157
3344181
3344218
3344220
3344424
3344908
3345170
3345749
3345831
3346653
3346930
3347299
3347302
3347967
3348089
3348092
3348887
3349189
3349333
3349582
3349726
3349856
3350167
3350631
3350697
3351043
3351098
3351183
3351449
3352258
3352421
3353504
3353713
3353971
3355003
3355028
3355245
3355496
3355792
3357441
3357599
3358942
3359694
3359793
3359930
3360433
3361550
3362196
3362348
3362456
3363072
3363216
3363310
3363493
3363912
3364173
3364680
3364691
3364718
3364818
3365145
3365514
3365944
3366344
3366951
3367115
3367302
3367895
3367901
3368293
3368331
3368426
3368573
3368616
3368801
3369522
3369606
3370024
3370432
3370613
3370633
3371062
3371063
3371223
3371287
3371721
3372239
3372284
3372560
3372649
3372912
3372913
3373006
3373072
3373479
3373777
3374382
3374761
3374849
3375090
3375677
3375860
3375974
3376489
3376898
3378149
3378421
3378889
3379166
3380277
3380873
3380937
3381110
3382013
3382205
3382423
3382443
3382475
3382766
3383134
3383248
3383480
3383921
3384456
3384500
3385231
3385641
3385811
3385814
3385817
3385921
3386054
3386396
3386989
3387446
3387490
3387568
3387806
3387886
3387932
3388812
3389715
3389876
3390688
3390806
3390940
3392972
3393280
3393335
3393462
3393518
3393555
3393958
3394232
3394416
3394750
3394830
3394991
3395111
3395931
3395987
3395988
3396362
3396782
3397276
3398013
3398173
3398334
3398504
3398680
3398699
3398706
3398756
3399128
3399146
3399152
3399279
3399367
3399576
3399712
3399852
3399974
3400091
3400345
3400512
3400535
3401354
3401805
3402113
3402198
3402214
3402259
3403386
3403635
3403880
3404099
3404961
3405164
3406126
3406156
3406507
3406599
3406712
3406736
3407048
3407126
3407890
3408027
3408811
3409174
3409271
3409595
3410195
3410295
3410457
3410553
3410852
3411948
3412350
3412473
3412639
3412829
3412850
3413158
3413809
3414121
3414268
3414749
3414750
3414804
3414967
3415030
3415032
3415102
3415535
3416310
3416817
3417003
3417220
3417769
3417892
3417947
3418164
3418839
3418889
3419077
3419107
3419186
3419578
3419784
3419949
3420048
3420662
3420806
3421058
3422372
3422611
3423379
3423820
3424420
3424463
3425200
3426319
3426372
3426589
3426601
3427033
3427060
3428484
3428544
3428780
3429547
3429850
3430107
3430333
3430610
3430858
3431550
3431671
3432214
3432504
3432841
3432955
3433137
3433240
3433860
3433877
3434064
3434132
3434143
3434448
3434656
3434987
3435261
3435389
3435586
3437152
3437316
3437473
3437601
3437807
3437878
3438201
3438501
3438601
3438776
3439326
3440600
3440705
3441002
3441241
3441672
3441713
3442832
3443161
3443328
3443341
3443759
3444350
3445759
3445879
3446625
3446780
3446829
3447131
3448203
3448434
3448506
3448531
3448768
3449200
3449395
3449754
3449905
3452069
3452185
3452407
3452742
3453592
3454283
3454489
3454632
3454790
3454827
3454829
3454858
3454913
3454980
3455114
3455395
3455572
3455796
3456187
3456435
3456868
3457113
3457353
3458212
3458250
3458313
3459025
3459111
3460137
3460617
3461043
3461423
3461898
3462419
3462438
3462573
3463283
3463341
3463393
3463877
3463890
3464372
3464669
3465290
3465403
3466356
3466397
3466401
3466455
3467070
3467538
3468582
3468768
3468785
3468988
3470328
3470351
3470538
3471330
3471934
3472311
3472648
3472778
3472780
3473744
3473891
3474197
3474896
3475673
3475690
3475697
3475783
3476142
3476395
3476425
3476504
3476606
3476917
3476986
3477446
3477714
3477914
3478021
3478352
3478583
3478724
3479404
3480020
3480040
3480441
3480745
3482276
3482668
3482759
3483436
3483506
3484059
3484274
3484629
3485071
3485209
3485414
3485447
3485624
3485762
3485967
3486597
3487359
3487713
3488296
3488403
3488473
3488748
3488904
3489009
3489184
3489327
3489662
3490306
3490424
3491035
3491302
3491808
3492273
3492424
3492607
3492690
3492753
3492815
3493459
3493635
3494193
3494867
3495370
3495565
3495804
3496270
3496386
3496914
3497336
3497995
3498423
3498766
3499007
3499111
3499720
3500042
3500789
3501019
3501072
3501264
3502033
3502473
3502611
3502718
3503108
3503340
3503696
3504237
3505034
3505165
3505288
3505525
3505814
3506119
3506218
3506795
3506876
3507299
3507708
3508703
3509041
3509497
3509777
3510187
3510223
3510267
3510896
3511158
3511521
3511704
3511824
3511976
3512013
3512221
3512760
3512954
3512960
3513168
3513186
3513301
3514304
3514599
3515058
3515838
3516465
3516873
3516965
3516993
3517380
3517392
3517919
3518094
3518578
3519146
3519346
3519958
3520089
3520265
3520903
3520988
3521518
3521937
3522448
3522463
3522582
3523354
3523687
3523759
3524292
3524345
3525057
3525226
3525454
3525573
3525726
3527078
3527194
3528165
3528372
3528395
3529024
3529117
3529380
3529431
3529458
3529524
3529701
3530375
3530662
3530740
3531639
3531767
3532056
3532098
3532137
3532148
3532386
3532489
3532515
3532883
3533351
3533907
3534103
3534112
3534361
3534442
3534506
3535001
3535381
3535498
3535726
3535937
3535976
3536055
3536056
3536147
3536773
3537666
3537908
3538375
3538665
3539032
3539185
3539383
3539430
3539677
3540341
3541153
3541955
3542200
3542466
3542474
3542520
3542732
3542984
3542985
3543265
3543508
3543851
3544247
3544401
3544594
3545213
3545252
3545394
3545682
3546006
3546221
3546324
3546590
3546916
3547148
3547188
3547421
3548251
3548467
3548782
3549169
3549567
3550098
3550167
3550415
3550686
3550740
3551259
3551275
3551815
3551901
3552388
3552613
3552908
3553304
3553383
3553923
3554380
3554623
3554682
3554683
3555083
3555525
3555715
3555807
3556409
3556548
3556887
3557130
3557882
3558101
3558142
3558405
3558596
3558968
3559529
3559871
3560195
3560546
3560822
3561103
3561293
3561570
3562739
3562756
3563054
3563450
3563614
3563925
3563935
3564155
3564221
3564622
3564726
3564773
3565711
3565798
3565873
3566141
3566311
3566473
3566545
3566618
3566970
3566988
3566998
3567304
3567619
3567957
3568367
3568821
3569611
3569643
3570221
3570317
3570441
3570947
3571923
3572464
3573032
3573223
3573243
3573277
3573681
3573698
3573763
3573768
3573865
3573953
3574834
3574914
3575181
3575292
3575850
3576972
3577475
3577841
3577906
3577911
3580479
3580799
3580883
3581034
3581140
3581635
3582341
3582448
3582529
3582671
3583475
3583590
3583847
3585723
3585782
3585836
3586258
3586677
3587247
3587716
3587941
3588052
3588335
3588714
3588783
3588875
3589670
3589797
3589878
3589937
3590187
3590279
3590573
3590663
3590726
3591279
3591876
3592076
3592215
3592354
3592899
3593874
3593967
3594170
3594227
3594251
3594478
3595098
3595803
3595898
3596030
3596893
3597027
3597100
3598612
3599570
3600096
3600179
3600707
3601199
3601367
3601420
3601440
3601687
3601766
3602073
3602205
3602211
3603159
3603509
3604257
3604745
3604932
3604967
3605478
3605515
3605585
3605642
3606132
3606192
3606361
3606589
3606920
3607105
3607370
3607477
3607484
3607747
3608094
3608377
3608385
3608457
3609661
3609801
3610040
3610334
3610493
3610558
3610580
3610698
3611629
3611766
3611939
3612296
3612359
3612746
3612815
3613018
3613914
3614247
3614294
3614576
3614727
3615331
3616194
3617148
3617299
3617384
3618392
3618835
3619072
3619204
3619767
3620212
3620228
3620250
3620536
3620800
3620893
3621599
3621753
3622059
3622179
3622759
3623008
3623106
3623190
3624159
3625040
3625044
3625553
3625571
3625886
3625991
3626379
3626831
3627249
3627332
3627411
3627831
3628032
3628331
3628584
3628938
3629011
3629075
3629332
3629508
3630361
3630376
3631061
3631095
3631157
3631234
3632096
3632545
3633387
3633436
3634279
3634303
3634736
3635729
3635959
3636443
3637215
3637369
3637556
3637611
3637898
3639023
3639081
3639333
3639590
3639827
3641301
3641751
3641869
3642081
3642380
3643555
3643798
3644060
3644393
3644959
3645233
3646230
3646717
3647086
3647397
3647568
3647651
3647750
3647913
3648138
3648720
3648742
3648847
3648985
3649202
3649538
3649968
3649979
3650284
3650491
3650932
3651178
3651532
3651643
3651755
3651888
3652238
3652821
3653169
3653375
3653389
3654077
3655395
3655686
3655709
3655952
3655955
3655973
3655991
3656419
3656610
3656690
3656759
3656849
3657051
3657099
3657102
3657843
3658234
3658353
3659016
3659329
3659466
3659618
3660028
3660350
3660420
3663038
3663263
3663549
3663568
3663919
3664320
3664424
3665148
3665345
3665453
3665767
3665988
3666664
3667211
3667402
3667592
3668101
3668939
3669027
3669278
3669322
3669326
3669351
3669354
3669438
3669707
3669929
3670045
3670488
3671081
3671173
3671886
3672234
3672925
3673448
3673576
3673666
3674484
3674585
3674746
3675162
3675604
3675729
3676241
3676445
3676967
3677477
3677517
3677627
3677922
3678498
3678510
3678574
3678575
3679143
3679263
3679329
3679955
3679986
3680019
3680820
3680888
3681171
3681622
3682540
3683205
3683238
3683800
3683920
3683948
3684058
3684673
3684736
3685219
3685310
3685476
3685513
3685726
3685904
3686428
3686530
3686703
3686760
3687768
3688552
3688620
3688688
3690770
3691556
3692225
3692688
3692735
3692819
3693113
3693459
3694095
3694429
3694613
3694816
3695315
3695371
3695423
3695640
3696053
3696552
3697109
3697309
3697495
3697882
3698097
3698243
3698299
3698367
3698844
3699260
3699262
3699783
3699800
3700436
3700784
3701069
3701273
3701279
3701620
3701980
3702105
3702229
3703639
3703684
3704158
3704307
3704542
3704773
3704794
3704816
3704818
3704838
3704906
3705123
3705903
3706662
3707312
3707611
3707707
3707764
3707888
3708083
3708282
3708560
3708609
3708654
3709161
3709276
3709349
3709468
3709695
3709784
3710001
3711401
3711667
3712227
3712361
3713063
3713212
3713746
3713751
3714137
3714288
3715322
3715530
3715620
3715913
3715979
3716226
3716540
3716632
3717567
3717577
3717930
3718254
3718302
3718481
3718706
3718877
3719509
3719709
3719916
3719922
3720506
3720559
3720661
3720937
3720976
3721042
3721626
3722172
3722338
3722725
3723098
3723123
3723232
3723409
3724320
3725158
3725332
3725579
3725619
3725822
3725829
3725866
3725923
3726221
3726519
3727002
3727936
3728001
3728145
3728405
3728756
3728866
3728969
3729348
3729738
3730007
3730322
3730590
3731395
3731460
3731741
3731922
3732388
3732911
3733388
3733529
3733998
3734168
3734528
3734561
3734770
3734808
3735407
3735494
3736127
3736143
3736467
3737067
3737075
3737181
3737988
3738291
3738438
3739117
3739280
3739799
3740179
3740824
3741554
3741928
3742072
3742341
3742561
3742659
3742967
3743012
3743143
3743231
3743392
3743490
3744230
3744430
3744562
3744891
3745265
3745632
3745833
3745992
3746657
3747294
3747735
3747809
3747848
3747900
3748365
3748849
3748856
3748917
3749101
3749110
3749282
3749293
3749448
3749852
3750229
3751314
3751523
3751591
3751710
3751904
3752009
3752173
3752798
3752848
3753381
3753989
3754307
3754425
3755075
3755318
3755361
3755808
3756008
3756463
3756716
3756734
3756884
3756909
3756951
3757010
3757051
3757645
3758246
3758328
3758584
3758751
3758801
3758829
3759520
3759544
3759639
3759891
3760025
3760561
3760648
3760668
3760940
3761993
3762781
3763336
3763517
3763664
3763891
3764117
3764783
3765155
3765350
3765401
3765481
3765733
3766688
3766812
3767159
3767207
3767274
3767573
3768060
3768491
3769200
3769399
3769479
3770009
3770305
3770334
3770569
3770661
3770904
3771302
3771773
3771778
3771846
3772044
3772207
3772347
3772399
3772912
3773249
3773323
3773506
3773747
3774076
3774276
3775313
3775398
3775712
3776000
3776444
3776450
3777766
3777890
3778103
3778582
3778869
3778874
3778961
3780260
3780633
3780981
3781665
3781670
3781700
3782013
3782041
3782103
3782471
3782493
3783279
3783363
3784835
3784910
3784984
3785053
3785203
3785307
3786150
3786390
3786543
3786625
3786735
3786981
3787292
3787424
3787541
3787808
3787816
3788418
3788769
3788890
3788916
3789452
3790119
3790264
3790302
3790521
3790585
3790701
3790771
3790939
3791032
3791260
3791393
3791562
3791704
3792384
3792704
3792950
3793338
3793682
3793734
3794005
3794141
3795314
3796329
3796369
3796919
3797074
3797449
3797978
3798179
3798472
3798661
3798672
3799099
3799218
3799745
3799776
3799834
3799917
3799937
3799987
3800379
3800566
3800588
3800753
3801257
3801469
3801837
3801968
3802059
3802180
3803816
3804661
3805740
3805955
3806866
3807257
3807329
3807362
3807535
3808191
3808578
3808839
3808963
3809419
3809458
3809935
3810553
3811022
3811197
3811207
3811326
3811482
3811560
3811633
3811732
3811784
3812989
3813334
3813463
3813965
3814274
3814588
3815866
3815973
3816075
3817695
3818959
3819075
3819342
3819391
3820655
3820715
3821117
3821248
3821527
3822060
3822630
3822855
3822984
3823619
3823748
3823830
3824256
3824530
3824807
3824910
3825049
3825196
3825406
3825461
3825837
3826594
3826832
3827002
3827905
3828206
3828264
3828363
3828895
3829567
3829576
3830080
3830109
3830253
3830668
3831015
3832662
3832806
3832864
3832914
3832948
3833043
3833079
3833343
3833475
3833645
3833912
3834211
3834243
3834339
3834465
3834549
3834803
3835218
3835346
3836291
3836350
3837299
3837491
3838200
3838877
3838921
3839332
3839427
3839488
3840378
3840660
3840799
3840873
3841617
3841985
3842392
3842709
3843660
3844061
3844920
3845087
3846153
3846601
3847141
3847230
3847505
3847652
3847867
3848374
3848988
3850351
3850419
3850592
3850975
3851624
3852094
3852354
3852432
3852615
3852705
3853261
3853507
3854253
3854530
3854574
3854845
3854867
3855927
3855939
3857142
3857184
3857202
3857488
3858286
3858422
3858514
3858805
3858944
3859340
3860426
3860606
3860663
3860759
3861080
3861340
3861797
3861954
3862089
3862549
3863341
3863817
3864107
3864419
3864664
3864790
3864953
3864987
3865345
3865723
3866208
3866646
3866917
3867603
3867985
3868452
3868586
3868810
3868876
3870001
3870190
3870382
3870933
3871106
3871262
3871656
3872228
3872348
3872731
3872851
3873777
3873884
3873987
3874437
3875103
3875608
3875704
3876013
3876030
3876343
3877734
3878391
3878538
3878853
3879350
3879409
3879883
3880354
3880575
3880602
3880696
3882458
3882604
3882725
3882834
3882836
3883064
3883343
3883362
3883417
3883600
3883610
3884067
3884133
3884242
3884479
3884498
3884631
3884702
3885034
3885181
3885194
3885299
3885695
3885798
3886048
3886460
3886662
3886670
3887448
3887510
3888098
3888312
3888851
3890221
3890439
3890564
3890854
3890984
3891028
3891408
3891654
3891808
3891978
3892195
3892359
3892719
3893222
3893330
3893408
3893722
3894294
3894347
3894474
3894983
3895149
3895729
3896162
3896198
3897172
3897672
3897776
3898105
3898119
3898395
3898438
3898553
3898598
3899934
3900354
3900363
3900510
3900588
3900701
3901278
3902220
3902420
3903078
3903304
3903799
3904009
3904234
3904377
3904570
3905566
3905973
3906293
3906592
3906743
3907396
3907593
3907799
3908010
3908645
3908861
3908877
3909005
3909470
3909530
3909907
3910350
3910919
3911081
3912061
3912209
3912925
3912936
3913343
3913355
3914187
3914243
3914549
3914876
3915299
3915512
3915914
3916419
3916620
3916634
3916898
3917167
3917296
3917890
3917959
3918029
3918673
3918811
3919078
3919124
3919186
3919368
3919823
3920025
3920038
3920087
3920551
3920604
3920956
3921179
3921618
3922382
3922400
3922464
3923031
3923294
3923533
3923552
3924026
3924465
3924672
3924894
3925464
3925814
3925890
3926061
3926230
3926455
3926693
3927214
3927292
3927362
3927550
3927601
3927754
3927943
3928492
3928839
3930114
3930148
3930239
3930799
3930908
3930943
3931057
3931106
3931192
3931203
3931769
3932450
3932516
3932581
3932808
3933296
3933372
3933441
3933916
3934027
3934450
3935124
3936256
3936634
3937278
3937378
3937491
3937559
3937840
3938041
3938193
3938239
3938297
3938839
3939039
3939469
3939522
3939834
3940716
3940988
3942172
3942975
3943206
3943323
3943538
3945149
3945497
3945539
3945805
3945960
3946158
3946263
3946411
3946761
3947007
3947161
3947336
3947344
3947434
3947493
3947635
3948402
3948697
3948765
3949395
3950290
3950293
3950397
3951075
3951246
3951492
3951686
3953157
3953170
3953401
3954309
3954551
3954569
3954798
3954847
3955025
3955392
3955657
3956046
3956055
3956407
3956529
3956643
3957126
3957441
3957612
3957705
3957743
3958123
3958136
3958394
3958978
3959159
3960019
3960202
3960263
3960707
3960822
3961274
3961719
3962068
3962524
3964936
3965185
3965194
3965218
3965338
3965548
3965605
3965612
3965673
3965762
3966142
3966810
3968142
3968445
3968571
3969395
3969408
3969846
3969890
3969966
3970221
3970447
3971424
3972104
3972773
3972774
3973140
3973416
3973819
3973870
3973904
3973916
3973968
3974001
3974470
3975029
3975880
3976247
3976399
3976614
3976731
3976827
3976952
3976977
3977004
3977260
3977982
3979026
3979095
3979189
3979273
3979353
3979396
3979679
3980285
3980424
3980504
3980652
3981034
3981257
3981289
3981391
3981734
3981880
3982423
3982681
3983283
3983369
3983848
3984060
3984075
3984907
3985491
3985886
3986034
3986116
3986207
3986563
3986956
3987121
3987721
3988279
3988377
3988496
3988587
3990010
3990311
3990350
3990725
3990759
3990812
3991360
3992009
3992419
3992438
3993086
3993178
3993249
3993505
3993687
3993977
3994134
3994206
3994433
3994841
3994941
3995284
3995521
3995712
3995862
3996432
3996528
3996546
3996581
3997605
3998320
3998947
3998950
3998997
3999006
3999373
3999486
4000023
4000250
4000950
4001474
4001781
4002216
4002254
4002535
4002576
4002627
4002673
4002706
4003030
4003395
4003627
4003856
4004372
4004501
4004836
4005186
4005878
4005940
4007535
4007587
4007839
4007993
4008018
4008084
4008102
4008217
4008550
4008680
4009425
4009560
4009581
4010746
4011167
4011602
4011959
4012183
4012467
4013203
4015447
4016061
4016410
4016614
4016703
4017021
4017031
4017478
4017934
4017961
4018260
4018358
4018380
4019004
4019059
4019641
4019647
4019652
4019706
4019973
4020562
4021597
4021693
4021923
4021998
