2797
3460
4722
5090
5802
6017
7851
9883
10651
12155
14109
14336
15216
15512
16857
17469
21479
22659
23835
25939
26147
26571
27063
27116
27888
28052
28712
29797
29938
31184
32383
32401
33342
33928
34262
34481
35119
36417
37045
37051
38629
40313
40648
42674
43262
44858
46445
47448
47995
49623
50042
51421
51658
51755
52057
52451
55062
55611
56798
57026
57251
57272
57689
58153
58477
58719
58740
59229
59704
60075
60165
60252
61402
64175
64384
65279
67787
68043
69728
70389
70413
73643
74051
74661
75341
75671
76197
76508
77183
77767
77958
79099
79571
80120
80437
80764
82444
86330
86538
88017
88126
88625
89188
89587
89862
90734
91994
92824
94051
94418
94446
95010
95572
95611
96418
100170
100297
101053
101182
101610
101730
102536
104998
105102
107162
107926
108158
108374
108647
108920
109142
109453
112087
112659
112765
112935
113153
116122
116974
117381
117696
119197
119954
120414
120996
122428
122464
122795
123508
123608
123865
124461
125121
125513
125574
125646
126518
126852
128238
129279
130703
131465
131640
131752
131767
132143
132341
132944
133297
133458
133953
139278
140814
141266
141694
142247
142524
145208
146345
146927
146980
147183
150157
153018
153306
154744
154953
155753
156061
157649
158454
159402
159876
159881
160392
160796
160892
162160
162252
162614
163124
163207
166044
166652
166738
167706
168754
169848
172629
175128
178734
178856
179139
179282
179314
180685
181307
181565
183027
183115
185821
187296
187321
187882
188506
188857
190568
191730
192533
192594
195364
196214
198161
199076
199091
201006
201883
202342
204825
205353
207008
207377
209081
209395
209785
211529
212810
214848
214956
215680
216558
216657
217771
219040
219085
220972
221462
221849
222881
223457
224643
225201
225501
225564
226143
226625
227763
228450
228542
228543
229536
230217
231245
231657
232100
232137
234014
234673
237071
237557
240856
241187
241574
242091
242128
242829
244031
244124
244356
245670
245874
247944
248939
249117
249241
249499
252315
252395
252656
253267
253491
253629
255202
255566
255684
255808
255944
256348
256503
256830
260463
260953
261394
263106
265410
265568
265660
266025
269237
269630
270255
270445
271135
272152
272416
274148
274521
275363
275698
276709
277184
281032
281151
281208
281900
282189
282338
283250
284442
284734
287884
288830
290861
292328
295123
295194
295245
298310
298524
299184
299224
300050
300150
301470
301493
303122
303428
303903
304875
304923
306225
306796
307311
307822
308133
308305
308459
309324
310237
310333
310974
311483
311756
311848
312253
313721
316511
316762
317241
317777
318107
318139
318439
318790
318969
321305
321513
321522
322735
323464
324968
325229
328126
328437
330390
330914
331200
332179
332735
333191
334496
335349
336350
336439
339084
339206
339274
339947
340177
340220
341186
341871
342197
343481
343766
344106
344356
346155
346322
346424
346532
347032
347444
347661
347826
348928
349179
350355
350754
354064
354128
356084
356276
356290
357487
358223
358524
359368
359735
361567
361646
362313
362452
363106
364196
367092
367276
369550
370771
372077
372766
373232
373562
374375
377735
378089
379613
379644
380035
380254
380573
381012
381274
381434
382244
382288
382312
383129
383327
383674
385146
389500
391022
391437
391521
393313
394307
394518
395725
395861
396229
396924
396975
398801
399848
399862
401069
401774
402757
406191
406270
407064
407979
411207
411892
412851
412990
414662
415073
415470
416095
416536
419183
419378
420090
420357
420577
421037
421417
422327
422872
423098
426232
426534
426759
427172
427827
428121
428323
428330
432276
433703
433807
435682
436614
437705
438200
438582
439332
439821
440492
441436
443548
443863
445222
446050
446737
447953
451506
451556
452182
453243
454610
454658
454954
455403
458906
459202
459232
459696
460297
461758
461841
463126
463392
463460
463769
464791
465221
466556
467605
470851
471877
471939
472302
474073
475119
475830
475843
475927
476899
476928
477041
478713
479491
480954
481639
481846
484318
484898
485613
485861
486973
487719
488146
490338
490635
490751
490793
495039
498154
499118
500083
502410
502503
502935
504398
505302
505384
506150
508050
509178
513227
513681
514861
515452
515584
518490
518585
520555
521011
522885
523293
523449
523588
523768
523817
526716
529266
530257
531286
531937
532314
532810
533026
533522
533897
535180
536333
539727
540569
541948
542576
543163
545579
545703
545794
545931
546230
546987
547036
548549
550546
551151
552307
553366
553925
554294
554803
556081
557045
557694
557784
558976
559441
559456
562696
562735
565423
567875
568459
569368
570802
571722
571918
572218
572352
572967
573599
575690
575860
575968
579211
581570
584498
588082
588389
589039
589552
590096
590273
590320
592668
594821
594912
597089
598040
599850
599946
600750
601203
601452
603482
604551
604831
605138
606314
606327
606891
608114
608176
608491
608609
611292
613626
613873
614051
614488
615054
615811
616457
616908
618420
618686
619436
619589
619784
619960
619994
621217
621409
621623
622104
622866
624553
626881
628041
630231
630305
630480
630567
633240
633359
633855
633920
633958
635509
635664
638969
640834
640878
641285
645326
645711
646373
646528
646891
648044
648082
648666
649064
649316
649636
649832
650115
650116
650247
650767
650925
652516
652564
652631
653670
655255
656207
658512
659190
659698
660737
660741
661643
662256
662630
664126
666237
666891
667943
669281
669315
671667
671734
672044
672189
673577
673692
673723
674843
675558
680689
682236
682567
682602
682658
684319
686391
688389
689796
690057
691675
691966
693935
694377
694765
694932
699282
701457
702170
703041
704676
705325
706356
706506
707250
707308
708647
708950
710827
711558
711779
711820
712471
714613
714708
715629
716272
716286
716294
716837
717162
719927
721945
723676
723825
724045
724705
724869
726457
726806
727462
731008
732967
733975
736058
737449
737721
738036
739448
745318
745577
747656
747778
747848
747865
750028
750590
751685
752225
753075
753457
754547
755917
756329
756776
759541
760186
761601
762009
762509
763387
763733
764082
764689
764732
765596
768009
768436
768870
769427
769665
769740
774491
775376
776930
777786
779013
779127
779499
781190
782626
782835
784532
784958
785290
785392
785745
786501
790777
791037
791223
791301
794970
795438
796467
798851
798904
799710
801153
801834
802383
804193
809189
810239
810328
812897
813369
815122
815239
816770
818052
818145
819368
819461
820445
821843
822596
822619
823363
824250
824464
824608
824677
825838
826261
828323
828708
829656
829864
832344
833978
834407
834579
835434
835852
836512
837045
838764
841131
842023
842232
843032
844535
845042
846677
847146
847341
847519
847531
848615
848781
849989
849993
853202
853318
855513
855915
856337
857348
858355
858803
861818
861828
864902
868463
868504
868775
869870
871910
872430
873448
873514
873728
874427
875378
875496
875525
876820
878274
878873
879137
880434
880704
881220
884534
885190
885929
886694
886864
887139
891264
891394
891904
891977
892914
894894
895761
898540
901761
902438
902977
903052
903143
903255
903309
907898
908940
909738
910473
911835
913835
915926
916250
917315
917407
918406
918767
918904
925524
925795
925831
927051
929017
929624
929926
930339
931106
931367
932001
932370
932910
937021
938019
938666
938815
939888
940362
941118
942147
942882
943093
943884
944429
946075
947536
948159
950118
950216
950344
952043
952768
953705
955040
956090
956519
956565
956918
957921
960164
960264
960600
962590
963533
963586
966635
967297
967331
968263
968694
969197
969922
970552
970764
970796
971594
971755
972090
972266
972387
973042
973474
973772
976408
979691
981282
981468
981985
982124
982720
983124
984208
984337
984617
984775
985115
986088
987662
988513
989432
990003
990130
992064
992466
992495
992987
993008
993841
994346
994705
995869
996126
999095
999157
999746
999917
1000309
1004806
1004943
1004995
1008367
1011109
1011721
1012182
1012208
1012414
1012637
1015596
1015686
1016834
1017882
1018563
1018876
1019556
1019718
1021998
1023092
1023353
1023701
1024033
1024611
1025318
1025594
1026002
1027348
1028357
1028572
1029088
1029157
1029501
1029650
1029675
1029811
1030607
1030672
1030939
1031356
1031949
1035254
1035775
1035934
1037506
1037647
1039690
1040274
1042283
1043164
1043760
1043887
1044706
1045152
1045587
1045748
1046094
1046395
1046473
1047467
1049295
1049676
1050966
1051016
1053188
1054893
1056805
1057125
1057560
1057962
1058099
1058127
1058210
1058230
1060122
1060593
1060631
1061047
1061317
1061863
1061885
1062808
1063825
1065470
1065595
1067394
1067602
1068966
1069193
1069251
1069919
1070442
1071595
1073348
1073581
1074427
1074701
1074705
1075301
1078090
1079216
1079571
1080571
1082155
1083050
1084212
1084717
1084788
1084896
1085287
1085372
1085497
1086157
1086672
1087633
1088331
1088458
1091108
1091350
1093099
1094454
1095027
1095090
1096457
1096775
1097964
1097975
1098542
1098566
1099839
1100045
1100141
1100809
1101350
1104110
1104240
1107868
1109366
1109741
1112449
1112895
1113499
1114093
1115062
1116785
1118571
1118856
1118912
1119811
1120342
1120499
1123249
1123339
1124390
1124508
1124622
1125092
1125438
1128094
1128683
1130040
1130703
1130997
1133551
1134976
1136417
1136476
1137676
1138765
1138956
1139013
1139866
1141081
1143149
1143334
1143552
1145742
1146193
1147161
1147442
1148889
1149183
1149548
1150095
1150983
1151038
1151317
1152158
1153346
1153384
1153482
1154596
1155760
1156538
1159312
1159473
1160049
1160810
1161721
1162672
1163476
1163818
1163866
1164416
1164756
1164758
1167618
1167848
1168543
1170473
1173076
1174112
1175249
1175421
1178464
1178844
1182263
1182332
1182834
1182847
1182849
1183711
1184321
1185687
1186413
1188002
1189376
1189625
1189877
1189958
1190101
1190595
1190934
1191718
1193350
1193708
1196055
1196629
1197575
1197589
1199275
1200447
1202604
1204127
1204654
1206456
1206725
1207228
1207431
1207602
1207830
1208322
1210497
1210827
1210903
1211667
1211786
1211968
1212105
1212111
1215080
1215430
1215663
1217279
1217436
1218041
1218066
1218093
1218378
1218383
1218471
1220261
1221428
1225596
1226057
1226282
1226738
1227604
1228824
1232080
1232186
1233092
1233148
1233268
1233404
1233514
1233567
1233978
1234271
1236783
1240135
1240990
1241748
1241993
1242164
1243117
1243134
1243202
1244657
1245846
1247213
1248669
1250120
1250195
1250397
1254499
1254572
1256024
1256579
1257090
1258387
1258494
1258699
1258928
1259778
1260252
1260790
1261071
1263503
1263777
1264071
1265703
1267357
1267789
1268742
1270516
1271564
1271789
1272010
1273234
1273352
1273884
1275272
1275480
1275873
1276837
1278354
1278517
1278574
1278589
1279159
1280755
1281837
1282335
1283729
1284542
1287037
1288132
1288239
1289069
1289713
1289732
1290032
1290760
1293617
1295644
1297544
1297766
1297921
1298775
1298825
1299228
1300802
1302076
1303272
1303297
1303309
1305129
1307273
1308410
1308433
1308652
1308908
1312509
1313656
1315574
1315849
1317414
1318240
1318484
1320493
1322128
1322707
1322825
1324192
1326906
1327647
1328074
1328833
1329024
1331583
1332236
1333282
1333768
1334545
1334799
1335158
1336211
1336455
1337259
1338663
1340189
1340902
1341550
1342070
1342856
1342880
1343920
1344833
1347661
1347963
1348373
1349129
1349231
1349250
1349996
1350370
1350458
1350825
1350958
1351348
1351386
1355551
1355922
1357759
1359872
1361157
1362268
1363073
1364515
1364889
1367545
1368224
1368502
1369890
1372401
1374057
1374610
1374660
1375663
1376108
1376993
1378981
1379551
1379655
1380196
1380248
1382409
1383101
1383192
1385695
1387084
1392288
1392728
1393441
1393881
1395815
1396220
1396541
1396626
1398487
1398688
1398997
1399596
1400052
1401241
1401561
1404470
1406877
1408079
1408433
1409910
1413889
1414342
1415301
1419857
1421287
1421488
1422555
1424475
1425434
1425598
1426047
1427675
1428008
1428602
1428693
1429288
1430051
1431188
1431262
1433474
1433996
1436031
1436973
1438575
1438764
1438899
1439146
1439781
1443549
1443651
1447712
1449016
1450985
1451838
1452881
1459004
1459524
1460442
1461211
1461250
1461715
1462564
1462926
1465208
1465778
1467414
1468463
1469134
1470254
1470340
1473300
1473926
1475805
1476876
1477554
1479129
1480042
1481450
1482306
1485565
1486035
1486352
1489097
1490390
1491244
1493011
1493372
1495715
1496465
1497281
1497380
1497852
1498165
1500893
1502409
1505538
1505835
1506608
1507521
1507576
1507903
1508996
1510685
1510890
1513410
1513897
1515751
1515866
1518023
1520739
1520975
1521481
1521557
1523491
1525164
1525379
1528988
1530130
1530502
1530783
1531401
1531713
1533147
1533498
1534788
1535660
1537513
1537765
1538419
1538829
1539522
1540451
1540819
1541437
1541592
1543040
1544607
1546168
1546615
1547973
1548165
1549356
1550116
1550246
1550925
1551207
1553122
1553339
1553640
1553862
1554387
1554536
1554548
1554839
1555221
1555308
1557805
1558046
1558634
1558833
1559067
1560458
1560664
1560983
1563691
1564156
1564869
1565247
1565791
1567333
1569015
1570737
1570856
1573390
1573724
1574095
1574616
1576229
1580230
1580576
1581898
1582120
1582287
1582703
1582986
1584055
1585291
1586510
1586586
1587027
1587306
1588437
1588818
1590047
1590364
1590386
1594738
1595523
1596185
1598045
1598190
1599550
1599918
1600160
1601029
1601378
1605743
1606353
1607082
1607253
1607432
1610144
1611483
1611927
1612436
1613022
1613284
1613367
1613616
1613776
1616481
1618262
1619649
1619721
1619801
1619907
1620282
1620617
1622568
1622791
1623984
1624781
1624982
1626049
1626322
1627435
1627609
1628854
1629799
1630308
1631836
1632703
1634172
1634182
1635141
1636182
1639022
1640722
1640779
1643549
1643785
1643980
1644205
1645127
1645735
1647131
1647327
1648751
1649292
1650822
1651611
1651790
1652639
1655440
1655607
1656986
1659345
1660195
1661884
1662307
1662315
1663318
1664563
1665344
1666028
1667400
1667414
1667528
1668847
1669441
1670678
1671375
1671460
1671739
1671741
1675183
1675200
1676746
1677024
1678802
1679039
1679354
1679674
1680888
1684626
1686092
1687092
1687569
1689042
1689380
1689782
1689928
1690334
1692147
1692216
1692236
1693592
1693891
1694833
1695862
1698605
1699120
1700385
1700621
1701906
1702463
1705155
1705409
1705511
1705582
1707070
1707503
1707622
1708510
1708708
1709004
1709465
1712495
1715324
1717392
1719092
1720813
1721226
1722426
1722833
1722974
1723121
1723880
1724200
1725499
1726120
1726141
1726462
1727042
1727957
1728055
1729119
1729583
1729940
1732143
1732724
1733941
1734419
1737567
1739705
1740247
1746356
1746508
1747099
1747103
1747484
1748058
1749184
1749287
1749328
1750129
1750425
1751665
1752673
1755631
1756028
1756861
1757293
1758021
1758482
1758527
1758572
1758839
1761299
1763247
1765836
1765954
1766072
1766157
1769666
1770747
1770775
1771650
1772636
1773100
1780644
1781253
1784190
1784624
1784928
1785426
1786087
1786304
1786583
1787809
1787961
1788282
1788599
1789235
1789934
1790648
1793520
1796281
1796874
1797456
1798064
1799147
1800260
1801664
1801915
1802957
1805174
1805789
1806472
1809126
1811072
1811594
1812012
1815142
1821098
1822676
1823630
1827853
1828284
1828334
1828624
1829275
1830153
1832451
1834050
1834687
1834991
1835484
1835793
1836908
1837192
1837992
1838589
1840966
1841741
1842816
1844795
1844807
1845313
1845839
1846504
1846810
1847323
1847894
1848205
1851854
1852045
1852964
1853123
1854117
1854959
1855584
1857406
1859404
1859719
1859945
1860885
1864031
1864785
1865757
1867685
1868089
1868563
1869202
1869429
1869525
1870798
1870944
1873472
1874311
1874795
1877690
1877697
1877794
1878339
1882312
1882372
1882674
1882748
1884022
1884666
1885292
1885942
1886337
1889073
1889300
1889764
1889889
1890751
1893761
1896177
1896242
1900585
1902019
1902760
1904200
1904236
1906283
1906758
1908002
1908745
1911286
1912044
1912157
1912579
1913416
1913828
1914282
1916035
1916892
1918730
1918778
1919148
1919748
1919782
1919911
1920015
1920368
1920387
1920726
1920868
1920920
1921388
1921783
1925512
1926250
1928416
1930349
1930550
1930799
1931080
1932622
1932669
1933263
1934652
1935505
1937331
1938200
1938285
1940289
1946423
1947755
1947934
1948364
1950058
1950860
1952062
1953100
1954678
1955546
1955625
1957155
1957404
1959610
1962610
1962942
1963509
1963971
1964730
1965034
1965119
1968296
1968587
1968772
1969118
1969762
1970677
1970862
1970993
1971878
1971972
1973568
1974600
1975440
1976876
1978075
1979238
1979855
1980033
1980746
1981327
1983206
1984402
1984615
1984760
1984999
1985397
1986006
1986449
1988872
1989330
1994502
1996390
1998472
1998845
1999889
1999920
2002050
2003200
2003612
2005034
2005467
2006268
2006648
2007411
2007450
2008198
2010226
2011456
2011880
2012637
2013578
2014488
2015680
2016634
2017987
2018156
2018483
2021040
2021177
2021804
2022885
2024419
2024451
2024741
2025230
2025889
2027007
2027621
2028275
2028949
2029227
2030053
2031037
2031518
2031572
2032825
2033829
2034633
2034759
2035378
2035786
2036567
2038314
2038573
2040751
2041452
2041969
2042466
2042524
2044201
2047802
2050478
2050994
2051430
2052266
2054130
2054402
2056852
2058634
2059198
2059597
2060570
2061450
2061543
2063180
2063483
2063691
2063736
2064008
2064356
2065346
2065730
2066621
2066995
2067095
2067327
2068900
2068914
2068923
2069304
2069713
2069717
2071647
2072066
2075656
2076194
2076254
2076642
2077372
2077417
2078252
2078627
2081257
2082682
2082940
2085457
2085596
2085934
2086064
2086146
2086765
2087061
2088833
2089382
2089901
2089937
2090363
2090717
2098163
2098238
2099131
2099368
2099968
2101111
2104917
2108717
2109509
2111809
2112600
2112660
2113514
2113641
2114908
2115166
2115319
2115675
2116541
2116717
2117577
2119045
2119174
2120297
2120883
2121641
2122911
2124000
2124387
2124928
2125687
2126295
2126388
2126556
2127221
2129129
2129949
2130563
2131318
2131624
2132780
2132788
2134885
2135044
2135285
2136501
2137356
2139320
2139956
2144671
2145011
2145481
2145737
2145745
2146029
2146946
2147167
2148360
2149200
2151169
2151859
2152495
2153145
2153509
2153520
2153598
2154438
2154458
2154675
2157402
2157458
2158877
2159753
2159858
2160903
2162143
2162342
2162974
2163386
2163617
2164073
2164151
2164203
2164314
2166036
2169287
2169867
2170044
2170134
2172916
2172983
2173776
2174987
2175709
2175782
2177420
2177625
2177956
2178748
2178759
2179592
2183050
2184157
2185772
2186616
2186830
2188020
2189312
2189865
2190100
2190264
2190599
2192064
2192183
2192791
2193493
2193887
2194403
2194812
2195826
2198085
2198310
2200514
2200580
2201175
2202654
2203329
2203726
2204630
2206514
2209021
2209496
2209722
2210037
2210966
2211612
2212008
2212502
2218764
2219272
2219328
2219448
2219711
2220261
2220827
2221123
2221385
2222270
2223449
2224588
2224955
2226025
2226668
2227683
2228620
2229755
2230139
2230779
2232222
2233312
2234549
2235524
2236482
2236508
2237532
2237557
2239147
2240957
2241908
2242169
2242285
2244260
2244856
2245717
2246220
2246332
2250585
2250897
2251110
2251378
2251967
2252853
2252924
2253292
2253380
2253458
2253622
2255867
2256097
2256501
2256685
2257325
2257815
2257941
2259919
2261776
2261843
2262628
2263039
2265186
2265798
2266636
2267849
2269149
2270704
2270915
2271747
2273993
2274677
2275393
2275559
2276001
2276058
2276901
2278024
2279130
2279437
2279919
2280796
2281276
2281470
2282793
2283293
2286123
2286681
2287739
2287956
2288137
2288366
2288907
2290381
2292480
2295052
2296097
2296456
2297138
2298530
2298546
2300319
2301128
2301892
2302725
2305533
2305738
2306323
2307945
2308046
2308096
2308488
2312070
2312454
2312540
2312939
2312972
2313022
2313182
2313254
2313402
2313622
2313907
2314966
2316449
2317030
2317056
2317098
2317194
2317973
2321363
2321936
2321955
2322103
2322484
2324472
2325939
2326693
2327683
2328254
2329119
2331111
2331302
2332069
2336623
2337418
2337917
2340773
2340961
2341992
2342867
2343756
2345071
2345112
2345663
2345802
2345874
2346277
2350899
2352831
2353002
2357345
2357382
2357440
2358879
2359852
2360538
2361414
2362028
2364615
2366095
2367140
2368302
2368877
2369348
2371761
2373275
2373365
2375446
2375450
2377261
2377397
2377654
2377821
2378842
2378945
2380221
2382171
2382234
2382807
2383650
2384647
2385147
2385283
2386246
2388544
2391150
2391657
2393769
2395036
2396544
2397308
2397473
2398514
2399528
2399699
2400569
2401340
2402147
2403576
2403939
2405232
2411437
2412443
2412695
2413387
2415243
2415436
2415804
2416954
2417024
2417265
2418519
2419248
2419521
2420803
2420921
2424482
2425165
2425801
2426027
2426963
2426992
2428576
2428774
2429771
2429949
2430037
2430691
2430898
2430985
2431008
2431403
2431439
2432991
2435016
2436294
2437445
2440096
2440952
2442066
2442102
2442398
2443280
2444061
2444301
2444794
2445790
2446045
2446528
2446846
2447665
2448041
2448731
2448763
2448953
2449506
2450646
2452248
2452931
2453160
2453383
2454541
2455332
2455552
2455915
2456328
2456602
2456973
2457673
2458000
2459053
2459065
2459312
2459344
2459871
2460635
2461165
2463177
2464780
2465011
2465185
2465241
2466064
2466473
2466944
2470061
2470090
2470689
2470907
2471905
2474449
2474699
2477731
2477739
2477863
2480586
2482158
2483015
2483600
2489541
2489609
2491183
2491389
2491869
2491921
2492506
2492751
2493152
2493336
2494213
2495101
2495342
2495924
2496870
2499227
2500170
2500635
2500781
2501395
2502374
2502502
2502703
2502956
2503169
2503552
2506280
2509984
2509996
2510335
2511475
2511546
2512064
2512280
2512283
2513832
2515401
2515860
2516215
2516811
2517561
2521311
2521561
2522412
2522792
2522884
2522977
2524800
2525101
2525367
2526277
2526869
2529460
2529892
2531909
2532447
2534242
2535392
2537898
2538313
2539465
2539592
2539751
2540158
2540318
2540902
2540908
2541209
2542521
2544142
2544837
2545378
2546292
2546381
2549234
2549576
2551872
2552479
2552829
2554160
2555202
2555760
2556311
2556449
2556742
2557157
2557795
2557998
2559642
2559936
2560874
2561099
2561328
2561755
2561894
2562090
2562633
2563124
2563487
2563502
2563740
2564396
2565041
2565588
2566704
2567504
2569166
2569208
2569561
2571158
2571638
2572690
2576805
2578500
2578663
2578781
2579444
2580017
2580179
2581122
2582130
2582225
2582452
2582690
2582750
2583263
2584517
2585970
2586005
2586888
2587600
2587748
2588709
2589835
2589872
2590498
2591498
2591983
2592193
2592262
2593052
2593688
2595309
2595483
2595635
2596177
2596184
2596703
2597138
2599001
2601040
2601162
2601439
2601850
2601894
2602215
2603927
2604873
2604922
2605811
2606171
2608473
2609296
2609559
2611587
2612010
2612196
2612409
2613482
2614462
2614623
2614753
2615789
2616881
2616980
2617755
2618950
2619082
2619196
2622604
2624389
2624581
2626168
2626972
2627076
2627382
2627535
2629052
2629073
2629657
2631430
2632433
2632779
2633174
2633464
2633959
2634750
2635265
2635761
2638496
2640249
2641783
2641866
2643567
2644328
2645488
2645864
2646330
2647352
2647962
2649062
2649556
2651792
2652350
2653817
2654313
2656401
2658525
2658880
2659427
2659720
2660203
2660320
2660837
2661250
2661708
2662262
2662769
2666095
2666112
2666833
2670510
2671460
2671643
2672363
2673840
2675049
2678748
2679445
2679999
2681826
2682971
2684003
2684850
2685586
2688246
2688411
2688592
2688657
2689336
2690395
2690996
2691804
2692711
2696708
2696995
2697181
2697652
2698186
2699610
2701536
2703301
2703662
2705011
2705926
2706133
2706434
2707061
2707441
2708056
2708659
2710529
2710874
2713259
2713668
2714411
2714669
2715268
2717101
2720131
2720371
2721180
2721886
2722033
2722573
2723751
2723873
2726022
2726906
2727181
2728442
2729818
2729977
2731222
2733028
2733471
2733701
2734469
2735631
2736610
2737191
2737248
2738552
2739135
2739205
2739262
2740623
2741090
2741373
2742094
2742277
2742924
2743180
2743604
2744752
2745208
2746620
2747806
2748656
2749785
2750036
2754072
2754407
2755352
2757611
2758786
2758940
2759440
2760107
2761027
2761279
2761922
2762539
2762709
2762751
2764119
2764835
2765391
2766477
2766929
2767940
2768327
2769391
2769832
2770417
2770628
2770715
2772284
2772365
2773488
2774889
2774925
2777669
2778463
2779142
2779266
2779664
2783194
2783338
2783378
2785905
2788811
2789171
2790753
2793935
2794030
2794143
2794488
2796831
2797010
2797379
2798660
2799865
2801335
2805274
2806435
2806518
2808733
2809502
2810549
2810580
2811019
2812087
2812769
2812871
2813276
2813295
2814269
2814364
2815616
2816777
2820148
2820649
2820977
2822404
2823054
2823077
2825493
2826164
2826311
2828159
2830688
2830889
2831037
2831960
2833709
2836891
2836933
2837540
2837870
2838897
2839069
2839747
2840023
2842206
2842956
2843265
2844973
2845064
2845071
2845104
2845771
2846131
2846489
2846674
2847175
2848059
2848576
2848887
2849290
2849770
2850195
2850795
2851201
2851549
2852052
2852941
2853307
2854008
2857193
2859148
2859646
2860556
2862149
2863309
2863710
2864243
2864366
2864388
2867548
2868162
2870944
2871426
2871895
2872175
2873074
2875158
2875242
2875528
2876240
2876308
2877559
2877991
2878472
2879761
2880452
2881316
2888556
2891272
2891608
2892064
2892416
2893117
2895500
2897042
2897836
2898554
2898589
2898724
2899120
2899675
2900117
2901510
2902108
2903087
2904870
2904905
2905041
2905743
2905858
2905980
2906061
2906576
2906913
2907827
2909191
2910212
2910712
2910768
2912558
2915692
2915985
2916760
2918682
2920091
2921421
2924163
2924381
2926444
2927356
2928360
2928555
2931080
2932282
2932569
2933291
2934933
2935377
2935473
2935754
2938307
2939032
2939988
2940752
2942855
2943469
2943517
2943530
2943718
2944287
2945339
2945381
2946045
2947240
2947333
2948508
2953091
2953242
2954151
2955568
2956138
2958437
2958682
2959034
2960562
2960995
2962145
2963395
2963831
2963921
2964098
2966942
2968721
2968793
2969608
2969725
2970063
2970101
2970766
2972512
2973324
2973375
2973469
2973485
2973995
2974028
2974580
2974762
2975029
2975998
2976262
2977622
2978687
2978886
2979182
2981921
2982684
2983062
2983579
2984896
2988578
2989046
2989107
2989456
2994852
2995585
2996968
2998936
2999757
3001586
3001886
3005100
3005658
3006162
3007789
3009083
3009224
3009784
3009936
3010683
3010783
3011036
3011850
3013391
3013451
3015267
3016686
3017024
3017677
3018311
3019017
3019053
3020905
3020995
3022822
3023041
3023447
3023876
3024739
3024990
3026404
3027746
3027770
3029674
3029811
3030379
3031946
3032460
3032770
3033241
3035374
3035636
3036266
3036438
3039437
3039750
3040236
3040871
3042668
3043178
3044039
3045335
3047243
3047814
3047981
3053483
3054150
3060415
3062035
3062329
3064524
3064877
3068926
3070431
3070676
3071419
3071519
3071818
3073309
3073738
3074423
3075724
3078495
3078716
3078909
3080918
3081114
3081901
3082076
3082091
3082848
3085051
3085845
3090747
3090880
3093734
3095050
3095784
3095965
3096416
3097272
3097444
3097748
3097842
3098075
3099313
3101397
3102359
3103513
3103908
3105736
3107317
3107336
3107669
3110282
3110560
3112167
3114394
3114807
3115015
3115304
3115385
3115710
3116692
3118588
3120767
3120827
3121850
3122809
3124794
3124837
3125754
3126143
3129054
3129231
3129887
3129997
3130146
3130678
3132065
3132075
3132566
3132753
3133634
3134018
3134549
3135407
3135569
3135730
3136485
3136936
3137187
3141081
3141997
3142815
3144241
3144330
3144653
3145371
3145608
3146750
3146823
3147457
3148668
3148722
3149242
3149377
3149755
3151287
3153740
3154163
3154301
3154863
3156724
3156937
3159273
3159372
3160067
3160574
3160832
3160965
3161067
3163152
3164947
3165203
3165899
3166387
3166440
3168246
3169121
3169610
3169991
3170299
3170577
3170787
3171439
3173274
3174708
3175880
3177204
3178584
3178695
3178855
3179184
3179995
3183329
3184025
3184371
3185702
3186268
3186814
3187296
3188072
3188281
3188439
3188447
3189750
3189914
3190044
3190620
3194219
3196198
3196897
3197183
3198183
3198567
3198726
3198926
3199430
3199979
3200107
3201501
3201725
3203464
3204454
3204934
3205731
3205739
3206043
3206114
3206780
3207248
3207297
3207374
3207765
3207790
3208488
3208713
3210272
3210586
3211019
3211089
3211523
3212585
3213466
3213492
3213691
3213714
3216021
3217037
3217863
3218112
3218830
3218868
3219853
3220406
3220849
3221358
3221895
3222407
3223239
3224016
3226464
3226613
3228458
3228480
3229336
3230674
3231791
3231903
3232916
3233118
3233224
3234129
3234260
3234749
3235166
3238154
3241003
3242656
3243000
3243613
3245282
3246240
3247763
3249485
3250721
3250982
3252655
3253724
3253757
3253876
3255237
3256002
3256004
3256204
3257450
3257643
3258075
3259611
3259688
3260770
3260828
3261284
3261506
3262495
3264097
3265440
3265533
3266601
3267289
3268098
3268614
3269089
3270241
3271071
3271689
3272798
3274029
3276377
3277371
3277457
3279715
3284283
3285712
3286744
3287405
3288990
3290021
3290835
3292659
3294934
3296439
3296603
3296765
3298204
3300535
3302257
3303552
3304393
3305127
3305979
3308035
3309476
3309713
3311790
3312084
3312151
3312591
3313825
3313849
3314088
3314571
3314955
3315101
3316020
3316199
3316207
3318370
3319427
3320526
3320869
3321058
3322121
3322310
3323111
3323491
3323511
3326319
3327953
3328032
3329218
3330365
3330515
3332035
3333083
3333474
3335393
3335674
3335927
3339932
3341346
3342960
3342961
3343177
3344138
3344269
3344581
3346970
3347701
3349369
3349787
3349878
3350030
3350043
3350494
3355633
3355655
3356051
3356569
3357494
3357841
3357882
3359465
3364517
3365143
3365334
3366637
3367037
3371916
3376126
3376941
3377894
3378766
3378847
3380637
3381417
3381575
3382901
3383822
3385126
3385287
3385414
3387759
3390123
3390133
3391302
3393062
3394790
3394800
3394890
3398388
3398650
3399144
3399811
3400132
3400908
3401008
3403395
3404621
3405100
3405581
3406457
3406787
3406818
3407761
3408507
3408831
3411289
3413425
3414501
3414768
3415439
3417264
3417393
3417722
3417980
3419325
3419431
3422057
3422956
3424927
3424983
3427380
3430575
3430704
3430715
3432175
3432787
3433088
3434389
3434801
3435148
3436145
3436909
3437653
3437850
3438269
3440636
3443141
3444704
3445178
3447831
3449277
3449866
3451210
3451243
3454851
3456814
3458315
3459741
3460174
3461449
3461702
3461910
3463901
3463924
3464037
3466525
3467078
3467945
3468526
3469123
3469468
3470622
3470699
3471303
3472703
3473061
3474475
3476574
3477358
3477775
3479529
3479707
3479808
3480665
3481346
3482460
3482706
3483695
3483916
3484782
3485945
3488009
3488113
3488393
3488518
3489691
3491061
3492156
3492514
3494346
3496563
3499165
3500622
3503346
3504129
3504614
3506236
3506315
3506586
3508162
3508984
3511822
3512398
3512823
3514672
3514947
3515565
3516317
3516556
3517824
3518505
3519426
3519436
3520060
3520066
3522098
3522875
3524525
3524621
3524643
3526601
3527050
3527951
3529291
3530160
3533487
3534453
3534539
3536256
3536269
3537417
3539364
3539408
3539813
3540775
3540816
3544558
3545707
3546030
3546531
3546694
3548129
3548142
3548764
3548859
3550425
3550693
3553469
3553626
3553961
3555314
3555735
3555860
3556446
3557174
3558923
3559487
3560074
3561481
3561640
3561718
3561981
3562109
3563065
3563845
3563880
3565035
3565153
3567547
3567920
3568716
3569720
3570139
3572069
3572100
3575031
3576463
3578003
3578770
3578820
3578936
3580260
3580288
3580777
3581063
3581626
3582863
3584053
3586141
3586583
3587202
3587336
3588223
3588598
3590395
3590644
3593054
3593428
3594455
3595692
3597228
3598133
3598180
3598408
3599041
3599633
3599668
3600067
3600546
3600622
3601617
3601986
3602998
3605656
3605752
3606289
3607869
3609846
3610121
3611417
3611691
3611916
3612001
3612904
3613177
3613559
3619904
3621688
3622055
3622620
3625130
3625475
3627178
3627290
3628318
3628716
3629086
3630716
3630779
3630985
3632012
3632571
3635223
3635237
3635373
3636004
3636009
3637949
3642999
3645428
3645710
3646347
3647146
3647909
3649692
3650173
3653557
3653779
3654073
3654324
3654697
3655323
3657044
3658414
3659387
3659901
3660176
3660653
3660796
3661230
3661795
3664149
3664189
3666626
3667995
3668031
3668099
3668279
3669071
3671697
3672734
3673545
3674615
3674766
3674837
3675748
3676007
3676644
3676984
3678260
3678749
3680847
3684279
3686219
3687973
3688659
3691269
3693642
3694032
3694273
3695374
3695786
3696096
3697820
3697877
3698585
3703044
3704860
3704963
3705239
3705540
3706420
3707594
3709357
3710558
3711013
3711276
3711635
3712454
3714447
3715763
3716956
3717692
3718759
3720292
3720628
3721182
3722666
3726020
3726240
3726963
3728958
3729988
3730464
3732102
3732434
3732898
3733494
3733750
3733891
3735032
3735364
3735405
3737688
3737812
3739165
3739596
3740176
3740673
3741352
3741378
3741701
3741826
3743999
3745367
3746929
3747088
3748902
3749912
3750107
3751189
3751242
3753545
3754166
3755403
3756705
3760430
3761440
3762089
3765409
3766147
3766352
3766667
3766787
3767781
3768258
3770074
3770529
3771591
3772445
3772603
3776243
3776619
3777249
3777253
3777475
3777587
3778624
3782402
3783343
3783713
3785014
3785240
3785836
3785949
3788242
3788758
3789045
3790283
3791150
3793934
3794002
3794162
3794490
3796543
3796562
3799206
3801985
3802145
3805667
3806002
3806953
3807424
3807556
3808755
3808758
3808837
3809918
3810055
3810907
3811489
3812202
3812494
3812643
3814102
3814122
3814338
3816873
3817481
3817915
3818627
3819491
3819732
3819972
3822762
3823262
3826051
3826560
3827083
3827316
3827595
3829501
3831200
3833131
3834710
3835064
3835254
3835527
3835613
3835882
3837091
3837481
3840237
3840449
3840626
3842023
3842029
3842756
3842804
3844623
3847219
3847289
3850943
3851342
3851507
3851900
3853489
3853549
3854997
3855167
3855822
3859144
3860364
3862698
3864851
3865289
3865452
3866047
3866481
3866585
3867471
3868011
3868181
3870350
3870592
3871457
3876695
3876930
3877628
3877838
3878407
3880319
3882356
3882944
3883850
3883860
3883942
3884683
3885188
3888089
3890313
3891942
3892621
3893132
3894161
3895558
3895959
3896208
3897861
3898737
3902341
3902604
3903066
3904788
3905312
3906550
3907172
3908524
3908913
3909149
3909532
3912729
3914230
3916896
3922035
3922618
3923874
3924404
3924999
3925598
3925916
3926547
3926654
3927911
3928959
3929138
3930031
3930127
3930878
3935500
3936552
3936867
3938657
3938848
3940726
3941367
3942417
3946093
3947161
3947244
3947342
3949906
3950430
3950981
3951147
3952397
3955405
3955875
3956725
3957305
3958376
3959343
3960797
3961967
3963073
3963129
3963818
3964028
3964066
3964798
3965051
3966734
3971718
3974390
3978114
3978441
3981358
3981694
3981953
3984522
3984736
3985547
3985993
3986058
3986347
3988260
3988661
3991660
3993602
3993744
3995041
3998441
3998627
3998947
4001061
4001198
4001969
4002232
4002309
4002806
4004054
4004176
4005143
4006507
4006665
4006837
4006922
4007154
4008225
4010040
4010089
4010227
4010610
4010794
4013145
4015686
4016107
4016881
4017435
4018781
4019547
4020850
4021105
4021188
4021344
4021626
