276
2550
3024
3099
5066
5314
5697
7502
8745
10761
11375
12192
14031
16114
17014
19246
19274
20456
20479
21305
23048
24067
24357
24742
24951
25968
26051
26627
27321
28403
28496
28622
29141
32706
33062
33875
34198
35024
36317
38608
40522
42393
42439
42600
42661
42683
43096
43329
43567
44577
45153
47523
47637
47990
48369
49024
49760
51016
51265
51504
51807
52411
53883
54642
57337
57668
58903
59244
60009
60588
60852
62008
62838
63315
63391
63716
63839
64249
64865
65193
65957
66924
69664
69857
71918
72097
72149
73324
75355
75908
78649
79994
80007
81427
82344
83048
83578
84397
84862
86321
86361
89829
90079
90291
90571
92242
94884
94973
97253
98024
98799
102312
102381
102419
105513
106323
106773
108759
111817
114757
115314
116138
118445
118696
119532
120101
122165
122486
125596
125719
129824
131080
131178
132283
132443
132729
133232
134149
136343
137163
137405
137711
139368
140209
141986
142883
145684
145770
145801
146045
150085
150657
151627
151780
152060
152258
154274
154288
155004
155303
155555
158146
159756
161464
161686
161955
162743
164258
164759
164838
166706
167818
170817
171679
171926
173769
173888
174949
175650
176266
176927
177598
178307
180455
180487
180673
180971
181050
181208
181995
182960
183376
183433
183436
184065
185868
185921
186037
186158
187735
188733
189296
189572
189769
190076
190149
194992
195346
196597
196668
199492
200849
203171
204087
204107
205482
207438
207716
211196
212316
212893
215907
215983
217836
217896
218042
219015
220087
224845
225350
226870
226994
227208
229589
231903
232352
234800
237587
238296
238394
240910
242161
243291
244775
244786
245537
245937
246541
249514
251036
251103
253115
253415
253430
253681
253745
253752
253989
254443
254808
255249
255346
255655
255890
257367
261565
262350
264039
265435
267020
269586
272123
274288
275825
276838
276905
277877
278020
278503
279676
280186
282004
282762
282950
284530
285261
285941
287869
288132
288263
289898
291628
292054
292232
292660
292962
294368
295993
298803
299041
299560
300159
301540
303729
303883
304050
305055
305643
306281
307102
307339
308211
308984
309154
310143
310645
312487
312519
312938
312955
313334
315015
316692
317410
318378
321589
321902
322057
323829
324853
327618
328033
329065
329489
330076
330885
331106
331813
332188
333223
335633
335893
336266
336302
337180
339525
339554
339635
340441
340458
341265
341775
342163
343420
344345
344973
345225
347141
347718
349355
349802
355239
355644
356232
357125
357269
358988
359935
360057
360850
361611
362725
363030
363125
363965
365863
365977
368607
368954
369213
369535
369744
370013
370029
370725
370819
372036
373629
373697
374878
375085
375863
378396
379718
379962
380237
381050
382134
383913
385429
385900
386065
386145
386708
389077
390631
391290
393142
393420
394300
394327
395355
396592
398409
399195
400017
400644
402282
402384
402729
405149
405347
405871
406811
407252
407689
408502
409819
410410
411223
413205
413762
414837
414999
417886
418295
420672
421971
426848
427170
428157
429809
434096
434774
436116
436915
437238
437411
438230
438929
440024
440433
440965
441352
441784
443073
443943
445350
446417
448309
449542
450260
451797
451822
452418
453994
454957
456398
457558
457845
460133
462518
463827
464189
464332
464889
465288
465655
467608
468454
469981
470191
471008
472031
472450
473315
473528
474563
475858
480568
480710
480871
483032
485343
485945
487554
488244
489942
491941
493025
495932
497399
498187
499258
502293
502988
503646
504250
504313
506370
506786
507754
508664
509664
510154
510715
511003
511059
512347
513147
514009
514715
515847
516995
518203
518254
519354
519401
519741
520850
521880
522953
523391
523457
524822
524849
527022
528075
529071
529440
530776
532989
533136
534270
534681
535396
535923
536133
537555
538895
539478
540342
540780
542346
542734
543026
543718
543785
544807
544863
546929
547235
549119
555032
556217
558641
559360
559780
559952
560105
560466
561309
561376
561880
562620
562908
563623
563856
565836
566321
568088
569973
571380
572683
572814
573421
573808
573879
574669
576116
578125
578392
579318
579349
579474
579513
580056
581329
582507
583469
584024
584118
585026
585109
585221
585877
586651
587509
589179
589860
591209
591509
592080
593753
594239
595568
599243
599859
600288
602577
603816
604431
605560
605661
606081
606418
607499
609102
610399
611409
611703
614034
614906
617772
618801
619381
619760
621792
623883
624177
624469
625255
625720
627952
630024
631034
631903
638796
638930
639375
639478
640100
640406
640481
641091
643355
643872
645218
647132
647809
649120
649138
649543
651089
652681
653864
654237
657361
657862
657923
658849
659221
659459
659850
660974
661581
661873
663266
663425
664235
665092
665452
666644
668445
669293
669644
672022
672620
675762
675778
676785
677323
678253
678702
680488
680808
681156
681679
682762
682981
683440
684918
685230
685256
686047
686910
688297
689180
689451
690927
691740
693192
693931
694385
695885
696599
697611
698911
701976
702641
703241
705130
709286
709789
710281
710890
711046
711708
712804
712832
713891
714202
714921
715014
715291
715919
716713
717080
718544
718802
720345
721536
722521
723083
723423
723438
723540
724160
726081
728201
728360
728657
729691
731483
731957
732302
733372
733448
734321
734564
735431
735965
736584
736688
736741
737032
740279
741479
742085
742665
742723
743038
743979
744168
744757
746163
746763
746846
747658
747765
748329
748347
749210
749585
751106
753639
754229
754355
755470
755782
755989
757891
757999
758824
760741
761833
764318
764555
765041
765935
766368
767456
768924
771463
771482
771771
772071
772614
772802
772901
773419
773758
776062
776699
777911
778975
780470
782376
783920
784406
784851
784946
784970
786081
786664
791747
792297
794134
794901
795384
796711
797944
798310
798366
799962
800852
802115
802899
804002
806416
807414
807468
807995
808225
808299
808318
810658
810996
811333
811940
812302
813972
815839
816777
817668
817757
817965
820748
821197
821245
822065
823780
825657
826103
827050
828252
828735
828904
828973
829002
829463
831927
834904
835377
836451
837115
838457
838587
840386
841824
841946
842191
843164
847865
847954
848573
848798
850000
850211
851669
852305
854026
855558
855631
856019
857338
857459
857604
857632
861142
861999
862239
862724
863727
864479
866012
866303
866992
867130
869381
870215
870799
870808
872812
872925
873364
873387
874363
874777
876808
878691
878850
878993
879669
880388
880484
882973
883029
884961
885140
885251
886762
887712
887793
888680
889128
889445
890060
890293
891127
891554
891636
893023
894211
894416
896146
897748
899467
900217
901477
901641
903905
905155
906016
906876
907166
907494
907862
908655
909212
909238
910332
913388
915224
915606
916241
917013
917754
918403
918815
919267
919708
919752
921163
921605
922395
923338
923967
925395
925777
926106
926847
926870
927757
928416
928488
929697
930606
932044
932857
934128
936295
937774
939611
940184
940541
941416
942518
942778
943380
943681
944006
945711
946548
947588
948436
948909
949051
949451
950758
952039
955782
956389
956650
957451
957631
958884
959154
959927
960939
961694
961785
962867
963067
963971
964128
965552
967104
969012
969181
970921
971035
972000
972177
972333
973345
973503
973944
976072
976466
977311
980349
981203
981741
981760
982055
982243
982600
983641
983643
985685
986615
986622
987814
987887
989236
989504
989990
990352
991487
993330
994000
996041
998230
998776
1000434
1000524
1000861
1001448
1003349
1003550
1004759
1005569
1005832
1006038
1008744
1008897
1009509
1010873
1013021
1013718
1014251
1014907
1015302
1015459
1015777
1016118
1017066
1018013
1019073
1020838
1020858
1023224
1023532
1024758
1025056
1028129
1029166
1030453
1033044
1034862
1035508
1035748
1037639
1037851
1038745
1038945
1039291
1039600
1039789
1039892
1040956
1041659
1042613
1043603
1043719
1043942
1045038
1045114
1045345
1045458
1045894
1046335
1046709
1048150
1048680
1048933
1049207
1049259
1049524
1050376
1051821
1053301
1053373
1056292
1058946
1059296
1060064
1060095
1060896
1061505
1061588
1061671
1061975
1062039
1062331
1063120
1063169
1064577
1064854
1065349
1065711
1066560
1066576
1068146
1068192
1070652
1070684
1070910
1071124
1071814
1072146
1074122
1074515
1075870
1076224
1076678
1077393
1080799
1082987
1083698
1085795
1086276
1086383
1089241
1091751
1092491
1094419
1095705
1099047
1099595
1099800
1099942
1101455
1101997
1102026
1102351
1102914
1102973
1103011
1103360
1103362
1103917
1104046
1105191
1105309
1107814
1108671
1110675
1110701
1111486
1112787
1113479
1113526
1113553
1115535
1115600
1116532
1117352
1117917
1118382
1119746
1120177
1120343
1121538
1121835
1122614
1124673
1125566
1126091
1127423
1127977
1128465
1128899
1130339
1130618
1131489
1131568
1133525
1134032
1134435
1134499
1135097
1135994
1136826
1137751
1138544
1139106
1139515
1140359
1141816
1142324
1142699
1143966
1144093
1145649
1147888
1148234
1148955
1150062
1150842
1151448
1151491
1154449
1155034
1155080
1156485
1158345
1159890
1160598
1162091
1162458
1164150
1164198
1164450
1166079
1166829
1168224
1168916
1169458
1169728
1169803
1169884
1173000
1173654
1174158
1174196
1175938
1176003
1176865
1178322
1179380
1179574
1179725
1180426
1180854
1180977
1181647
1182921
1183358
1184540
1184593
1185891
1186067
1188308
1189657
1189801
1191324
1191934
1194889
1195298
1196696
1198062
1198652
1198714
1198752
1200002
1200600
1200744
1200808
1201316
1201946
1204276
1204623
1205563
1205896
1208758
1209865
1211244
1211593
1211656
1211836
1213463
1214102
1214328
1215995
1216781
1218293
1218433
1219598
1219840
1221391
1221682
1224494
1225875
1226039
1227019
1228049
1228177
1228444
1228512
1228555
1228760
1229368
1230542
1232171
1233328
1234896
1238038
1238455
1238944
1240177
1240404
1240822
1240858
1241548
1241668
1241763
1242809
1242830
1243108
1243158
1243875
1244901
1244929
1247194
1249270
1251301
1251705
1251834
1252254
1255145
1255860
1257104
1258325
1259980
1260061
1260214
1261344
1262679
1263018
1263442
1263511
1264402
1266447
1267362
1269232
1271431
1271687
1272879
1273415
1273606
1273634
1273931
1274564
1274974
1275497
1275778
1276231
1279104
1279291
1279455
1280351
1280538
1280685
1282477
1283987
1285823
1286006
1286228
1288090
1288202
1289826
1290900
1293235
1293524
1293551
1294224
1294876
1295390
1295415
1295667
1296650
1296856
1300238
1300765
1301786
1301859
1302017
1303183
1303518
1304174
1304369
1304621
1304881
1305851
1307512
1310846
1311311
1313534
1315028
1316864
1316934
1318848
1319429
1320165
1320418
1322417
1322420
1324613
1325137
1326087
1326407
1326791
1328286
1329502
1330304
1330796
1331982
1333672
1336344
1336770
1337827
1340752
1341605
1341688
1342720
1342913
1344930
1345976
1347033
1347596
1348129
1348451
1348580
1348675
1350890
1352829
1353145
1354063
1355865
1356719
1359272
1359582
1359734
1364816
1365770
1365952
1366085
1366287
1369755
1370927
1371156
1372771
1373342
1373637
1374322
1375004
1375656
1377878
1379038
1380062
1380085
1380163
1380848
1381270
1382559
1382721
1386584
1386624
1387231
1388271
1388438
1390593
1391734
1392529
1392624
1392759
1393709
1397609
1398481
1398565
1399130
1400333
1402634
1403809
1404259
1405074
1405704
1407724
1410101
1411265
1411478
1411546
1411986
1412142
1412531
1412719
1413353
1413895
1415392
1418262
1418639
1418767
1419397
1420507
1420743
1422116
1425650
1426310
1426954
1428096
1428142
1429139
1430696
1430706
1431591
1435052
1435527
1435643
1435948
1436658
1439928
1442086
1442351
1443889
1444530
1446070
1446659
1447309
1448949
1449034
1452634
1452882
1452927
1453025
1454143
1454329
1456233
1457354
1457406
1457536
1457694
1458073
1458878
1462325
1462993
1463250
1463644
1463828
1464101
1465238
1465413
1466382
1466891
1467125
1468941
1469008
1470441
1470567
1473154
1473181
1474079
1474807
1476623
1477333
1477976
1478321
1478729
1479867
1480909
1482712
1484953
1484965
1485516
1487099
1487210
1488404
1488714
1489154
1489181
1489300
1489308
1490138
1490734
1491592
1491903
1492349
1492712
1493391
1493842
1494353
1495196
1495939
1496823
1499813
1500189
1500412
1501355
1502099
1504329
1506145
1508471
1508751
1508960
1509432
1510940
1513325
1514972
1516289
1517484
1517540
1517687
1518833
1521739
1522082
1524094
1524404
1524486
1525842
1528638
1529045
1529526
1532472
1534402
1534626
1536312
1536468
1537433
1537836
1538274
1538380
1538623
1539342
1539781
1539824
1540021
1540328
1543214
1543582
1543591
1546286
1546773
1546990
1548465
1548941
1549967
1550674
1551614
1551781
1552092
1553885
1555550
1558334
1558950
1559126
1559288
1561193
1561755
1562167
1564433
1567084
1567233
1568798
1568970
1570691
1571845
1573582
1574519
1576099
1577218
1577417
1577745
1578580
1578850
1579718
1579839
1579879
1581620
1581997
1582212
1588220
1589529
1591637
1593049
1593180
1594951
1596151
1596564
1597029
1598225
1599378
1599714
1600268
1600487
1602465
1604278
1604672
1606787
1607048
1607523
1610081
1610283
1610412
1610879
1612407
1614471
1617743
1620111
1620908
1621146
1621268
1621978
1622636
1623820
1623845
1625138
1626056
1626308
1626430
1626841
1627998
1629181
1629673
1629815
1631108
1632202
1635467
1637259
1637516
1639631
1640871
1642710
1643169
1643982
1645421
1646394
1646523
1649020
1649495
1650058
1651350
1651924
1652398
1653454
1653816
1655553
1655949
1656809
1658369
1658394
1658715
1659841
1663318
1663707
1663779
1664617
1664951
1665033
1667631
1667904
1670032
1670310
1672097
1673906
1674891
1675373
1675858
1676136
1681468
1681657
1682764
1683345
1683464
1685713
1687002
1687318
1690465
1690674
1693349
1694354
1694682
1695264
1695727
1697977
1700018
1700962
1701959
1703011
1703091
1703188
1703254
1704543
1705079
1706239
1706278
1708876
1709010
1709428
1709899
1710642
1710901
1711212
1711392
1711971
1713473
1713650
1713871
1714066
1714906
1716092
1717211
1718388
1718494
1718624
1718851
1719092
1719401
1720263
1720658
1720745
1721870
1722424
1725462
1725952
1726551
1726644
1728632
1729025
1730778
1730970
1731024
1733601
1734176
1734276
1735073
1735937
1736600
1736620
1740169
1740711
1741654
1742260
1744278
1745041
1745797
1746070
1746133
1746985
1748020
1748834
1748999
1749146
1750698
1752473
1752801
1753605
1754145
1756479
1756680
1758787
1760099
1763059
1764576
1767901
1768002
1768071
1768400
1768756
1769288
1769315
1769642
1772260
1772261
1772674
1773340
1775096
1775659
1776707
1776912
1777757
1778380
1778756
1779478
1780430
1780550
1780617
1783648
1783844
1784042
1785112
1789762
1790910
1791009
1793322
1794864
1795749
1796260
1796469
1796873
1797586
1798104
1798287
1799145
1801589
1801819
1803146
1805118
1808447
1809752
1809806
1810640
1810742
1814066
1814210
1816014
1817488
1817525
1818057
1820107
1820723
1820828
1821573
1821902
1821986
1822669
1824479
1824733
1825272
1825370
1825993
1826285
1826694
1827161
1827880
1828195
1828589
1832602
1833249
1833273
1833616
1833907
1834269
1835020
1837784
1838197
1838812
1840092
1840188
1840321
1841016
1841053
1844348
1844429
1844724
1845090
1845276
1845794
1846763
1846972
1847909
1848152
1850759
1852597
1853165
1853647
1854106
1857008
1857113
1861126
1861155
1863152
1863246
1863398
1863865
1864007
1865761
1866874
1867268
1868919
1869817
1870010
1871226
1872092
1872297
1873460
1873764
1874526
1876075
1876158
1878335
1878364
1880310
1882993
1883227
1883411
1885204
1886083
1886128
1888387
1889442
1889620
1890627
1891834
1892164
1894573
1895749
1895910
1896492
1897018
1897413
1897575
1897788
1898304
1898626
1900426
1900647
1901081
1902294
1902715
1904591
1906056
1907493
1908663
1909734
1912439
1913133
1915433
1916319
1920284
1920424
1920458
1921386
1923340
1923766
1923857
1924758
1926997
1927382
1927615
1928588
1929876
1930168
1930357
1931015
1931143
1932267
1932324
1932367
1933268
1934325
1934940
1934941
1936083
1936286
1936534
1937676
1938121
1939188
1939257
1939722
1942995
1944813
1945447
1945561
1946158
1946192
1948198
1948346
1950067
1951732
1952681
1953988
1955751
1956117
1956662
1957348
1957615
1958159
1958992
1959460
1959977
1960767
1963719
1965008
1965506
1965931
1967302
1967461
1967719
1968374
1968874
1969749
1969830
1970388
1971113
1971459
1972460
1972914
1974171
1975005
1975348
1975989
1976962
1977392
1978910
1980361
1980817
1983002
1983256
1983749
1984301
1984818
1984979
1985128
1985570
1985572
1986090
1986189
1991020
1995417
1995809
1995923
1996482
1998651
1999206
2003017
2003386
2004214
2005917
2011398
2011649
2012243
2012749
2012908
2013267
2013346
2015166
2015931
2018032
2018524
2018530
2020402
2021760
2022130
2022749
2024355
2025193
2025825
2026282
2026569
2028240
2028772
2030103
2030932
2031645
2032175
2032874
2033637
2034337
2035707
2036601
2037460
2037838
2041948
2043493
2044485
2045733
2047016
2048156
2049134
2050230
2050434
2051289
2051429
2052934
2052938
2055176
2055543
2055620
2055870
2058202
2060264
2060561
2061540
2061661
2061961
2065078
2065544
2065904
2068101
2070740
2072610
2074172
2074591
2074596
2075701
2075896
2076016
2076098
2077218
2077225
2078061
2078783
2079699
2081859
2081865
2083967
2084301
2084343
2085624
2086129
2086168
2086850
2087285
2087610
2087741
2088869
2092130
2093895
2094439
2094944
2095203
2096614
2096877
2097753
2098023
2099816
2101221
2102182
2103075
2103810
2106255
2107215
2108065
2108626
2109573
2110697
2111234
2111697
2112370
2113073
2113520
2113521
2113781
2113990
2115235
2115295
2115423
2115531
2116593
2119645
2119705
2120309
2121727
2122326
2122590
2122897
2123267
2124090
2127824
2130139
2130508
2131558
2132017
2132410
2133228
2133279
2134936
2135469
2138487
2140078
2142555
2142869
2143101
2143103
2143639
2144376
2145712
2151009
2151552
2151643
2152311
2153366
2155977
2156588
2156933
2157736
2160844
2162798
2163126
2163213
2163389
2163570
2163760
2164910
2166688
2168142
2169022
2169095
2172338
2172827
2172891
2173798
2174728
2175150
2175515
2175724
2175827
2176342
2176583
2178534
2179483
2180807
2182176
2182257
2186881
2187437
2187610
2187876
2191619
2194407
2194538
2194813
2195435
2198107
2198795
2199048
2199316
2199367
2200830
2201019
2201098
2201424
2202192
2203813
2205171
2205492
2208384
2208853
2210715
2211742
2213182
2214057
2214341
2215481
2215587
2215953
2216199
2217584
2217958
2219654
2221583
2223391
2223827
2223968
2224000
2224165
2225388
2225501
2225961
2227104
2230483
2230800
2231605
2232791
2233508
2234104
2234602
2235123
2235860
2236542
2236559
2237839
2239426
2240167
2240290
2241293
2241698
2241992
2244169
2244260
2244558
2245603
2248243
2248679
2249408
2249986
2251461
2251830
2254038
2254744
2255369
2256048
2257877
2257891
2258468
2260272
2262073
2262184
2262755
2263202
2263448
2264508
2265260
2266801
2268871
2268986
2269759
2270320
2273739
2274762
2276007
2277468
2277474
2277667
2277776
2278790
2279191
2279446
2280420
2281561
2281638
2282220
2282316
2286110
2286794
2286856
2287834
2290228
2290399
2290535
2291097
2291475
2291841
2292331
2292807
2292838
2292938
2293936
2294335
2294444
2294841
2298330
2301177
2302506
2302746
2302855
2303088
2303464
2304749
2305235
2306092
2308858
2308968
2309241
2309528
2309965
2310651
2311521
2312428
2313560
2313701
2314955
2315167
2315207
2316099
2316442
2317415
2317760
2320911
2322263
2323145
2323164
2323251
2325038
2326911
2328314
2329213
2329449
2331609
2333256
2333298
2333423
2333919
2334878
2335377
2335653
2336277
2336741
2336825
2336826
2336888
2336924
2337133
2341283
2342803
2343152
2344148
2344743
2345526
2346733
2347120
2348053
2349027
2349097
2349138
2349230
2350879
2351152
2351370
2352146
2354257
2354275
2355245
2355437
2360372
2363060
2363781
2365587
2366046
2367819
2368162
2369055
2369398
2372232
2373195
2374187
2377206
2377708
2377832
2378408
2379155
2380321
2380908
2381828
2382249
2383221
2383817
2384686
2385488
2386079
2387098
2387180
2388004
2388298
2390401
2393018
2393342
2393854
2394058
2395612
2396143
2396309
2397907
2398449
2398656
2399156
2400919
2402156
2402213
2403693
2405319
2406414
2406623
2407730
2409395
2410609
2412681
2412835
2414476
2415279
2415375
2415919
2416016
2416372
2416667
2416833
2419608
2419763
2422373
2423066
2423773
2425384
2428813
2428908
2431618
2432366
2433295
2433687
2434177
2434790
2435635
2436777
2436934
2437449
2437816
2438014
2438323
2440422
2440853
2440912
2440999
2442266
2443525
2443936
2446438
2447416
2447616
2447699
2447825
2448181
2448426
2448654
2448842
2451306
2452513
2452922
2452993
2456186
2458783
2460165
2460284
2460664
2460688
2462477
2463459
2464953
2465635
2466608
2468344
2469058
2469230
2469419
2469874
2469946
2472354
2472642
2473045
2473054
2474202
2475128
2475438
2475819
2477949
2479285
2481203
2481454
2481479
2481546
2482304
2483037
2483261
2483782
2483914
2484039
2486520
2487212
2489002
2491402
2493381
2494685
2497080
2498571
2500214
2501189
2501823
2501996
2502215
2502734
2502980
2506284
2507703
2509903
2510434
2510875
2512762
2512816
2512989
2513386
2513402
2515819
2516180
2516864
2517558
2517845
2517895
2520653
2522070
2522342
2523164
2523668
2523953
2526354
2526526
2526836
2529154
2531560
2532073
2532154
2533710
2533802
2533941
2535138
2536286
2537565
2538020
2538573
2540016
2542271
2543424
2547352
2548196
2549244
2549884
2550194
2550841
2550918
2551057
2553132
2553405
2555585
2556040
2557148
2558535
2558889
2564026
2565316
2565326
2568789
2570936
2571047
2572639
2573854
2574447
2574557
2576618
2577295
2578790
2579406
2579568
2580450
2580454
2580775
2581432
2582059
2582274
2584774
2585065
2586372
2586454
2586664
2587141
2587218
2587729
2587907
2588348
2589942
2591720
2591964
2591968
2593435
2593871
2593893
2595178
2595487
2595886
2597922
2600392
2600589
2600960
2601011
2602940
2603946
2603982
2606987
2607018
2607737
2609287
2609486
2610833
2611085
2611447
2616134
2616348
2617021
2617154
2618274
2618844
2619129
2619168
2620358
2620744
2621140
2621474
2623129
2624106
2624924
2625103
2625371
2625490
2626228
2627725
2628161
2629314
2629890
2631827
2633281
2633412
2634000
2634509
2635306
2638156
2638616
2638937
2640012
2641175
2642745
2642891
2643831
2644873
2646066
2646348
2646625
2646723
2647789
2648086
2648144
2650106
2651311
2652317
2652612
2652726
2652946
2653320
2657659
2660461
2660826
2663074
2664114
2666268
2666850
2671585
2673459
2673484
2673652
2677898
2678595
2679361
2680164
2680852
2681199
2681509
2684539
2684997
2686129
2686483
2687601
2687832
2689269
2690505
2693163
2694093
2694498
2695591
2695950
2696804
2697908
2698309
2699946
2699973
2701364
2701731
2701762
2703133
2703456
2703659
2703890
2704051
2706637
2707083
2708375
2709315
2709496
2709962
2711208
2714740
2715704
2717291
2718771
2718986
2719750
2720270
2720305
2720664
2720758
2721183
2722272
2724467
2724945
2726070
2727649
2730701
2732192
2733839
2734961
2735962
2740493
2741263
2741287
2746723
2747036
2749468
2750606
2752898
2753179
2756518
2756715
2758638
2759028
2759134
2759820
2760804
2761609
2765165
2766143
2768335
2769445
2769702
2771717
2773664
2774236
2774796
2775507
2775534
2776529
2777309
2777424
2777948
2778453
2778818
2778983
2779431
2779899
2781143
2782584
2784246
2784485
2784731
2785711
2786262
2786506
2788427
2788967
2789304
2789859
2790173
2791425
2791467
2791779
2792116
2793506
2793700
2794290
2794723
2795878
2797982
2799338
2801933
2803173
2805127
2805934
2806624
2807029
2809452
2809594
2810925
2811065
2811224
2811995
2816004
2816494
2819711
2820806
2821250
2821474
2821950
2822080
2822170
2823305
2824554
2827695
2827797
2828312
2828605
2829010
2829759
2829904
2830110
2830158
2830636
2831997
2832838
2833482
2835907
2838828
2839346
2840594
2841488
2843423
2845082
2847102
2847288
2849553
2850113
2850532
2851319
2852342
2852711
2854079
2855957
2856454
2856595
2857951
2858244
2859253
2860815
2861920
2861937
2863545
2866539
2866878
2869076
2869223
2870397
2873182
2873524
2873942
2874081
2874613
2875306
2876039
2878991
2879074
2879829
2882242
2883423
2884020
2884792
2885971
2887009
2887702
2888659
2889493
2890388
2891093
2892836
2893158
2897953
2898560
2900489
2901902
2902574
2903385
2904207
2905409
2905984
2905988
2906177
2906483
2907359
2909369
2910064
2910127
2911776
2911987
2912220
2912300
2913145
2913327
2913435
2913495
2913674
2913768
2913924
2914394
2915091
2915396
2915543
2916004
2917968
2918485
2919022
2919934
2921599
2921615
2921790
2922034
2922146
2923883
2924253
2925188
2925197
2927711
2927739
2928633
2929372
2931135
2932441
2932636
2932750
2933380
2935033
2936855
2937711
2939135
2940138
2940518
2940576
2940867
2942724
2943074
2943093
2943642
2943854
2946232
2946303
2946598
2948728
2949034
2949450
2950401
2950522
2950886
2952515
2952830
2954243
2955284
2955614
2956287
2956885
2957495
2958221
2958701
2960934
2961049
2961191
2961470
2961731
2962108
2962825
2963872
2966614
2969710
2970874
2972436
2973699
2974715
2976338
2977221
2978193
2980170
2980496
2981435
2982198
2983181
2983376
2983752
2984028
2984616
2985844
2986419
2986672
2986799
2987796
2990818
2991000
2994415
2996422
2997184
2998076
2998450
2998639
2999637
3000231
3000338
3000736
3000938
3001441
3002244
3003270
3007383
3007539
3008159
3009408
3009436
3010216
3011441
3012305
3012398
3012778
3012991
3014004
3014015
3016691
3017297
3017976
3017988
3019088
3019456
3019890
3020209
3021700
3022238
3025690
3025963
3028025
3028828
3030250
3032914
3033137
3033568
3034775
3035908
3037550
3039752
3039956
3041180
3043728
3044409
3045751
3046161
3047009
3050219
3051247
3052266
3053108
3053684
3054856
3055276
3056668
3057303
3057565
3058669
3059395
3060128
3060776
3061958
3061965
3063336
3064774
3068281
3070306
3070499
3070586
3070782
3071031
3071263
3074433
3077772
3078474
3078862
3079276
3080078
3080997
3081696
3082852
3083251
3083565
3084420
3084688
3084827
3086134
3089779
3090824
3090831
3092412
3093397
3094373
3094870
3095684
3095756
3097305
3098006
3098168
3098707
3099293
3101046
3102912
3103095
3103635
3103916
3104997
3107271
3108272
3111810
3112163
3112638
3113386
3114080
3115440
3115823
3116009
3116144
3116511
3117709
3117966
3119158
3119769
3122425
3125408
3127298
3128155
3129410
3130579
3132588
3134143
3134407
3135768
3136452
3136623
3137111
3137654
3138921
3139017
3139347
3140392
3141747
3141781
3145742
3146792
3147130
3149241
3150251
3150451
3151891
3152857
3152981
3153081
3153582
3155249
3155279
3155626
3156196
3156417
3156945
3157060
3158999
3159073
3159789
3161048
3161979
3163077
3163209
3164201
3164836
3165208
3165395
3165543
3166236
3166512
3169620
3171074
3171138
3171362
3171519
3171841
3171855
3172052
3173801
3174413
3176938
3177043
3178415
3178513
3180540
3180825
3181020
3181577
3182957
3184026
3184785
3184936
3185621
3187679
3189332
3190087
3192814
3193836
3193988
3194859
3194992
3195155
3196577
3197697
3197757
3197948
3199167
3199710
3201098
3201865
3203122
3203908
3204455
3204625
3205813
3206050
3207727
3208730
3209121
3209316
3210554
3211517
3212595
3212673
3213732
3213786
3213837
3215252
3215881
3216265
3216764
3216906
3217358
3218416
3219971
3221375
3223863
3225090
3225146
3226386
3226750
3227218
3227399
3228688
3228728
3229947
3231415
3231824
3233020
3233203
3234497
3234922
3235747
3237266
3237369
3237577
3237791
3238514
3238961
3239487
3239547
3240997
3241121
3244698
3245705
3246139
3247123
3247754
3249498
3249682
3251141
3252251
3253888
3254822
3255118
3257301
3258867
3260629
3264353
3264940
3265378
3265441
3266157
3266625
3266762
3267425
3267948
3268500
3269201
3270770
3272077
3273352
3274086
3274547
3276126
3278829
3281893
3281965
3282214
3284298
3284992
3285371
3286052
3286340
3286662
3286791
3286910
3286930
3288263
3288337
3288424
3290103
3290106
3292131
3292583
3293250
3295273
3296210
3297463
3300938
3301330
3302276
3303893
3304307
3304444
3307622
3307911
3308274
3309555
3310461
3310669
3311197
3313049
3313303
3315337
3317316
3318360
3319478
3319659
3320002
3321030
3321358
3322197
3322688
3322930
3323048
3324559
3327071
3327765
3328769
3328844
3331967
3332150
3332598
3334141
3334335
3334530
3334540
3336449
3336544
3336589
3336625
3337817
3338223
3338729
3340254
3340808
3341725
3344028
3345229
3345507
3346365
3346440
3347519
3347831
3348549
3348565
3349986
3351085
3351337
3351475
3352344
3356415
3356604
3357876
3359922
3360042
3362493
3362536
3362694
3362873
3364554
3365788
3367031
3367132
3367804
3368232
3369364
3370974
3372274
3373322
3375392
3376864
3377585
3378284
3378688
3379156
3379582
3379628
3380796
3380916
3381829
3383371
3386395
3386923
3387801
3388237
3389143
3389539
3390680
3391112
3392372
3392504
3393186
3393344
3395008
3396289
3396360
3396872
3397982
3398096
3398392
3398425
3398567
3399196
3400537
3401610
3401952
3402437
3403306
3404120
3404889
3406619
3407013
3407254
3407364
3407431
3409603
3409852
3413205
3413419
3414482
3415011
3417164
3417176
3421703
3422294
3422521
3423581
3423947
3424650
3425897
3427340
3428030
3428074
3429718
3431657
3432265
3433109
3433236
3433652
3434532
3435797
3435988
3436499
3436508
3437243
3437507
3437802
3438313
3438555
3438559
3440046
3440757
3441687
3441735
3442045
3444540
3444725
3447420
3447635
3449245
3449576
3450732
3450986
3451695
3452118
3452474
3452975
3454324
3454661
3454794
3454945
3455341
3456743
3456996
3457522
3459900
3462283
3463164
3464438
3465348
3465571
3466121
3466772
3467573
3468427
3472620
3473533
3474001
3475061
3475338
3475838
3476066
3478298
3478629
3481617
3482346
3484710
3484819
3485500
3486698
3487926
3488224
3489004
3490031
3490807
3491458
3493365
3494769
3494931
3495130
3496168
3496690
3496938
3498199
3499166
3503560
3505591
3507483
3508164
3509386
3511663
3513613
3514380
3515526
3515667
3516707
3516721
3522479
3523012
3523041
3523595
3524642
3525204
3525626
3525726
3526041
3527717
3529322
3532632
3535131
3536868
3536975
3538570
3538874
3539502
3540983
3541084
3542562
3542674
3543039
3543861
3545658
3546000
3546387
3547284
3547986
3548129
3549099
3549149
3551515
3551919
3553025
3554832
3555326
3556699
3558397
3560003
3562673
3562809
3563037
3563457
3564275
3564355
3565314
3566485
3566587
3568607
3568670
3568904
3568963
3569031
3570131
3570213
3573024
3573736
3574838
3575101
3576080
3576110
3576607
3577345
3578073
3578491
3579434
3579868
3580327
3583775
3585722
3586797
3586986
3588113
3589193
3589633
3589650
3589909
3590922
3593764
3594677
3594948
3595093
3595359
3596942
3597481
3597619
3598109
3599437
3600023
3600537
3601570
3602228
3603196
3604075
3604241
3605690
3607783
3608447
3609118
3609570
3610318
3611100
3612172
3612844
3613018
3613363
3614377
3614505
3614542
3617493
3618229
3618556
3620761
3620973
3625040
3626454
3626922
3629078
3629087
3630255
3632230
3632292
3632454
3632867
3633745
3634867
3635759
3636722
3637982
3638752
3639082
3640276
3640920
3641927
3642158
3642280
3643980
3644725
3645183
3645589
3647190
3652613
3652814
3655314
3658791
3659711
3659822
3659870
3660054
3660199
3661041
3661804
3662986
3663209
3663880
3664205
3664454
3664523
3664729
3665388
3665996
3667945
3668335
3668360
3668914
3670071
3671285
3673556
3673627
3675045
3675094
3676990
3677055
3679249
3679500
3680916
3682006
3683683
3683838
3683999
3687304
3690002
3691081
3691373
3691993
3694210
3702105
3702302
3703397
3703676
3704025
3704483
3704733
3704783
3705793
3706011
3706194
3706600
3706660
3709384
3709764
3710654
3711371
3711487
3712179
3713818
3714377
3714389
3716177
3716243
3716592
3717415
3717462
3718455
3719628
3720962
3721343
3721592
3723586
3723999
3725488
3725518
3726296
3727729
3728754
3730864
3731940
3732676
3733208
3738245
3739751
3740672
3741026
3741819
3743482
3743919
3744013
3744528
3744917
3745076
3745218
3745582
3746328
3747397
3747824
3749769
3750983
3752540
3752877
3755627
3755669
3758713
3759596
3759914
3761021
3761085
3762121
3762214
3762479
3763665
3763965
3767336
3768628
3768928
3769975
3770510
3772031
3773923
3776674
3776707
3777130
3777689
3777970
3778418
3779778
3780145
3783062
3783834
3783839
3784762
3785054
3785301
3785550
3787030
3790057
3790210
3791168
3792356
3792369
3792876
3793349
3794651
3795434
3795847
3796160
3797250
3799670
3800473
3801309
3801817
3802985
3803747
3804412
3805741
3806422
3806833
3806938
3807080
3808404
3808514
3809503
3810464
3810582
3811750
3813595
3815241
3818082
3821048
3821638
3822241
3823593
3823639
3825268
3825448
3825851
3826082
3826451
3826804
3828098
3828754
3830446
3832070
3832340
3834481
3834816
3836320
3837354
3840592
3841416
3842173
3844387
3844653
3845501
3847564
3847693
3848224
3848441
3849161
3851934
3852966
3852976
3853436
3855270
3855312
3856221
3856337
3856668
3858358
3858669
3859763
3861265
3863685
3863706
3863769
3866273
3868874
3868971
3869542
3870382
3871525
3871890
3872798
3872903
3873692
3873908
3875249
3876048
3876462
3877282
3877315
3878065
3878390
3879406
3880278
3880607
3881722
3881967
3884065
3885269
3885562
3885583
3885970
3887892
3890221
3892316
3894220
3895242
3896594
3897096
3897455
3897608
3897613
3897979
3900094
3900633
3902444
3902451
3902525
3907631
3909181
3909505
3914575
3914868
3916661
3917406
3917445
3917892
3919161
3919375
3919441
3920410
3921102
3921501
3922123
3922644
3923022
3923111
3923879
3926029
3927490
3928587
3929357
3930067
3931231
3932285
3932486
3933642
3934729
3935931
3936234
3938123
3939907
3940958
3943631
3943893
3945673
3946080
3946225
3947416
3947441
3947973
3949879
3950503
3953138
3953842
3954327
3957262
3957823
3957849
3958655
3959218
3959443
3960797
3961072
3961269
3962153
3963904
3963909
3964899
3965061
3965522
3966682
3966741
3967440
3970417
3970549
3974502
3974560
3976572
3976592
3977076
3977470
3977644
3978680
3979068
3979430
3979607
3984510
3984659
3985203
3988277
3988430
3988490
3988731
3988947
3989117
3989886
3990809
3991137
3991743
3992010
3992176
3994618
3995084
3995881
3998351
3998833
4000081
4000093
4001151
4002730
4006293
4006649
4007413
4008278
4008972
4009720
4010110
4012668
4012687
4012724
4012814
4014074
4014539
4014570
4014774
4017204
