317
714
1098
4243
4763
6189
6823
8557
10101
10316
10327
11280
11358
11914
13144
13173
14427
14461
14570
15586
15860
16464
16872
17233
17420
18000
18105
19214
19274
19682
19775
21336
22778
23210
23510
23712
24831
25748
26110
26634
28120
28213
28512
29467
30890
31929
31976
32112
33725
33965
35765
36094
39254
39761
40413
40474
42637
42677
43671
43752
44645
44906
45206
46103
48459
48506
49172
49943
52584
52760
53061
54978
55300
55680
55836
56437
56658
57102
57280
58152
59406
59646
60427
62282
62311
62641
63390
65213
65937
68992
70200
71428
72094
73094
73608
74675
75309
75322
76886
77268
77440
78455
78917
80073
80789
81111
81357
84212
84431
87128
87680
89144
89791
90722
90990
91522
92587
93230
94131
94283
94548
95103
97368
98060
99006
99214
99216
99322
99547
99961
100460
101416
101649
101681
101877
103275
104295
105278
107139
107185
107988
108975
109787
109817
111808
111896
113068
113490
114017
117709
118187
119369
121729
122257
123249
123565
123766
127026
128840
133183
133851
134418
136841
137172
137344
137689
137894
138616
139350
140160
141696
142405
143054
144172
144402
144443
146253
147537
148009
150238
150716
151269
151404
151844
152165
152565
152994
153938
154140
155961
156755
157405
157708
158339
160005
164026
164460
164994
168715
169023
169122
170494
172128
172658
173975
174166
174623
175095
175335
176970
177269
178764
180339
180437
182311
185388
185842
186653
187647
188738
189837
191662
192036
193334
196237
196975
197164
199805
199857
201723
202580
202613
202774
203739
204828
205467
205585
208103
209444
209588
209606
210845
210877
211102
212330
212627
213316
214270
215548
217444
217993
218308
221628
223499
225511
226485
228170
228580
229787
230008
231755
233193
235295
235787
237445
237578
238624
239137
239214
240942
241014
244148
244878
245296
246629
246654
247922
248002
248846
249493
252618
253623
253821
254033
255979
257894
257937
258300
259028
259031
260338
260382
262902
263416
264574
265028
267157
268436
269044
269662
270679
270901
271334
273424
274929
274958
275445
275688
276525
276781
277837
279696
280093
280512
280710
281723
284469
285717
285874
286500
287446
289380
289470
289704
289754
290129
290398
293824
296544
298032
298093
298183
298499
298833
299215
299873
300590
300595
301210
301403
301809
301984
301994
302771
302981
303547
304131
304883
305597
307634
310905
310964
311156
311885
312990
313140
313208
314150
314442
314961
318112
318532
320422
320631
321184
322620
323510
325747
326044
328450
329377
329436
329629
329696
331086
332306
332834
332912
333034
335726
335873
336396
336885
337043
338042
338587
339504
340539
341752
342798
345515
346487
346773
348165
348359
348936
351568
353160
353585
354213
354975
356644
357479
358326
360249
360462
361493
361757
363936
364690
366137
367010
368170
369484
370025
370862
371682
374153
375981
378800
379224
379236
382028
383478
383693
383855
384184
385591
385640
387570
388792
389868
390275
390434
390471
391898
394479
395148
395279
396425
397548
398122
398621
399659
400661
402079
403135
404378
404409
405323
405384
405920
406505
407444
407662
408228
409126
409796
411988
413503
414819
415695
415822
415920
416839
417054
419601
420204
420235
420469
420583
422575
423589
423608
423714
424643
427940
429461
429736
430636
432684
432838
434353
434636
436321
437187
438200
438435
439342
441082
442002
442627
444796
444986
445412
447137
448444
450058
450543
450822
451768
452321
452973
453408
453925
453957
454522
459361
460488
461321
461327
461402
462107
463016
463145
463606
465286
465324
465599
465820
467021
468581
469470
471630
472999
473777
474176
476605
477240
477757
478198
478852
480944
481125
481654
484119
484927
486378
486768
487569
488408
488514
489106
490073
490950
491086
492798
493934
495418
496272
496762
498054
498519
498813
499431
500185
500293
503494
506970
507412
509287
509671
512111
512738
514954
515029
515196
515313
515356
517220
517605
518853
519333
520307
523325
524013
524567
526046
526697
527643
527724
529025
530493
531040
533853
533970
534557
536464
536818
537322
537666
537877
538532
538533
538911
539327
540740
540880
541329
542800
543382
543425
545365
546051
546073
548989
549313
549342
550479
550872
551920
552297
553426
555218
556672
557133
557543
557671
557757
559391
562407
563361
564602
565188
566166
566918
568436
568446
568992
569591
570838
570965
570975
571660
572134
575190
575328
575916
576063
579133
579795
580034
580220
580755
583098
583946
585645
586151
586850
588571
589602
589939
590615
591013
591031
591509
591894
592375
594412
594858
595124
597721
597862
598428
599631
600470
603351
604392
604721
604840
607032
608637
608981
610016
610641
611291
611870
612694
613177
613408
614159
614785
615049
615358
615368
616659
617602
619693
620788
622176
624112
626010
626754
626884
627092
627621
628729
632823
633071
634227
634245
634770
635020
636303
637256
637657
638667
638732
639238
642591
642614
643540
645697
645858
646556
648320
648747
649136
649408
649746
650825
651451
651978
652201
653359
653576
653757
654230
655071
655467
655593
657126
657550
659141
660050
661071
661353
663178
663627
665654
667357
667605
667685
669100
670042
671225
671973
671995
674318
676726
677076
677327
678276
678302
678392
679890
680049
681221
682588
682984
683376
684244
684490
685132
685444
685522
685629
685879
686063
686804
687171
687931
689205
690926
695571
696070
696479
698843
699580
701291
702928
703522
704005
704096
704181
704741
705071
705293
705556
705768
708840
708975
709200
710098
711134
713122
713435
716761
717586
718272
718637
719435
723931
724050
726463
729070
729838
730705
730774
731551
733139
733413
734223
735547
738019
738195
738271
738460
740742
742707
742820
744668
745034
745770
746869
747297
748163
751360
751946
753591
753957
753976
754175
757343
758728
758813
761571
762100
762815
763184
763945
763948
763973
764457
764525
765876
767772
769434
770791
770906
771021
771132
771266
771394
772598
772736
773110
775434
775557
776364
776419
776566
776811
778273
779979
780339
780919
781047
783059
783303
783368
784337
786065
786533
786690
787433
788019
788749
789553
790034
790454
790810
791049
791111
793049
793787
794396
795115
795153
795673
800724
803787
805381
805909
806453
807377
810975
813493
816188
816868
817502
819060
819871
821566
822554
823836
824808
825180
825734
826243
826294
827934
830780
831670
832940
835553
836851
836993
838198
838221
838972
839459
842206
842941
844329
845620
845631
845943
846613
848285
849109
849906
849907
850046
850781
851794
853395
854940
855676
855953
858561
860485
862305
862723
864082
864475
866686
869490
869631
870638
871127
871189
873232
874531
874987
875946
876043
876718
877260
877671
878347
878371
879464
880313
880520
880853
881346
881869
882134
882887
883043
885180
885619
887050
888701
890865
891131
891184
891238
891893
893449
893616
895165
895572
896346
896446
896631
898239
898977
899702
899730
901970
903069
903726
904900
906608
907374
909513
910788
914944
914972
915062
916534
917639
917706
918789
921363
922881
929017
929056
930805
935156
935488
936681
937364
937427
937857
939029
939127
939377
939717
940509
940877
941507
944862
945229
945871
947421
948767
951563
952400
952639
952901
954245
954305
956010
956435
957066
957274
959882
960674
962062
962695
963312
963354
966010
967147
968816
970296
970857
971467
971737
972169
972234
974410
974514
975888
976032
976093
976889
977171
978498
979615
980940
981982
982335
984071
985096
985955
991254
992425
993022
993502
993541
994521
994662
995167
998116
998589
998690
998790
999739
999774
1000424
1000753
1000763
1000764
1001621
1003253
1004128
1004920
1005574
1005721
1005726
1006681
1006802
1008272
1009116
1009261
1012754
1013951
1014071
1017413
1018738
1019778
1019916
1021621
1023060
1023796
1027259
1028163
1028553
1030254
1031921
1032630
1033558
1033896
1034717
1036625
1036712
1037315
1038664
1038963
1040066
1040727
1041147
1041782
1042917
1044247
1045245
1045756
1047316
1047768
1049266
1050120
1050365
1052612
1054644
1056116
1056363
1056387
1056650
1056917
1057418
1058968
1059052
1059714
1061095
1061497
1063620
1063814
1064817
1065195
1065893
1066111
1066506
1068750
1069367
1069641
1070407
1070824
1071802
1073470
1073689
1074886
1075373
1075694
1076079
1076685
1077335
1077623
1078213
1080304
1081619
1081767
1085205
1085826
1086079
1086475
1086676
1087918
1088622
1090064
1090079
1092283
1095012
1095414
1096231
1096594
1097836
1098421
1099653
1100467
1100722
1100747
1101958
1102196
1102890
1104084
1104499
1104622
1108008
1108474
1108869
1109248
1112017
1112651
1113252
1113396
1113818
1116955
1119851
1120002
1121039
1122391
1122552
1122557
1123871
1124063
1124149
1124974
1126723
1128670
1133009
1133404
1133440
1133745
1134522
1136476
1139159
1139489
1142366
1142597
1142670
1142696
1143901
1144227
1144645
1145544
1148140
1148475
1149763
1151471
1151875
1154394
1154573
1155110
1155361
1156604
1157323
1158352
1158560
1158574
1159009
1159211
1159227
1159355
1159525
1160373
1160445
1160722
1160746
1163711
1164605
1166576
1167758
1168493
1168595
1169526
1169733
1169964
1171414
1171770
1172919
1173127
1174902
1175712
1179431
1180946
1180981
1181304
1181760
1182176
1185984
1190804
1191147
1192726
1193502
1193605
1193803
1195290
1197578
1197812
1198187
1198464
1198605
1199966
1200159
1200990
1201662
1201909
1202241
1202260
1202711
1204289
1208591
1212089
1215580
1217337
1219157
1220638
1222112
1222877
1222954
1223416
1223884
1224022
1224343
1224541
1226065
1226829
1228181
1230955
1231713
1232256
1232429
1233318
1233597
1236971
1238124
1238299
1240013
1240211
1240773
1242234
1242629
1242916
1245840
1247178
1247283
1247647
1247911
1248088
1248153
1248742
1250148
1250193
1251120
1251917
1252947
1254627
1254759
1256744
1256950
1257919
1258228
1258738
1261368
1261788
1261997
1262465
1262892
1263807
1263935
1264020
1264991
1265739
1265818
1266081
1266819
1267061
1268018
1268345
1269999
1273160
1273457
1273977
1275695
1276479
1280494
1282333
1282397
1282555
1282636
1283444
1283912
1283996
1284696
1284764
1287795
1290335
1290367
1290823
1291468
1292117
1292320
1292751
1293254
1295017
1295827
1296280
1298017
1299011
1300518
1301196
1301250
1302195
1303126
1304122
1305741
1306245
1307290
1307579
1307809
1309037
1310204
1310946
1312787
1313471
1314411
1314605
1314681
1315563
1317456
1319515
1320009
1320214
1321873
1321930
1322906
1323129
1323212
1324058
1324392
1324816
1324950
1326561
1328660
1328884
1332680
1333709
1334096
1334252
1334534
1335414
1335796
1336540
1336667
1337275
1337677
1338777
1341587
1342912
1343055
1343739
1345489
1348786
1348877
1350883
1351938
1352269
1352703
1353643
1353939
1354047
1354187
1354561
1356936
1357164
1357465
1358192
1359046
1359291
1359324
1359442
1360053
1360571
1361366
1362550
1362613
1363109
1364758
1368525
1368607
1369730
1370695
1370885
1371799
1372003
1373869
1375062
1375767
1375802
1375885
1376618
1380593
1380601
1380617
1381314
1383261
1383705
1384797
1384951
1387140
1387323
1387906
1388182
1388874
1390054
1390309
1390419
1390585
1390743
1392335
1392755
1393849
1394740
1395875
1398269
1398453
1398731
1398836
1399169
1400863
1400871
1401209
1401842
1402746
1403155
1404875
1405096
1405188
1405642
1406443
1406535
1409113
1409645
1410036
1410299
1410784
1411197
1412642
1413161
1413175
1413438
1414095
1414802
1415277
1416023
1416425
1417291
1418228
1419109
1419368
1419533
1420219
1421591
1422161
1423879
1425205
1426162
1426838
1428363
1428743
1428762
1429498
1429662
1429808
1430809
1432158
1433854
1434118
1435961
1436021
1437147
1438413
1438659
1441114
1442658
1443359
1444170
1444611
1446186
1448606
1453295
1453973
1454044
1454331
1454862
1455987
1456150
1457199
1457544
1457835
1459316
1460989
1461630
1461875
1462440
1464631
1464897
1465589
1466277
1466505
1466873
1467243
1470548
1473444
1477754
1479578
1482220
1483184
1487165
1488956
1488980
1489056
1489073
1489192
1490648
1495158
1496114
1496763
1497008
1498629
1498948
1500829
1501041
1501826
1502329
1502389
1502459
1502711
1502851
1502932
1503295
1504528
1505612
1506676
1506741
1507261
1507714
1511112
1511720
1511894
1512283
1514604
1514979
1515093
1515356
1516236
1516508
1517312
1517489
1517961
1520106
1520669
1520971
1521170
1522060
1523394
1523475
1523956
1524022
1524150
1525249
1525464
1526012
1526715
1527305
1528128
1528594
1530963
1531238
1532464
1533008
1533552
1533646
1533864
1535100
1535215
1536891
1537819
1538195
1538294
1538609
1540057
1541068
1541672
1543961
1544133
1544211
1545667
1549462
1549601
1550329
1550758
1551286
1554374
1555616
1556878
1557093
1557224
1557912
1558837
1559119
1561950
1562267
1564237
1567539
1568937
1570661
1571941
1575049
1575323
1576147
1582575
1583237
1584278
1584590
1587823
1588334
1589027
1589599
1589758
1590001
1590982
1592896
1593154
1593178
1594253
1595051
1595392
1596788
1597768
1598011
1598293
1599470
1600718
1601253
1601287
1601862
1607525
1607613
1608675
1608784
1610112
1611127
1611827
1612470
1613210
1613264
1614121
1615793
1615821
1619001
1620908
1621280
1621590
1623468
1624659
1625078
1625286
1626175
1628082
1629367
1629378
1630038
1630449
1630543
1631029
1631144
1633969
1635083
1635450
1636989
1637098
1637136
1637371
1637454
1638572
1638745
1640692
1641490
1641921
1642430
1645567
1647491
1649239
1651247
1651364
1651608
1651762
1653206
1654052
1655799
1656199
1656292
1657493
1657585
1657648
1658853
1658865
1659346
1659473
1659478
1661673
1662660
1662734
1663141
1664535
1664586
1666836
1666947
1669979
1670064
1672925
1675129
1677597
1677672
1678241
1678467
1679165
1679610
1680680
1681155
1683005
1683548
1684720
1686457
1686854
1687804
1689801
1690307
1691869
1692455
1694364
1694938
1695094
1696567
1698874
1698887
1699865
1701249
1701383
1701715
1702159
1702384
1702543
1704024
1704708
1704770
1704924
1706721
1707463
1708344
1709595
1711190
1712877
1713917
1714784
1714960
1715976
1716732
1717509
1717986
1718328
1720984
1722800
1726161
1726669
1730159
1730551
1730846
1731175
1731688
1731723
1731837
1733516
1734226
1735062
1735065
1735250
1736121
1739352
1740961
1741481
1742181
1743679
1743957
1744044
1744078
1747142
1747368
1748157
1748651
1750112
1750504
1752101
1752182
1753245
1753816
1753998
1754737
1755734
1756678
1758571
1759333
1760176
1760840
1762290
1763402
1763621
1764336
1764388
1765105
1765153
1765280
1765582
1766507
1767050
1767472
1767851
1773543
1773796
1775146
1776691
1777027
1778376
1778927
1778960
1779717
1780298
1781728
1784425
1785006
1785349
1785735
1788538
1790577
1791241
1792487
1793376
1795495
1796242
1798604
1798770
1799508
1800334
1800552
1802422
1803337
1804043
1804381
1805987
1808129
1809278
1811234
1811608
1812012
1813831
1814867
1815103
1816391
1818057
1819732
1820444
1821869
1822006
1823034
1823378
1823486
1823765
1826305
1828066
1828187
1828513
1828882
1828968
1829423
1831272
1831447
1832440
1835598
1835668
1835985
1837385
1837595
1838287
1838534
1838601
1839907
1841259
1841681
1841868
1841946
1844235
1844837
1845620
1845716
1845808
1848251
1850132
1850467
1851073
1852251
1852496
1852746
1853803
1855300
1857658
1857673
1857754
1858306
1858736
1866186
1867112
1867340
1869238
1869932
1870849
1874271
1874415
1875300
1875308
1876971
1878363
1879210
1879313
1879431
1879575
1880203
1880564
1884384
1884497
1885980
1886083
1887023
1887148
1888671
1889230
1889273
1890954
1891229
1891564
1894432
1894810
1896182
1896693
1897845
1901794
1902224
1902708
1903100
1905074
1905531
1905865
1907026
1907139
1908599
1909204
1911395
1911764
1911994
1912565
1912723
1913165
1913333
1913511
1914098
1914184
1914192
1916991
1917062
1918245
1919866
1920732
1921339
1921838
1922316
1924537
1924856
1925089
1925543
1927464
1932913
1933706
1934177
1934178
1934871
1935739
1937078
1937341
1937485
1940209
1940324
1941110
1941622
1942459
1944462
1945264
1948766
1949606
1949771
1950947
1952028
1952277
1953310
1953364
1954912
1955659
1957364
1957451
1959316
1960062
1961483
1961928
1962078
1965471
1967154
1967195
1968270
1968772
1968835
1972211
1972743
1973818
1974777
1974836
1975550
1975555
1976565
1976789
1977433
1977911
1978218
1980688
1981201
1981439
1981440
1982982
1984013
1984451
1984488
1984977
1985201
1986490
1986923
1986924
1987526
1989052
1989057
1989188
1989482
1991896
1992025
1992279
1992747
1993173
1993606
1994075
1996427
1997346
1999245
1999606
2000843
2001157
2002441
2003152
2003480
2004085
2004997
2005097
2005198
2007279
2007444
2009159
2010051
2010644
2010691
2011000
2011611
2012116
2012672
2014539
2015702
2015731
2016509
2016796
2019198
2019381
2020921
2021417
2023931
2025645
2026225
2026381
2026408
2026480
2026969
2027472
2027860
2028131
2028887
2029127
2034343
2034870
2035018
2036934
2038906
2040893
2041409
2041970
2042756
2043400
2043865
2046183
2047514
2047889
2048795
2050339
2050357
2052890
2053716
2054274
2054670
2054673
2056139
2056463
2056601
2057071
2057472
2057882
2058807
2059846
2060887
2065361
2065578
2067286
2067474
2067536
2067683
2068395
2068621
2070335
2070563
2071270
2071671
2072974
2073232
2074784
2075496
2075828
2075885
2076262
2076475
2079235
2081269
2082596
2082643
2083454
2086928
2087075
2089069
2089793
2091364
2093115
2093834
2094259
2095646
2096167
2096878
2097349
2097368
2097575
2099266
2099933
2100020
2100936
2101041
2101112
2101677
2102259
2102810
2103694
2104414
2104811
2105142
2109096
2110055
2110763
2110857
2110869
2112882
2114428
2115760
2116173
2116345
2116369
2118810
2119290
2119694
2119941
2120916
2121025
2123331
2123945
2124274
2127470
2129089
2129194
2130105
2130178
2130563
2131930
2133093
2133219
2134220
2134312
2136131
2137452
2139051
2139681
2140299
2140725
2140901
2141109
2142472
2142550
2142885
2142906
2146835
2146943
2147593
2148951
2149547
2149941
2150031
2150771
2152245
2153376
2153918
2154020
2154776
2156449
2156908
2157945
2160720
2160746
2161739
2162627
2163004
2163014
2163109
2164296
2164702
2164928
2165448
2165514
2165627
2168391
2168684
2169269
2169733
2169826
2170849
2173287
2174504
2174565
2174661
2174864
2175418
2175955
2176878
2177799
2177873
2177914
2178180
2178459
2178908
2180196
2182614
2183348
2183637
2183907
2184916
2185532
2185709
2186445
2187102
2188860
2188953
2189702
2189734
2193198
2193459
2193535
2193842
2194583
2195390
2196641
2196845
2196847
2199408
2200959
2201359
2201754
2202592
2203419
2204000
2204320
2204933
2207001
2207356
2207557
2208146
2208674
2209369
2213245
2214864
2215188
2215344
2216041
2216359
2217170
2217228
2217289
2217764
2217824
2218072
2218214
2219674
2221648
2221710
2221809
2222362
2223367
2224135
2224220
2224515
2224840
2225631
2226245
2226690
2226764
2226954
2227635
2227912
2228628
2229022
2230312
2230841
2231074
2232223
2233435
2234161
2234935
2235898
2236596
2237557
2237728
2239548
2241806
2248089
2249047
2249441
2250160
2252102
2252112
2252421
2254057
2254426
2256065
2256663
2257232
2258718
2258945
2259088
2260023
2262642
2264154
2266433
2266522
2266688
2267234
2267893
2270015
2270256
2270519
2271395
2272532
2274444
2276053
2276181
2276435
2276648
2278762
2279857
2283421
2284701
2284715
2286079
2288495
2289790
2290409
2291094
2292407
2292736
2293876
2296667
2298061
2298113
2300125
2300730
2301737
2302147
2303768
2304072
2305466
2306699
2309996
2310469
2310563
2313427
2313604
2314510
2314884
2314955
2315288
2315361
2316447
2318196
2318319
2319532
2320899
2321188
2321825
2322983
2323839
2324003
2324329
2326127
2326763
2327373
2328498
2328923
2329455
2329900
2329970
2331764
2332064
2332863
2334462
2334619
2336380
2336477
2339386
2340588
2341846
2342341
2342566
2343877
2344577
2344681
2346108
2346348
2346733
2348505
2349312
2350517
2352091
2353287
2353324
2355947
2356403
2357221
2357756
2359394
2360911
2364040
2365089
2366672
2369189
2371114
2371232
2371560
2371902
2375968
2377937
2379102
2382976
2383130
2383416
2383609
2384206
2385541
2386176
2386222
2386732
2387313
2388584
2389366
2394358
2394385
2395442
2398138
2398245
2398407
2401139
2401992
2402338
2403779
2403798
2405647
2405745
2407407
2409534
2410083
2410620
2412364
2413207
2413282
2413293
2414110
2415353
2415473
2415667
2416504
2418123
2418243
2418256
2419470
2419762
2419879
2423082
2423426
2423444
2425075
2425158
2425199
2425996
2426812
2428169
2428659
2430132
2430272
2430377
2430728
2430881
2431265
2433402
2434945
2435204
2435332
2435683
2436434
2438746
2439521
2440518
2441421
2441621
2442131
2442312
2442482
2445098
2445961
2446905
2446944
2448760
2451169
2454791
2455989
2456317
2457225
2457380
2457536
2457853
2458425
2458682
2460084
2460683
2461611
2464161
2464218
2466428
2466908
2468224
2468886
2471242
2471517
2472121
2473648
2475938
2476513
2476869
2477172
2477890
2478460
2481083
2481857
2482009
2484434
2485335
2486682
2487884
2489174
2489922
2491421
2491807
2492672
2493184
2493342
2494078
2496146
2496652
2497334
2497861
2498246
2498694
2499434
2500830
2501240
2502639
2502842
2503140
2504029
2504309
2507716
2508749
2508983
2509419
2509681
2510407
2510533
2510905
2511008
2511252
2511403
2511904
2512884
2513698
2514022
2516293
2517039
2517189
2517722
2517916
2518846
2519550
2519626
2519961
2521362
2522976
2524518
2526115
2526796
2527634
2528696
2529022
2531872
2534558
2534820
2534867
2536069
2538514
2540735
2541462
2541679
2542355
2542872
2543317
2543858
2544816
2544824
2549909
2552552
2554915
2556212
2556264
2556649
2558214
2559011
2559553
2560590
2561239
2565403
2565729
2565934
2567456
2567923
2568901
2571266
2571388
2571987
2572650
2574333
2575629
2576162
2576574
2576637
2576716
2578970
2582192
2582566
2582621
2583954
2585314
2585715
2586155
2587321
2591260
2591493
2592125
2592615
2593860
2594373
2594624
2594891
2595905
2596273
2599674
2601829
2602672
2605099
2605623
2606437
2606546
2608422
2608624
2610534
2611350
2612436
2613685
2615328
2616098
2619100
2619838
2619882
2621397
2623187
2623682
2624555
2625628
2627218
2628529
2630634
2631291
2633136
2633166
2633255
2634223
2636529
2639505
2640341
2641032
2641360
2641763
2642379
2642532
2642665
2643910
2643911
2645874
2645960
2646572
2647726
2648079
2648458
2648885
2649262
2651177
2653100
2653141
2654041
2655660
2655988
2656246
2657253
2657968
2658225
2658844
2660492
2661360
2661832
2662262
2663768
2666152
2668526
2668603
2669520
2670041
2672696
2674571
2674974
2675793
2675812
2677661
2679797
2679882
2679993
2680656
2681357
2681486
2681498
2681596
2682720
2682938
2683288
2686147
2689699
2690418
2690760
2692984
2693990
2698081
2698667
2698784
2699485
2700368
2700863
2701052
2702839
2703592
2704528
2708428
2708628
2709838
2711496
2711567
2712325
2713459
2713582
2713904
2715891
2717014
2717754
2718887
2720874
2722314
2722516
2722727
2724697
2725810
2727191
2727299
2727707
2729251
2729258
2729315
2729913
2730144
2730447
2733086
2733768
2734288
2734407
2734423
2735845
2736597
2738692
2741283
2744676
2744699
2745765
2746141
2746171
2746745
2747646
2749386
2749920
2750617
2752344
2755385
2755433
2755753
2755978
2758896
2759044
2759222
2759268
2759958
2760249
2762584
2764995
2765271
2765303
2767124
2768294
2768504
2768755
2769103
2769186
2769320
2770410
2770759
2770799
2771401
2772457
2774257
2775360
2775599
2776373
2776735
2776773
2777046
2777617
2778899
2778952
2778993
2779586
2785072
2785165
2786055
2789100
2791545
2792105
2792303
2792580
2792931
2793648
2794418
2795356
2795594
2796976
2797103
2800638
2802245
2802462
2804375
2805018
2805930
2806669
2807046
2808189
2809745
2810023
2811352
2811387
2811621
2811780
2812165
2812686
2813775
2813958
2815186
2815710
2816079
2817301
2817394
2817993
2819439
2820980
2823454
2823827
2825313
2825616
2825873
2825986
2828272
2828924
2829372
2834807
2834836
2835534
2835680
2838357
2839393
2840347
2842737
2844378
2845424
2845872
2845938
2845967
2848062
2849111
2849860
2850660
2850747
2850808
2851741
2853365
2853517
2855076
2855919
2856531
2856552
2858928
2859367
2859489
2859516
2860254
2861342
2862549
2863426
2865683
2872228
2873478
2873646
2874321
2875081
2875865
2879177
2880578
2881479
2884390
2884445
2884474
2885713
2887209
2887814
2888517
2889253
2889914
2890659
2892402
2893333
2893676
2893780
2894430
2894865
2895605
2895755
2896722
2898130
2898357
2898469
2898714
2899046
2899441
2899822
2900290
2901936
2903382
2903440
2904813
2907198
2907356
2909878
2910299
2912524
2913226
2914509
2915819
2917783
2921905
2923253
2924707
2925191
2925472
2928631
2928662
2929220
2930436
2934205
2934230
2934332
2935938
2936768
2937021
2937036
2937241
2937842
2939984
2940503
2940511
2942510
2943307
2943988
2944222
2944378
2945237
2945904
2946612
2947042
2947082
2949209
2950018
2950709
2953688
2954414
2955993
2958144
2958262
2958489
2958860
2958942
2958944
2959060
2960150
2961853
2964146
2965091
2965339
2966196
2967368
2968077
2968770
2971674
2973518
2973539
2974073
2975886
2976733
2976968
2977625
2979437
2981121
2981812
2982237
2982373
2982482
2982515
2983856
2984189
2985812
2988886
2988978
2990488
2991024
2991370
2991902
2991996
2993434
2994064
2997532
2997607
3000040
3000206
3001439
3001687
3002530
3002907
3004683
3006164
3006601
3007798
3008768
3009038
3009581
3010808
3012323
3012779
3013233
3015957
3016456
3017156
3017516
3017701
3018587
3019492
3020016
3021574
3021806
3022562
3022617
3023016
3023786
3024077
3024133
3025138
3026943
3027354
3029132
3029480
3029643
3030030
3030866
3031111
3033358
3033600
3034324
3034464
3034470
3034983
3035154
3037158
3037358
3037695
3037898
3038121
3040015
3041076
3041831
3041858
3041916
3043492
3044453
3047255
3048083
3048242
3048257
3048510
3049335
3049839
3050390
3050401
3053366
3053397
3058019
3059081
3061165
3061736
3062164
3062213
3062387
3063038
3065445
3066611
3067214
3067893
3067960
3068365
3070647
3071051
3075726
3075893
3075938
3077252
3077529
3077569
3078334
3082386
3085204
3085284
3086997
3087417
3087570
3088389
3091067
3091942
3093028
3093077
3093254
3093651
3094878
3097157
3099471
3100168
3100521
3100863
3101961
3102658
3103291
3105033
3105040
3111258
3111381
3112958
3114587
3116783
3117165
3117666
3118293
3119022
3122660
3123207
3124093
3125168
3125826
3126030
3127191
3128417
3129057
3129809
3130565
3131078
3131638
3132966
3133585
3134760
3135290
3137719
3141401
3141451
3142265
3142709
3144397
3144809
3146994
3147440
3148597
3149655
3150225
3150627
3151134
3151378
3151473
3152023
3152572
3152869
3152899
3153680
3154864
3159030
3159037
3159039
3159459
3159934
3160962
3161410
3163428
3163854
3165556
3166483
3167189
3167337
3168785
3169143
3172098
3172611
3172933
3173090
3173403
3174696
3176715
3178896
3179350
3179749
3180723
3180970
3182054
3184646
3184652
3184772
3185249
3185641
3186154
3187580
3188146
3188372
3192184
3192563
3194689
3196316
3197138
3198540
3198671
3198809
3199795
3200114
3202614
3202640
3203385
3204337
3208325
3208555
3208703
3209067
3209715
3212115
3213366
3213510
3215315
3215582
3216770
3217902
3218141
3218324
3218928
3219961
3221806
3222153
3223297
3224156
3224945
3226746
3226942
3227617
3227675
3227814
3228305
3228401
3228609
3229398
3230169
3231032
3231765
3235447
3235755
3237426
3237669
3239094
3240043
3240717
3240747
3242987
3243240
3243696
3244013
3244748
3245288
3245947
3249506
3249963
3250665
3250973
3250979
3253118
3253927
3253931
3254426
3254605
3254624
3255571
3256670
3260280
3260381
3260596
3260783
3261555
3262228
3262404
3263151
3264542
3264853
3265210
3266285
3266346
3269764
3271989
3273373
3273439
3274341
3274566
3274600
3274782
3275247
3275889
3276385
3277362
3277441
3277688
3278207
3278974
3280662
3281927
3283499
3287131
3288398
3288847
3289290
3289723
3289941
3289988
3291555
3291675
3291847
3292254
3296812
3298151
3299525
3300152
3300344
3300430
3300946
3303522
3303940
3305260
3306571
3306683
3307119
3309054
3311216
3312054
3313050
3313896
3314651
3315872
3317536
3318815
3318902
3319657
3320081
3320277
3322936
3323174
3324262
3325186
3325503
3326558
3326721
3328197
3329770
3330690
3330838
3330884
3331763
3331942
3333080
3334084
3334116
3335087
3336040
3337051
3338381
3342158
3343172
3344305
3344532
3347127
3350195
3351203
3352034
3352837
3353083
3353261
3354630
3358356
3359351
3360853
3361011
3361550
3362075
3362855
3363003
3365326
3365670
3367109
3369043
3369252
3369834
3370373
3370748
3370762
3370834
3371360
3373272
3373762
3374528
3375799
3376930
3378321
3381345
3382803
3382810
3382892
3383258
3383333
3387854
3388191
3388204
3389450
3390021
3393200
3394068
3394375
3395145
3395712
3397225
3397889
3399442
3399544
3399721
3402528
3402967
3403140
3403706
3403854
3404289
3406328
3407030
3409309
3409536
3409722
3411049
3412342
3412352
3412720
3413058
3413720
3417171
3418060
3418770
3418772
3419398
3420522
3421261
3421571
3426438
3426669
3428531
3429141
3430064
3430081
3430696
3431801
3432060
3433103
3436216
3436330
3436548
3437186
3441129
3441669
3441863
3442018
3445495
3447276
3447829
3452105
3452249
3454863
3455614
3455627
3455924
3455952
3455992
3456177
3456425
3456520
3457428
3458285
3458383
3459132
3459589
3459684
3460055
3460250
3461072
3461493
3462793
3462800
3462808
3462906
3464436
3465752
3465782
3465946
3465993
3466520
3467586
3467951
3468720
3469684
3470568
3471589
3474171
3475796
3477421
3477808
3478419
3479631
3479668
3480549
3480888
3481090
3481146
3482444
3482811
3483118
3483483
3483526
3483761
3485790
3486122
3487167
3487238
3488204
3489550
3489680
3490135
3490208
3490725
3491459
3493233
3494938
3495432
3495616
3495664
3496366
3497865
3497911
3498839
3499336
3503199
3504412
3505124
3505578
3506239
3507436
3507449
3509574
3510778
3510805
3513387
3513858
3516118
3516248
3516795
3517954
3518323
3518650
3519700
3521903
3522134
3522239
3522626
3523852
3525042
3525066
3525812
3527960
3528648
3528734
3529282
3530962
3531550
3531572
3534129
3535883
3537315
3537450
3537524
3538377
3538436
3538789
3539711
3539885
3539995
3540348
3540412
3541698
3542073
3542457
3544353
3545182
3547031
3547202
3549337
3551778
3552070
3553413
3554459
3554651
3555286
3555829
3556140
3556309
3557259
3558056
3558326
3558755
3559066
3559659
3559685
3559969
3561536
3563041
3564297
3564610
3564795
3564987
3565822
3565974
3566729
3568791
3568884
3569075
3569275
3574988
3575929
3576051
3576154
3579849
3579876
3580382
3581794
3581846
3582195
3586187
3586982
3587869
3588928
3594464
3598075
3599013
3599108
3599472
3600781
3600827
3601194
3601590
3601880
3603732
3604391
3604696
3605137
3605392
3605462
3606267
3606752
3606767
3606939
3607728
3608147
3610480
3612149
3612631
3612722
3614205
3614775
3615544
3615818
3616626
3616934
3617238
3618980
3619375
3620147
3620992
3621394
3622290
3628011
3628235
3628350
3629740
3629974
3632245
3632733
3632753
3634316
3635220
3635271
3635649
3635746
3635870
3636002
3636739
3637048
3637560
3639386
3639872
3640720
3640739
3641535
3641796
3642381
3642528
3643816
3644694
3645425
3645585
3646782
3647712
3647758
3649932
3650201
3650284
3651152
3651299
3651311
3651681
3652430
3652682
3652709
3655178
3655845
3657744
3658220
3658742
3658933
3659727
3662441
3662577
3663210
3664017
3664970
3665260
3665552
3667051
3668289
3669957
3670078
3670160
3670419
3670905
3671465
3671493
3672886
3672994
3673253
3673351
3674601
3674648
3675666
3675669
3675990
3676081
3677108
3678835
3679693
3679956
3680708
3680892
3683121
3684366
3685176
3685861
3686187
3686663
3688054
3688210
3688980
3691169
3691729
3692188
3693347
3693715
3693867
3694907
3695525
3695722
3697107
3699066
3699224
3700026
3700437
3700629
3700663
3701935
3702400
3702454
3702477
3702481
3702660
3703203
3704728
3704904
3705863
3705880
3707345
3708931
3710306
3711301
3711679
3713590
3713760
3716076
3716440
3718333
3719290
3719732
3722266
3722399
3722510
3723257
3725114
3726150
3727608
3728758
3729136
3730060
3733903
3734002
3734509
3737744
3738808
3740560
3740829
3741710
3743339
3744404
3744616
3745365
3746941
3747180
3747592
3748086
3749143
3749527
3749748
3749811
3750935
3751393
3751435
3751515
3752153
3752747
3753373
3754623
3756050
3756416
3758704
3758746
3760329
3762820
3762947
3764187
3765168
3765190
3765378
3765833
3766840
3767067
3768576
3771328
3772773
3773011
3773793
3774187
3774288
3774483
3775253
3775468
3775966
3776511
3776542
3776613
3777902
3779720
3779904
3779964
3780170
3780556
3781549
3781710
3781967
3781968
3782153
3782478
3783566
3783802
3783914
3784335
3784494
3785707
3786717
3786922
3787371
3787476
3787737
3787823
3790241
3790549
3790696
3791396
3791887
3794509
3795142
3795909
3796729
3798399
3799063
3799169
3803135
3803751
3803846
3805240
3805605
3805742
3806587
3807732
3808751
3808955
3809280
3810414
3810597
3810854
3810877
3811143
3811793
3812096
3812421
3813282
3816193
3817212
3819113
3819146
3819302
3819544
3819597
3819735
3821531
3821870
3823814
3824371
3824901
3825059
3825744
3825817
3826095
3826318
3826496
3828982
3830645
3833054
3833072
3833540
3834271
3835704
3835885
3836310
3836451
3836499
3838357
3841092
3841269
3841498
3841581
3842048
3843011
3843014
3843110
3843436
3843475
3844067
3844634
3846110
3846497
3847054
3847488
3847538
3848742
3848830
3849351
3850066
3850102
3851322
3851868
3852344
3856623
3856915
3857762
3858459
3858731
3858893
3862492
3862670
3863440
3864285
3865585
3866260
3866563
3867567
3867602
3868046
3868377
3870261
3871647
3873796
3873942
3874475
3875090
3875659
3877177
3879249
3880345
3881326
3884004
3884470
3884821
3885557
3886208
3886383
3887186
3887261
3887872
3888025
3889273
3889904
3889995
3891248
3892787
3892996
3893004
3893506
3893773
3894120
3894654
3897852
3898129
3898879
3899820
3902629
3903462
3904564
3905777
3906351
3913922
3914444
3914596
3916114
3916575
3918580
3918749
3919137
3923610
3924665
3925115
3925243
3925628
3925916
3926265
3927850
3927861
3928607
3928646
3930757
3932000
3932052
3932528
3932674
3933182
3935924
3936171
3936320
3938828
3939320
3940744
3941182
3941639
3942678
3946368
3946619
3946871
3951021
3951651
3952989
3954524
3954672
3954709
3955480
3956004
3956668
3956826
3958110
3959154
3959198
3959347
3961808
3962358
3962708
3963063
3963163
3967387
3968319
3968634
3969069
3969157
3974251
3974923
3978990
3980733
3981427
3981504
3982968
3983347
3985745
3986039
3987127
3987191
3987554
3988130
3989168
3990206
3991555
3992418
3992715
3993684
3993838
3994378
3994785
3995477
3996167
3996252
3996471
3996901
3997623
3999173
3999744
4000286
4002519
4002729
4003945
4004001
4004765
4005208
4005708
4009372
4012220
4012462
4012531
4014099
4014768
4015429
4016644
4017626
4020772
4021658
4021693
4021760
4021881
