411
959
1003
1060
1683
1983
3931
4155
4758
4789
4904
4965
5519
5982
6321
6322
6969
7112
7229
7233
7708
7910
8348
9421
9680
9830
9934
10258
10489
10983
11466
11471
11671
11755
11867
11950
12167
12265
12455
12712
12727
14229
14433
14698
14733
15250
15482
15492
16234
16637
16770
17035
17164
17237
17417
17615
17676
17749
17964
18008
18272
18599
18910
19576
19702
20272
20333
20424
20707
20822
21674
21677
22498
22582
22740
23216
23330
23418
23425
23918
23935
23976
24035
24551
24708
25272
26605
26679
27969
28034
28242
28281
28531
29066
29793
30452
31209
31321
32712
33221
33238
33598
33639
33697
33803
33891
33999
34916
34986
35049
35073
35315
35352
35463
36208
36505
36626
36780
36877
37376
37546
38181
38505
38650
39925
40436
41068
41117
42141
42362
42387
42998
43641
43762
44053
44698
45348
45580
45896
45988
46930
46993
48092
48640
48645
48679
48782
49190
49388
49566
49954
50170
50179
50341
50448
50531
50604
51038
51081
51657
51789
51986
53051
53145
53568
53635
53752
54264
54387
55094
55742
56217
56550
56555
56800
56825
57104
57171
57357
57706
59036
59075
59958
61282
61363
61393
61451
61459
61560
61980
62068
62415
62473
63344
63616
64227
64356
64519
64913
65028
65087
65140
66309
66412
66447
66472
67154
67367
67449
68129
68547
68946
69029
69194
69404
69501
69594
69607
69763
69824
70178
70408
70511
70746
71535
71856
72028
73107
73311
73379
73602
74438
74559
74978
75631
76756
77114
77852
78305
78486
78758
79311
79633
80155
80519
81131
81262
81442
81489
81516
82095
82603
82683
83188
83314
83410
83523
83525
83549
84363
84441
85652
85760
85909
86319
86649
86832
87026
87067
87213
87683
87859
88306
88539
89021
89045
89366
89387
89776
90711
91018
91040
91378
92502
92665
92933
93335
93402
94035
94504
94664
95685
95710
95974
96176
97474
97760
97816
97987
98383
98561
98655
98816
99041
99063
99461
99586
99754
100305
101188
101325
102061
102263
103569
103787
104010
104146
104765
104801
104941
105092
105434
106062
106168
106678
107889
107925
108680
108920
109086
109362
109446
109909
110532
111021
111162
111897
112720
112751
113110
113140
113215
113944
114293
114866
114929
115196
115505
115779
117556
117703
117920
118538
118569
118804
119597
120635
121883
122320
122932
123838
124040
124333
124567
124581
124807
124998
125974
126681
126792
127305
128433
128508
128897
128973
129265
129319
129809
129884
130132
130661
131087
131201
131320
131572
131655
131719
131822
132194
132231
132803
133444
133448
133575
133927
134278
134430
134476
134493
134809
135140
135291
135368
135477
135559
137015
137040
137164
137185
137433
137477
137622
138029
138085
138345
138503
138533
139076
139249
139784
140050
140209
140659
142138
142750
142986
143298
143313
143519
144212
144250
144480
144528
144950
145080
145187
145289
145739
145858
147116
147237
147306
147530
147805
147899
148746
149034
149137
149185
149367
149519
149661
149838
150844
151052
152026
152310
152450
152634
152858
153775
154478
154746
155577
155981
155983
156295
156350
156684
156710
157076
157440
157646
157884
158265
158286
158571
158686
158818
159077
160269
160596
160948
161190
162084
162302
162621
162721
162741
163280
164591
164897
165071
165208
165429
165821
165919
166585
166586
166928
167362
167832
167837
168263
168293
168537
168653
168731
168772
169354
169718
170536
171698
171891
172159
172272
172314
172359
172593
173321
173369
173484
174142
175079
175887
175892
176527
176831
176850
177100
177140
177662
177701
177744
177882
178391
179475
179631
179805
179851
179891
179943
180279
180555
180890
181626
182144
182396
182478
183481
184136
184531
184615
184629
185068
185507
186151
186272
186472
186627
186670
187191
187749
187837
188152
188334
188559
188567
188614
189220
189576
190177
190655
190750
190830
191014
192286
192438
192606
193030
193033
193123
193633
194119
194527
194964
195354
195524
195697
195931
196429
197223
197322
197388
197583
197624
197903
197921
198780
199226
199283
199305
199959
200151
200256
200583
201183
201307
201350
201967
202009
202561
202620
202825
203129
203227
203383
203937
203983
204216
204369
204500
204632
204927
205442
205618
205631
206016
206073
206180
207620
207858
208164
208222
208578
209153
209335
209853
209890
209920
209957
210378
210676
210732
211419
211515
212370
212493
212585
213104
213226
213787
214425
214525
214817
214951
214959
215264
215318
216140
217053
217162
217246
217301
217375
217378
217510
217655
217890
217901
218776
218815
218897
219264
219305
219393
222191
222242
222419
222834
222877
223146
223594
223668
224043
224160
224802
224867
224944
224974
225002
225164
225352
225636
225744
225829
226182
226446
227007
227022
227148
227237
227270
227285
227370
227999
228088
228319
229158
229301
230379
230702
230965
231164
231287
231389
231578
231594
232111
232152
232424
232458
232676
232750
232775
233633
233749
234262
234490
235059
235303
235725
235833
236173
236375
236946
237054
237108
237181
237432
237653
237777
237837
238115
239566
240666
240856
240926
241622
242468
242688
243384
244071
244199
244291
244355
244361
245095
245305
245454
246408
246696
246725
246808
247197
247752
248512
249069
249314
249913
250014
250737
251003
251016
251254
251454
251494
251630
251686
251999
252224
252270
252818
252859
252922
254281
254804
255208
255416
255424
255873
255919
256051
256209
256941
257253
257519
257756
257897
257955
258049
258071
258525
258645
258682
258965
259351
259366
259614
259737
260275
260665
260698
260718
260899
261652
262519
262632
262981
263097
263168
263486
265117
265413
265818
265981
266089
266167
266192
266694
266989
267163
268482
268712
268989
269196
269198
269255
269333
269783
269884
269939
270857
270864
271066
271166
271412
271544
272355
272412
272627
272845
273070
273104
273213
273556
273619
273709
273966
274041
274148
275029
275814
276391
276726
276958
276995
277122
277141
277187
277247
277321
277881
278984
279265
279514
280709
280863
281069
281375
281460
281482
281517
281656
281968
282073
282098
282131
282821
282891
283035
283565
283681
283687
283860
284534
284595
284834
284990
285287
285866
287488
287610
288063
288697
289570
289639
289830
290060
290169
290366
290410
290824
291106
291206
293486
293513
293806
293981
294087
294288
294710
294714
295486
295584
295750
296641
297310
297891
298653
298800
298809
299087
299647
300104
300214
300638
300932
300984
301014
301335
301739
301772
302465
302867
302915
302986
303108
303390
303393
303453
303509
303786
304030
304210
304391
304535
305741
307281
307340
308298
308705
308909
309077
309161
309236
309312
309328
309330
309432
309618
309836
310022
310385
311308
311542
311661
312386
312643
312919
314415
314905
315139
315179
315316
315974
316059
316719
316845
317137
317323
317860
318432
318454
318587
318932
319206
319418
319842
320121
320172
320809
321238
321329
321359
322520
322803
322863
323419
324117
324492
324715
324805
324998
325259
325660
326052
326843
327300
327648
327859
327897
328053
328129
328708
328825
329300
329618
330094
330143
331061
331108
331294
331441
333016
333097
334051
334385
334397
334892
334988
335793
335983
336088
336802
337677
338032
338047
338065
338169
338308
338886
339970
340435
341016
341415
341540
341577
342831
343705
343905
344120
344327
344410
344771
344830
345181
345378
347225
347335
347358
348090
348185
348571
349304
349652
349890
350651
350718
350751
351255
351551
351727
351868
352265
352663
352757
352803
352824
352826
353163
353360
353426
353828
353942
354248
354307
354400
354437
354475
354888
355156
355257
355451
356135
356444
356538
356566
356851
357110
357474
357682
358326
358468
358497
358689
358816
358912
358917
359228
359766
360064
360275
360661
360782
362089
362644
362673
363119
363214
363355
363504
363624
364100
364159
365009
365078
365407
366384
366807
367184
367396
367767
368589
369447
369632
369950
370121
370391
371800
371819
371953
372051
372142
372328
372404
372682
372873
373183
373436
374909
374943
374963
375784
376135
376176
376343
376696
376781
377868
378044
378090
378408
378651
378811
379072
379155
379415
379421
379444
379905
380695
381200
381881
382061
382236
382464
382685
383170
383608
383657
384281
385117
385524
385914
385916
386629
387175
387359
387854
387972
388130
388291
388464
388580
388600
388844
389537
389930
390903
391050
391268
391557
391701
391814
391891
391898
392191
392726
393103
393139
393393
394668
395393
395472
395505
395871
397493
397564
397808
397973
398158
398179
398293
398532
398811
398840
399153
399242
399633
399767
399855
400320
401124
401205
401264
401461
401694
401739
402007
402437
402771
403126
403199
403289
405247
405357
405704
405916
406139
406201
406300
406423
406498
406768
406884
407091
407487
407512
408026
408033
408414
408615
408666
409188
409217
409380
409979
410196
410424
410444
410559
410571
410614
410937
411705
411708
412184
412467
412768
413825
413969
414055
415145
415253
415746
415785
417249
417314
417442
417796
417851
417979
418203
418257
418288
418443
419403
419444
419684
419791
419893
420126
421113
421156
421334
421343
421393
421919
422272
422458
423125
423309
423342
423356
423391
423918
424357
425276
425423
425589
425603
426041
427034
427835
428122
428176
428710
428824
429033
429283
429371
429984
430479
430514
431681
431900
432067
432336
432373
432730
432788
433388
433816
434739
435546
435729
436339
436423
436753
436787
438136
438715
438806
439136
439138
439177
439262
439301
439618
439730
440044
440613
441046
441085
441457
441864
441912
442147
442204
442333
443098
443128
443378
443479
443704
443939
443998
444086
444480
444689
444783
445298
445384
445824
446160
447167
447246
447567
447604
448422
448639
449257
449492
449606
449692
450133
450611
451733
451803
452158
452256
452847
453267
453614
454661
455448
456001
456107
456344
456417
456837
457393
457717
457726
458274
459125
459156
459220
459836
460055
460168
460187
460264
460311
460474
460530
461253
461532
462097
462783
462986
463262
463641
464064
464562
464650
464904
464972
465177
465557
465910
466600
466827
467008
467630
468514
468601
468627
468921
469775
470173
470334
470552
470789
470942
471186
471268
471905
472314
472601
473626
473749
474753
475102
475214
475280
475431
476161
476187
476495
476999
477051
477455
477617
477619
477633
477683
477915
478099
478110
478733
479580
479679
480054
480182
480256
480542
480585
480865
481281
481840
482054
482113
482373
482515
482760
483763
483915
484112
484116
484302
484709
484715
484983
485371
485511
485664
485687
486505
486706
487319
487374
487491
487620
487782
487896
488264
488403
488479
488550
488695
488771
488903
489142
489501
489839
490520
490632
491079
491190
491349
491501
491547
491766
492174
492308
492547
492646
493216
493539
493586
494190
494576
494705
494801
495408
495704
496083
496588
496735
497201
497712
498169
498192
498281
498376
498578
498628
498776
498804
499192
499435
499541
500500
500633
501613
501632
503112
503327
503762
503879
504843
504848
504861
505174
505606
505879
506650
507660
509410
509942
510132
510160
510447
511262
511597
511864
511885
512303
512517
513069
513089
513415
514170
514506
514783
515167
515224
516276
516702
516891
517367
518411
518492
518943
518950
519821
520315
520378
520847
520932
521077
521098
521134
521439
521967
522154
522161
522384
522702
523029
523297
523530
523815
523878
523900
524236
524874
524968
525364
525715
525841
526175
526411
526627
526679
526830
527372
527479
527968
528537
528658
528709
528729
529066
529093
529351
529635
529832
530055
530522
530569
530618
530825
531284
531560
531682
531901
532595
532690
533661
534190
534777
535285
535438
535557
535615
535783
535962
535966
536295
536478
536551
536861
537629
538086
538314
538317
538981
539272
539905
540247
540254
541167
541590
542147
542573
543063
543535
543592
544519
545068
545469
546116
546166
546205
546830
547156
547825
548919
549171
549577
550112
550206
550225
550547
550660
550799
551066
551122
551155
552129
552320
552488
552782
553355
553407
553818
554233
554595
554752
554756
555046
555829
555925
555928
556692
557492
557621
557700
557751
557862
558290
558380
558397
558584
558664
558753
559154
559182
559495
559524
559997
560244
560558
560663
560926
561091
561429
562000
562012
562212
562863
562954
563032
563070
563116
563848
564647
564934
565273
565592
565793
566676
566835
567126
567410
567698
567839
568241
568869
569176
569362
569559
569731
570760
570865
571062
571240
572066
572269
572565
572676
572888
572912
573305
573400
574529
574825
575252
576053
576109
577478
577646
578111
578211
578427
578594
578700
579325
579540
579632
580372
580391
580485
580489
580799
581175
582318
582519
582612
583069
583493
583635
583645
583699
584939
586228
586234
586374
586798
586986
587030
587131
587669
588003
588699
588946
589864
590453
590881
591208
592009
592652
593270
593544
593649
593759
594545
595297
595604
595885
596338
596453
596532
597087
597128
597663
597837
598948
599231
599248
599929
600219
600229
600359
600883
600992
601848
602389
602406
602769
602810
603499
603547
603679
604058
604319
604329
605235
605447
606085
606442
606604
606634
607006
607199
607402
607532
607573
608165
608287
608488
608655
609917
610122
610218
610598
610812
610846
612038
613039
613504
614004
614666
614693
614702
615005
615648
616010
616137
616881
617410
617529
617617
617635
617814
617822
618253
618276
618291
619243
619581
620537
620793
620865
621258
621599
621999
623199
623297
623300
623815
623851
623998
624264
625005
625113
625443
625676
625700
625744
625875
625878
626530
626853
627045
627141
627277
627323
627606
627917
628492
628541
629139
629225
629481
629567
629667
630004
630140
630469
630746
631334
631484
631612
631847
632418
632922
633106
633621
634854
635375
635452
635676
637054
637604
637656
638300
638616
638783
639020
639053
639277
639479
639533
639697
639773
639937
639994
640055
640124
640154
640404
640968
641097
641366
641442
641503
641728
642349
642646
642750
643276
643769
643809
644097
644885
644991
646425
646719
646759
646932
647084
647161
647355
647675
648095
648949
649208
649316
649349
649519
649735
649786
650731
650906
651278
651579
653026
653080
653970
654180
654183
654366
654452
655598
656382
656418
657034
657186
657495
657596
657662
657848
658829
658830
659293
659978
660030
660089
660161
660312
660411
660550
660838
661081
661170
661964
662017
663012
663635
664069
664432
664467
665260
665869
666273
666534
666608
667150
667408
667465
667572
667631
667738
667990
668033
668820
669226
669573
669641
669897
669926
669964
670092
670545
670831
670980
671121
671371
671537
671684
672163
672341
672574
672650
673317
673500
674125
674195
674640
674695
675087
675697
675760
676160
676272
676478
676522
676666
676970
676980
677416
677483
677903
678119
678604
678723
678801
678961
679114
679154
679306
679591
679817
679847
680076
680081
680277
680401
681215
681224
681294
681508
681752
682114
682140
682242
682441
682767
683112
683187
683241
683512
684055
684220
684910
684928
685324
685329
686107
686517
686523
686648
687025
687234
687577
687853
687922
688220
688975
689015
689025
689562
689605
689868
690002
690101
690343
690415
690976
691210
691789
692004
692129
692984
693044
693503
693557
693671
693702
694502
694637
695684
695799
695998
696102
696146
696602
696620
696708
696927
697186
697478
697506
697574
697804
698068
698081
698606
698728
699298
699811
700062
700845
700855
700864
701375
701408
701440
701506
702012
702019
702333
702532
703096
703138
703346
703430
703688
703778
704455
704605
704683
704900
705048
705689
705994
706103
706890
707081
707090
707783
707895
708008
708070
708184
708191
708346
708537
708708
709259
709349
709424
709528
709878
710220
710434
711000
711694
712002
712029
712561
713215
713223
715328
715869
716130
716235
716386
716423
716534
717001
717159
717906
718302
718591
718808
718990
719035
719199
719340
720383
720469
720715
720736
721435
721901
721944
722510
722676
722748
722818
723055
723642
724251
724277
724479
724781
724936
725301
725803
725973
726345
727003
727375
727823
728593
728740
729106
729399
729809
729984
729986
730013
730323
730748
730920
731543
731600
731810
731851
732472
732936
733323
733399
733559
734885
735082
735206
735348
735369
735730
735762
735817
736233
736404
736788
737130
738665
738772
739020
739458
739618
739809
739940
740012
740028
740470
740752
740927
740970
741176
741393
741725
742073
742402
742584
742829
743229
743591
743708
743985
744655
744908
745400
745801
745871
746750
747034
747216
747610
748989
749522
749744
750966
751287
751483
751612
752214
753173
753399
753501
753575
754056
754095
754179
754814
755191
755391
755546
756000
756629
756768
757526
757898
758207
758327
758700
758897
759492
759709
760274
760307
761658
761679
762298
762988
763149
763329
763505
763968
764110
765371
766527
766896
768021
768045
768282
769113
769603
769631
770373
770493
771121
771640
771973
772416
772431
772503
772588
773422
773505
774263
774674
774767
774906
774992
775164
775632
776343
776572
776609
776619
776789
777549
777793
778203
778329
778810
779123
779336
779561
779761
779769
779815
780078
780741
780904
781270
781564
782275
782591
782839
783019
783282
783627
783665
784672
784745
784765
785739
785809
785993
786100
786200
786390
786612
786654
786904
786917
787050
787757
787815
788159
788232
788728
788987
789933
790259
790262
790480
790493
790528
790668
791044
791120
791483
791528
792344
792413
792667
792671
792831
792924
794152
794454
794694
795091
795868
796062
796217
796881
797274
797768
797834
798136
798786
799022
799183
800180
800210
800316
800495
800962
800983
801065
801730
801970
802262
802423
802452
802791
803420
803775
804720
804878
805418
805515
805680
806012
806036
806287
806902
806929
808144
808460
809057
809067
809725
810098
810119
810454
810762
811305
811444
811722
811818
811854
811881
812199
812255
813123
813648
813741
814030
814260
814457
814527
814757
814945
815303
815934
816042
816095
816522
816544
816568
816638
817319
817369
817505
817591
818284
818350
818365
818585
818770
819664
819819
820094
820209
820362
820390
820792
821411
821449
821628
822487
823316
823649
823788
823828
824104
824941
825616
826070
826211
826640
826883
826908
827009
827410
827518
827636
827781
827844
828146
828267
828547
828794
829045
829675
829753
830402
830574
830619
830819
830978
830979
831370
831400
831842
831977
832203
832216
832265
832652
832726
833199
833216
833396
833898
834024
834921
835060
835265
835497
835569
835898
835899
836294
836360
836713
836770
837005
837346
837484
838121
838465
838556
838559
838594
838826
838889
838968
839644
839735
840410
840608
840755
841512
841548
841828
841855
841882
842024
842454
842606
843016
843115
843333
843636
844213
844407
844604
845090
845576
845928
846163
846657
846680
846957
848111
848248
848900
849023
849994
850065
850333
850415
850435
851322
851410
851473
851596
851998
852586
854092
854138
854533
855763
855767
855962
856773
857140
857385
857418
857870
858048
858078
858233
858445
858558
858593
858964
858973
859049
859079
859120
860332
860479
860608
860734
861271
861542
861652
861808
862300
862437
862472
862551
862690
862943
863566
864123
864809
864863
865141
865304
865340
865799
866431
866564
866881
867310
867417
867493
867618
868110
868403
868654
868851
869592
869750
869864
869865
870263
870360
870363
870949
871580
872158
872352
872436
872904
873298
873360
873405
874555
874641
874943
875016
875236
875879
876388
876640
876739
876986
877083
877153
877287
877985
878478
878910
879140
879204
879756
879809
880301
880310
880442
881194
881236
881932
882158
882244
882477
883021
883198
883236
883294
883690
884729
884812
884978
885322
885689
885748
885791
885902
885905
885927
885954
886056
886227
886257
886531
886674
886830
886900
887114
887186
887374
887391
887900
888137
888839
889143
889376
889917
890320
890469
890585
891841
892139
892550
892924
893435
893792
893921
893966
894246
894320
894545
894614
894706
894879
896118
896537
897097
897099
897151
897345
897616
897634
897711
898441
898647
898817
898850
898908
899185
899376
899974
900449
900535
900840
903064
903375
903450
903631
903821
903834
904304
904422
904606
904744
905345
905794
906058
906176
906634
907187
907202
907552
907630
907887
908329
909636
909868
910147
911116
911596
911676
912231
913263
913634
913881
914177
915105
915755
915861
916272
916320
916625
916844
916909
917099
917202
917469
917884
918152
918521
918967
919462
919785
920156
921049
921191
921436
922951
923226
923546
923698
924349
924756
925275
926433
927138
927256
927650
927845
927909
927922
929337
929512
929580
929643
929916
930017
931256
931281
932252
933090
933174
933177
933655
933970
934404
934563
934955
935152
935387
935433
935509
935980
936025
936217
936367
937431
938066
938138
938215
938258
938502
938684
938786
939367
939389
939531
939710
940243
940378
941369
941508
941546
942222
942226
942311
942693
942714
942947
943131
943358
943388
943412
943487
943726
943942
945427
945683
945815
946714
947259
947281
947830
948186
949016
949054
949246
949690
949724
950174
951163
951826
951884
951922
952039
952089
952539
953001
953183
954665
954784
954935
955000
955092
955192
955213
955257
956285
956307
956983
957218
957380
957743
958053
958319
958535
959012
959494
959574
960010
960151
960490
960554
960764
960782
960796
961014
961225
961249
961277
961472
961581
961900
961963
962010
962364
962392
962409
962424
962636
962848
962933
962946
963041
963652
963708
963709
964258
964375
964484
964791
964951
965269
965746
965972
967179
967260
967386
967729
967977
968728
969044
969244
969272
970460
970607
970610
970989
971384
971961
972698
973007
973521
974243
974354
974518
974870
975093
975620
976613
977194
977446
977968
978018
978249
978403
978538
978664
978934
979055
979083
979161
980366
980648
981130
981143
981144
981257
981383
981520
981671
981679
981957
982538
983172
984012
984314
984641
985301
985434
985522
985759
985813
986304
986363
986439
986581
987252
987547
988078
988718
989088
989172
989503
989570
989671
990875
990882
991003
991664
992249
992406
993074
993086
993214
993277
993394
994401
994436
994439
994445
994588
994660
994859
994984
995164
995235
995243
997223
998092
998297
998308
998725
998968
999158
999224
999337
999703
999804
999991
1000001
1000023
1000156
1000651
1000775
1001056
1001540
1001574
1001786
1002141
1002418
1002884
1003121
1003268
1003457
1003488
1003677
1004516
1004823
1005182
1006024
1006165
1006299
1006427
1006849
1007107
1007161
1008126
1008892
1009211
1009577
1009654
1010586
1010648
1011025
1011160
1011411
1012586
1012653
1012665
1012754
1012925
1013162
1013541
1013706
1014132
1014547
1014608
1015131
1015311
1015404
1016306
1017058
1017592
1017648
1018099
1018560
1019065
1019196
1019996
1020471
1020504
1021073
1021100
1021811
1021832
1022167
1022596
1022971
1023128
1024277
1024385
1024565
1024937
1025513
1025704
1026190
1026260
1026323
1026925
1027066
1027208
1027477
1027664
1028349
1028400
1028453
1028490
1028623
1028878
1029584
1029937
1030323
1030384
1030577
1031024
1032199
1032228
1032746
1032848
1033288
1033978
1034161
1035705
1036353
1036485
1036681
1036777
1036794
1036888
1036994
1036995
1037461
1038917
1038931
1039309
1039460
1039598
1039727
1039957
1040043
1040267
1040767
1040789
1040966
1041442
1041978
1042152
1042337
1042555
1043178
1043486
1043914
1043915
1044570
1044918
1044962
1045284
1045656
1045776
1045783
1046331
1046532
1046708
1047262
1047685
1047742
1047761
1048249
1048590
1048632
1048704
1049023
1049054
1049123
1050570
1050916
1050999
1051029
1052253
1052297
1052414
1052787
1052955
1053063
1053249
1053302
1053438
1053919
1054147
1054574
1054647
1055204
1055722
1055943
1056578
1056880
1057105
1057384
1057558
1057562
1058060
1058887
1059059
1059656
1059662
1060051
1060083
1060208
1060261
1061057
1061222
1061612
1061643
1062685
1063183
1063215
1063219
1065257
1066084
1066150
1067621
1067717
1067739
1067744
1068010
1068571
1068687
1068840
1068906
1068976
1069000
1069211
1069276
1070316
1070883
1070959
1071137
1071249
1071539
1071700
1071880
1072018
1073631
1074040
1074157
1074364
1074374
1075785
1075856
1076158
1076860
1077126
1077216
1077420
1078177
1078323
1078646
1079442
1079951
1080121
1080673
1080717
1080841
1081134
1081272
1081291
1081515
1081694
1081866
1083277
1083422
1083617
1083993
1084138
1084528
1085224
1085315
1085711
1085884
1086108
1086214
1086742
1087248
1087249
1087829
1088092
1088525
1088880
1089143
1089376
1089572
1089888
1090041
1091184
1091225
1091642
1091804
1091883
1092096
1092213
1092220
1092317
1092320
1092611
1092616
1092699
1092951
1093564
1093709
1093860
1094574
1095009
1095080
1095677
1095760
1095908
1096088
1096238
1096308
1096483
1096750
1096903
1097476
1097530
1097841
1097932
1098241
1098293
1098754
1099206
1099517
1099943
1100065
1100399
1100508
1100509
1100512
1100744
1100782
1100845
1100909
1101119
1101366
1101444
1101906
1101948
1102009
1102013
1102277
1102506
1102509
1102623
1102667
1102964
1103541
1103877
1104156
1104240
1104349
1104935
1106094
1106760
1106964
1107041
1107530
1107896
1108161
1108774
1109159
1109697
1109976
1110028
1110068
1111272
1111380
1111512
1111664
1112128
1112143
1112162
1112517
1113362
1113534
1113692
1113993
1114218
1115093
1115166
1115217
1115514
1115753
1116031
1117072
1117087
1117256
1117503
1117717
1118186
1118310
1118580
1118600
1118661
1119017
1120183
1120315
1120815
1121466
1121703
1121794
1122088
1122778
1122973
1123070
1124144
1124414
1124808
1124846
1125088
1125553
1125745
1125951
1126007
1126244
1126319
1126557
1126660
1126784
1126937
1127191
1127746
1127795
1127816
1127880
1127891
1128769
1128770
1128802
1129146
1129191
1129272
1129343
1129405
1129566
1129807
1129848
1130645
1130884
1130999
1131203
1131270
1131327
1132346
1132456
1133448
1133749
1133750
1134395
1134466
1134480
1134740
1135087
1135320
1135428
1135457
1136102
1136120
1136303
1136391
1136430
1136748
1136773
1137353
1137501
1137533
1137742
1137773
1138111
1138580
1138581
1138718
1138983
1139414
1139591
1139628
1140081
1140598
1140855
1140872
1140913
1140924
1141251
1141913
1141936
1142042
1142169
1142235
1142314
1142497
1143005
1144132
1145224
1145699
1145705
1145809
1146102
1146118
1146162
1146170
1146212
1146280
1146659
1146801
1147276
1147829
1148620
1149261
1149429
1150727
1150892
1151201
1151367
1151370
1151467
1151473
1151583
1152260
1152525
1152742
1153107
1153441
1153739
1154041
1155367
1155414
1155806
1155995
1156516
1156646
1157402
1157438
1158190
1158409
1159027
1159347
1159810
1160192
1160379
1160408
1160677
1160909
1161186
1161447
1161793
1162168
1162206
1162219
1162478
1162495
1162546
1162646
1162842
1163083
1163118
1163518
1163803
1163982
1164249
1164380
1164617
1165075
1166101
1166917
1167498
1167543
1167800
1167807
1167924
1167995
1168996
1169383
1169659
1169684
1170256
1170531
1170606
1171300
1171578
1171888
1171900
1172115
1172155
1172539
1172857
1173658
1173697
1173797
1174040
1174149
1174998
1175732
1175794
1176165
1176453
1176622
1176643
1176930
1177975
1179420
1179936
1179942
1180101
1180372
1180827
1180992
1181089
1181241
1181273
1182997
1183010
1183359
1183554
1183911
1183946
1184482
1184880
1185862
1186016
1186339
1186424
1186875
1187032
1187394
1187587
1188480
1188647
1188924
1189260
1189366
1191640
1191823
1192178
1192249
1192379
1192620
1193228
1193324
1193472
1193577
1193644
1193824
1193847
1193985
1194033
1194739
1194796
1194807
1194820
1195594
1196384
1196426
1196472
1197075
1197891
1197922
1197928
1198066
1198779
1199067
1201502
1201774
1201826
1201920
1201991
1202189
1202797
1202986
1203101
1203720
1203809
1204822
1204967
1205530
1205668
1206313
1206392
1206851
1206874
1207280
1207711
1208438
1208677
1208678
1208793
1208845
1208935
1209327
1209368
1209446
1209547
1210095
1210135
1211296
1211383
1211509
1211729
1212527
1212646
1213772
1214280
1214418
1214647
1214710
1214771
1214869
1215083
1215249
1215920
1216491
1216542
1216886
1217232
1217683
1217826
1218092
1218212
1218788
1219053
1219297
1219621
1219944
1221068
1221400
1221427
1223084
1223176
1223316
1223337
1223451
1223955
1224019
1224264
1224665
1224987
1225126
1225759
1225862
1226366
1226746
1226765
1227051
1227234
1227485
1228481
1228526
1228670
1229496
1229675
1230300
1230606
1230637
1232783
1232825
1233206
1234022
1234180
1234258
1234296
1234782
1235826
1236671
1237176
1237273
1237368
1237805
1238503
1238731
1239152
1239153
1239336
1239353
1239579
1240595
1240852
1241226
1241297
1241518
1241639
1242194
1242825
1244780
1245333
1245354
1245514
1245621
1246091
1246368
1246859
1246887
1246918
1247471
1247590
1248091
1248532
1248826
1248908
1248954
1249532
1249905
1250501
1250628
1250643
1250707
1250894
1251244
1251893
1251901
1252285
1252647
1252667
1253624
1254097
1255024
1255320
1256420
1256435
1256508
1256913
1256945
1256959
1257209
1257473
1257720
1257872
1257885
1258556
1258621
1259153
1259827
1260025
1260316
1260665
1260763
1261159
1261526
1261686
1261749
1262360
1262683
1263005
1263557
1263959
1264083
1264234
1264387
1264531
1264729
1264806
1264834
1264964
1265457
1265579
1265630
1265929
1266400
1266495
1266986
1267228
1267632
1267919
1268113
1268323
1268802
1268990
1269494
1269536
1269862
1270210
1270354
1270517
1270854
1271340
1271941
1271993
1272121
1272156
1272597
1272628
1273134
1273498
1274310
1274386
1274774
1275068
1275234
1275441
1276058
1276548
1276587
1277176
1277305
1277313
1277651
1277755
1278496
1279400
1280091
1280223
1280372
1281154
1281912
1282143
1282261
1282379
1282799
1282918
1283256
1284136
1284835
1285307
1285686
1285949
1286117
1286243
1286262
1286677
1287007
1287140
1287199
1287379
1287968
1288928
1288994
1289035
1289051
1289318
1289382
1289478
1289831
1291107
1291266
1291456
1291510
1291638
1291836
1292166
1292335
1292859
1293236
1293242
1293661
1293798
1294270
1294452
1294577
1294894
1295732
1295833
1295883
1296852
1297054
1297427
1298132
1298557
1298730
1298994
1299605
1299728
1300224
1300817
1301001
1301329
1301842
1302927
1302985
1303237
1303465
1304164
1304703
1305034
1305137
1305266
1305273
1305289
1305716
1305756
1305894
1306023
1306081
1306263
1306367
1306688
1306961
1307250
1307902
1308846
1309296
1309360
1309901
1310000
1310038
1310169
1310848
1311145
1311237
1311686
1311931
1312497
1312660
1313122
1313256
1313510
1313961
1314105
1314284
1314664
1314842
1315275
1315744
1316139
1316256
1316398
1316570
1316693
1316961
1317302
1318362
1318370
1318659
1318810
1318875
1318990
1319253
1319627
1319898
1320294
1320459
1320563
1320817
1320927
1321247
1321602
1321863
1322203
1323306
1324046
1324091
1324447
1324480
1325005
1325285
1325339
1326535
1326564
1326728
1326790
1326923
1327344
1327405
1327576
1328170
1328891
1328908
1328948
1329694
1329831
1330261
1330449
1330751
1330764
1330886
1331033
1331239
1331461
1332108
1332611
1332628
1332895
1333535
1333658
1333672
1334372
1334393
1334531
1334756
1335366
1335770
1335986
1336221
1336590
1336850
1337266
1337521
1338675
1339113
1339269
1340330
1340590
1340637
1340898
1340900
1341649
1341682
1342037
1342047
1343782
1344192
1344377
1344513
1344518
1344529
1345403
1345435
1345455
1345754
1345776
1345830
1345963
1346380
1346738
1347009
1347011
1347048
1347480
1347621
1347778
1347917
1348276
1348481
1348829
1349234
1349930
1349993
1350060
1350616
1351141
1351446
1352153
1352430
1352577
1352836
1353739
1354003
1354437
1354534
1355304
1355388
1356351
1356794
1356991
1358253
1358634
1359010
1359155
1359374
1359611
1359698
1359749
1360522
1361261
1361565
1362089
1362254
1362358
1363890
1364020
1364382
1364766
1365285
1365471
1365491
1365566
1365655
1366151
1366420
1366423
1366429
1366456
1366606
1366926
1367116
1367296
1367304
1367910
1368366
1368755
1369006
1369304
1369415
1369517
1369571
1369615
1369736
1370841
1371217
1371651
1371659
1371838
1371880
1372416
1373019
1373187
1373354
1373416
1374287
1374789
1374841
1375243
1375375
1375768
1376079
1376366
1376775
1376785
1376814
1378169
1378189
1378340
1378362
1378391
1378485
1378523
1378888
1379353
1379503
1379728
1380728
1381169
1381575
1381874
1382013
1382409
1382978
1383012
1383435
1383632
1384101
1384198
1384227
1384310
1384377
1384822
1385365
1385373
1385383
1385384
1386473
1386735
1387140
1387381
1387467
1387585
1387627
1387692
1388373
1389032
1389064
1389380
1389917
1389923
1390368
1390525
1391768
1391810
1392192
1392599
1392608
1392690
1393651
1393821
1394769
1394809
1394869
1395013
1395017
1395294
1395394
1395978
1396975
1397083
1397900
1398517
1398599
1398934
1399157
1399552
1399772
1399948
1400028
1400157
1400162
1400324
1400745
1400765
1401342
1402551
1402870
1402875
1403237
1403582
1403602
1403685
1404213
1404333
1404510
1404594
1404815
1405034
1405104
1405209
1406034
1406678
1406873
1406882
1407015
1407179
1408681
1409132
1409321
1410596
1410900
1410907
1411176
1411376
1411415
1411484
1412114
1412127
1412252
1412606
1412659
1412699
1412831
1413355
1413435
1414275
1414313
1415014
1416063
1416130
1416299
1416484
1416697
1417143
1418179
1418266
1418843
1419798
1419949
1420164
1420872
1420929
1421204
1421346
1421734
1422863
1423094
1423264
1423680
1424233
1425733
1425816
1426201
1426318
1426336
1427307
1428507
1428516
1428915
1429152
1429156
1429322
1429552
1429690
1430845
1431428
1432053
1432584
1432591
1432741
1432980
1433011
1433307
1433616
1434053
1434544
1434671
1435232
1435771
1436121
1436635
1437042
1437086
1437181
1437373
1437441
1437847
1439101
1439281
1439284
1439712
1439955
1440404
1440436
1441499
1441814
1441853
1442331
1442390
1442878
1443012
1443224
1443272
1443344
1443892
1444018
1444794
1445517
1446188
1446891
1446897
1446982
1447215
1447274
1447315
1447526
1447606
1447701
1447990
1448273
1448311
1448399
1448450
1449022
1449027
1449218
1449619
1449698
1449728
1449940
1450063
1450217
1451294
1451422
1451922
1452195
1452249
1452340
1452358
1452410
1452722
1452851
1453058
1453169
1453288
1453924
1454006
1454626
1455099
1455988
1456601
1456958
1457374
1457396
1457461
1457784
1458083
1458222
1458557
1458890
1459307
1459343
1459907
1460371
1460483
1460830
1460909
1460914
1460995
1461146
1461379
1461714
1461748
1462249
1462487
1462555
1462622
1462704
1462856
1462932
1463176
1463623
1464008
1464042
1464098
1465060
1465440
1465476
1465844
1465888
1466052
1466148
1466160
1466213
1466233
1466658
1467015
1467056
1467120
1467358
1468109
1468240
1468400
1468455
1468546
1468762
1468785
1468879
1469013
1469526
1469530
1470661
1470692
1471035
1471307
1471653
1471783
1471792
1472001
1472576
1472756
1472920
1473441
1473863
1473873
1473897
1474363
1474547
1474607
1476046
1476577
1476624
1477270
1477609
1477893
1478092
1478179
1478935
1479009
1479257
1480404
1480612
1481013
1481382
1481729
1481918
1481931
1482307
1482337
1482788
1484091
1484213
1484225
1484483
1484613
1485248
1485293
1485357
1485821
1485876
1486257
1487767
1488352
1488751
1488906
1488959
1489505
1489531
1489952
1490331
1490619
1491069
1491477
1491547
1493434
1493703
1493804
1493814
1493819
1493870
1494110
1494241
1494246
1494331
1494784
1494885
1494938
1494946
1495190
1495234
1495370
1495380
1495486
1495505
1495614
1495768
1496293
1496735
1496775
1497407
1497428
1497641
1497645
1497766
1498236
1498926
1498942
1499035
1499190
1499199
1499356
1499388
1499525
1500380
1500659
1500969
1501164
1501383
1501444
1501449
1501723
1501756
1501765
1503271
1503404
1503540
1503851
1504821
1505603
1505696
1505977
1506033
1506140
1506952
1507274
1507713
1507858
1508103
1508113
1508346
1508779
1509504
1510401
1510440
1510735
1510970
1511648
1511703
1512119
1512730
1514005
1515534
1516503
1516705
1517114
1517936
1518028
1518113
1518247
1518469
1518545
1519168
1519560
1519856
1520006
1520386
1521598
1521756
1522217
1522407
1522441
1522653
1523332
1523881
1524525
1524562
1524777
1524806
1524858
1525182
1525547
1525642
1525673
1525699
1525780
1526501
1526739
1527130
1527338
1527399
1527872
1527890
1528356
1528533
1529273
1529806
1529945
1530082
1530179
1530978
1531002
1531076
1532461
1532671
1532744
1532813
1533166
1533270
1533459
1534070
1534281
1534305
1534769
1535276
1535388
1535552
1535912
1535938
1536260
1536585
1536595
1537219
1537460
1537474
1538264
1538564
1539402
1539588
1540000
1540107
1540491
1540583
1541089
1541551
1541758
1542986
1542988
1543072
1543096
1543112
1543420
1543491
1543695
1543786
1544485
1544540
1544964
1545012
1545259
1545272
1545432
1545511
1545544
1546316
1546360
1546450
1546538
1546569
1546830
1546975
1547861
1548410
1548570
1548853
1549062
1549082
1549510
1549536
1549687
1550001
1550174
1550209
1550224
1550756
1551130
1551281
1551308
1551741
1551846
1551940
1552036
1553068
1553070
1553540
1553886
1554290
1554931
1555233
1555288
1555423
1556006
1556034
1556325
1556442
1556658
1556830
1557573
1557773
1558185
1558308
1558785
1559006
1559184
1559724
1559932
1559957
1560071
1560117
1560336
1560477
1560700
1560915
1561424
1562129
1562177
1562398
1562575
1562713
1562957
1563419
1564281
1564563
1564781
1564810
1565143
1565312
1565319
1565363
1565422
1565598
1566049
1566204
1566505
1567942
1568602
1568927
1569047
1569102
1569112
1569294
1569437
1569706
1569873
1569893
1569895
1570357
1570550
1570724
1570879
1571144
1571145
1571180
1571480
1572045
1572187
1572210
1572461
1572614
1572821
1572896
1573045
1573502
1573529
1574215
1574270
1574508
1575344
1575785
1576037
1576212
1576214
1576652
1577051
1577232
1579438
1579515
1579789
1581439
1581890
1582084
1582175
1582193
1582365
1582425
1582593
1582597
1582837
1583233
1583486
1583523
1583825
1584126
1584778
1584907
1585839
1585994
1586083
1586130
1587214
1587727
1587982
1588426
1588530
1588730
1588865
1588971
1589250
1589454
1589591
1589738
1590222
1590779
1590892
1591793
1592505
1592573
1592585
1593187
1594045
1594062
1594728
1594794
1594837
1594993
1595196
1595390
1595400
1596027
1596214
1596289
1596458
1596571
1596623
1596658
1596850
1597288
1597973
1598453
1598852
1598863
1598941
1599269
1599302
1599536
1599625
1600247
1600358
1600474
1601002
1601780
1602132
1602216
1602296
1602427
1602742
1602765
1602784
1603420
1604086
1604524
1604909
1605237
1605314
1605335
1605972
1606429
1606650
1606721
1607539
1608227
1608423
1608483
1608927
1609149
1609544
1609849
1610055
1610253
1610514
1610630
1610722
1610956
1611857
1612771
1612779
1613296
1613663
1614207
1614216
1614469
1615205
1615749
1615779
1615800
1616873
1617053
1617172
1617308
1617400
1617563
1617610
1617740
1617751
1618003
1618124
1618266
1618461
1618580
1618587
1618749
1618954
1619168
1619194
1619619
1619627
1619712
1620397
1620527
1620653
1621066
1621077
1621415
1621480
1621866
1621977
1622316
1622991
1623517
1624013
1624023
1624174
1624378
1624493
1624785
1625195
1625315
1625628
1625674
1626085
1626473
1626876
1627133
1627175
1627466
1628195
1628573
1628943
1628957
1629211
1629544
1629935
1630052
1630431
1630498
1630932
1631284
1632667
1633072
1633393
1633806
1633918
1634096
1634247
1634926
1635082
1636011
1636420
1636528
1636647
1637050
1638093
1638231
1638325
1638474
1638729
1639385
1639420
1639637
1640062
1640066
1640254
1641094
1641750
1641869
1643138
1643174
1643325
1643424
1644296
1644367
1644540
1645552
1645766
1645970
1646738
1646806
1647166
1647812
1647818
1648192
1648241
1648322
1648537
1649145
1649685
1649922
1649970
1650139
1650141
1650984
1651172
1651858
1651891
1652208
1652284
1652475
1652647
1652740
1652809
1652869
1653119
1653301
1653526
1653532
1654025
1654264
1654439
1655066
1655136
1655331
1656610
1656615
1656791
1656821
1656871
1657158
1657829
1658781
1659418
1660077
1660363
1660373
1660419
1660660
1660923
1661054
1661251
1661519
1661523
1661691
1661702
1661776
1662331
1662402
1662714
1662991
1663800
1663812
1663813
1663858
1663918
1664446
1664736
1664960
1665014
1665485
1665490
1666062
1666619
1667208
1667525
1667535
1667557
1668033
1668892
1668978
1669387
1669792
1669928
1669989
1670065
1670121
1670514
1671053
1671476
1671700
1672042
1672241
1672301
1672377
1672415
1672588
1673099
1673346
1673847
1673986
1674511
1674601
1674655
1674866
1675058
1675121
1675377
1676071
1676152
1676633
1676648
1677034
1677415
1678090
1678141
1678280
1678741
1678768
1679033
1679238
1679629
1679959
1680427
1681274
1682343
1683117
1683836
1683915
1683973
1684260
1684451
1684520
1685045
1685097
1685319
1686197
1686229
1686513
1686574
1686683
1687002
1687487
1688490
1689198
1689453
1689559
1689566
1689568
1689700
1690040
1690098
1690872
1691232
1691298
1691329
1691828
1691856
1693797
1693965
1694189
1694358
1694396
1694506
1694627
1694667
1695004
1695108
1695764
1696165
1696393
1696810
1697369
1697454
1697761
1697953
1698273
1698357
1698397
1698832
1699204
1699212
1699932
1700319
1702294
1702482
1702671
1703459
1703600
1704327
1704385
1704824
1705546
1705917
1706393
1706870
1707473
1707732
1708202
1708293
1708822
1708860
1709808
1709988
1710146
1710164
1710254
1710462
1710589
1710771
1711030
1711514
1711917
1712127
1712713
1713182
1713234
1713764
1714729
1715309
1715357
1715844
1715846
1715906
1716100
1716179
1716301
1716810
1716914
1716915
1717159
1717348
1717603
1717667
1718485
1718864
1720016
1720018
1720060
1720216
1720226
1720574
1720588
1721105
1721198
1721518
1722428
1722490
1723016
1723116
1723211
1723436
1723703
1723726
1724014
1724417
1724618
1724913
1725118
1725466
1725841
1726066
1726130
1726731
1727093
1727771
1727786
1728028
1728481
1728539
1728824
1729775
1729946
1730323
1731898
1731943
1732315
1732585
1732659
1732847
1733005
1733387
1733404
1734502
1734973
1735593
1735770
1736170
1736405
1736530
1736966
1737358
1737382
1737562
1737855
1738682
1739572
1740298
1740657
1740824
1741082
1741323
1741674
1741704
1741990
1742211
1742276
1742435
1742678
1742853
1743936
1743957
1744824
1745323
1745671
1745831
1746351
1746905
1746943
1747961
1748054
1748758
1749046
1749203
1749465
1750700
1751525
1751660
1751749
1752311
1752433
1752918
1753183
1753910
1753931
1754035
1754540
1754639
1754670
1755043
1755764
1756579
1756900
1757508
1757657
1757811
1757855
1758214
1758231
1758242
1758986
1759078
1759763
1760111
1760202
1760348
1760474
1761461
1761629
1762520
1763014
1763541
1763697
1763804
1764057
1764066
1764216
1764289
1764504
1765810
1765840
1766070
1766101
1767402
1767746
1767967
1768273
1768435
1768470
1769187
1769245
1769277
1769313
1769668
1769848
1770011
1770578
1771350
1771459
1771970
1772362
1772440
1772567
1773301
1773553
1773677
1773737
1774071
1774282
1774474
1774759
1774832
1776121
1776411
1776541
1776652
1776903
1777146
1777755
1778110
1778141
1778852
1778915
1779194
1779459
1779662
1779805
1780257
1780748
1780783
1780805
1780915
1781220
1781459
1781460
1781515
1781677
1782325
1782583
1782662
1782744
1782942
1783264
1783315
1783564
1783821
1784927
1785028
1785063
1785103
1785214
1785582
1786005
1786483
1786874
1787115
1788041
1788588
1789105
1789124
1789563
1789848
1789870
1790131
1790147
1790419
1790841
1791070
1791249
1791343
1791411
1791546
1791948
1792394
1792486
1792717
1792953
1793263
1793369
1794032
1794148
1794167
1794332
1795484
1795601
1795613
1795874
1795910
1796606
1796622
1796807
1796874
1796950
1797627
1797791
1798406
1798484
1798568
1798884
1799338
1799432
1799482
1799710
1800168
1800284
1800647
1801413
1801544
1802662
1802990
1803351
1803406
1803523
1804499
1805279
1806636
1807317
1807388
1807445
1809194
1809286
1809389
1809486
1809579
1809603
1809675
1809920
1810009
1810262
1810326
1810625
1811068
1811147
1811531
1811542
1811680
1811722
1811815
1811926
1812210
1812383
1812407
1813577
1813653
1813991
1813998
1814375
1814820
1815056
1815250
1815251
1816080
1816496
1816593
1816796
1817069
1817149
1817212
1817263
1817317
1817394
1817500
1818704
1818745
1818942
1819196
1819726
1819991
1820078
1820297
1821582
1821761
1822043
1822149
1822248
1822417
1822962
1822963
1824430
1824438
1824804
1825722
1826313
1827001
1827278
1827778
1827911
1828157
1828163
1828364
1828742
1829235
1829371
1829518
1830761
1831743
1832115
1832729
1833212
1833832
1834161
1834967
1835414
1835517
1835708
1835763
1836118
1836225
1836240
1836479
1836920
1837150
1837262
1837397
1837464
1837469
1837766
1837932
1837953
1838074
1838102
1838482
1839463
1839616
1839729
1840264
1840481
1840977
1841590
1841656
1842123
1842685
1842800
1842984
1843356
1843962
1844144
1844546
1844734
1845269
1845370
1845410
1846247
1846892
1847881
1847980
1848002
1848943
1848953
1849376
1849419
1849473
1849513
1849696
1849699
1850445
1850479
1851100
1851321
1851367
1852016
1852230
1852284
1853285
1853570
1853611
1853908
1854060
1854096
1854166
1854347
1854398
1855825
1855934
1856313
1856791
1856798
1857239
1857375
1857933
1858170
1858536
1858953
1858987
1859118
1860086
1860163
1860598
1860728
1860756
1861427
1862811
1862905
1863498
1864241
1864512
1864528
1865394
1865549
1865852
1866196
1866245
1866594
1866941
1867141
1867158
1867274
1867353
1867522
1868192
1868252
1868545
1868784
1869409
1869517
1869568
1870618
1871892
1872113
1872643
1873922
1874112
1874144
1874621
1875036
1876294
1876444
1876970
1877587
1877810
1877865
1877878
1878504
1878515
1878728
1878838
1879345
1879523
1879538
1880617
1880985
1881103
1881134
1881182
1881258
1881382
1881518
1881602
1881889
1882261
1882409
1882575
1882643
1882934
1882999
1883048
1883176
1883917
1884387
1884551
1884811
1884894
1885332
1885687
1886110
1886132
1886551
1886640
1886755
1886934
1886982
1887215
1887742
1887855
1888331
1888439
1888463
1888934
1888951
1889026
1889889
1890640
1890775
1890781
1891070
1891218
1891675
1892029
1892139
1892255
1892463
1892465
1893166
1893386
1893695
1894035
1894158
1894183
1894309
1894460
1894617
1894756
1894858
1895111
1895704
1895970
1896293
1896353
1896422
1896735
1896875
1896892
1897800
1898348
1898546
1898887
1899014
1899819
1900028
1900045
1900107
1900504
1900764
1901447
1901612
1901745
1901800
1901841
1902190
1902627
1902851
1903189
1903235
1903348
1903493
1903797
1903841
1904397
1904542
1904598
1904859
1905512
1905719
1905879
1906070
1906140
1906250
1906287
1906665
1906675
1906955
1907166
1907315
1907396
1907425
1907578
1907580
1907667
1907907
1908175
1908394
1909037
1909073
1909386
1909453
1909526
1910774
1910822
1911248
1911936
1912010
1913074
1914020
1914047
1914144
1914147
1914328
1914350
1914599
1914859
1915074
1915435
1915853
1916922
1917008
1917013
1917098
1917143
1917344
1917860
1917883
1918145
1919471
1919727
1920065
1921057
1921376
1921413
1921634
1922324
1922334
1922510
1922798
1922854
1923160
1923274
1924577
1924745
1924751
1924854
1925333
1925358
1925655
1925684
1925817
1926088
1926473
1926528
1926689
1926981
1927067
1927555
1929094
1929368
1929489
1929704
1929879
1929926
1930767
1931005
1931107
1931116
1931164
1931661
1931709
1931985
1932132
1932494
1933048
1933159
1933400
1934014
1934735
1934885
1935027
1935883
1936540
1936729
1937102
1937507
1938026
1938412
1938593
1938737
1938997
1939579
1939895
1940278
1940642
1941144
1941252
1941795
1942140
1942545
1943633
1943747
1944136
1944774
1944940
1945022
1945867
1946259
1947194
1947927
1948919
1949178
1949180
1949624
1949869
1950121
1950435
1950473
1950711
1950978
1951038
1951167
1951365
1951447
1951955
1952080
1952185
1952250
1953149
1953186
1953200
1953229
1953691
1953733
1954144
1955148
1955801
1955903
1956084
1956206
1956472
1956547
1956680
1956712
1956823
1957444
1958216
1958713
1958773
1960000
1960727
1960806
1960869
1960973
1961839
1961973
1963110
1963119
1963222
1963476
1963684
1963824
1964742
1965070
1965211
1965465
1965808
1966218
1966708
1966796
1966870
1966980
1967078
1967475
1967544
1967623
1968126
1968308
1968544
1968732
1969021
1969068
1969554
1969864
1969882
1970080
1970483
1970578
1970641
1970954
1971118
1971373
1971475
1971930
1972592
1972911
1972918
1973093
1973318
1973333
1973344
1973368
1973404
1973927
1974830
1975229
1975814
1975891
1976024
1976574
1977085
1977631
1978630
1979668
1980344
1981362
1981587
1981592
1981645
1982633
1982780
1983413
1983581
1983692
1984419
1984534
1984971
1985490
1985508
1985769
1987295
1987389
1987563
1987711
1987843
1988823
1989895
1989966
1990272
1990303
1990616
1990964
1991113
1991211
1991228
1991281
1991480
1992352
1992982
1994364
1994977
1995718
1995892
1996086
1996963
1997028
1997825
1997827
1997996
1998193
1998253
1998635
1998741
1999098
1999157
1999252
1999343
2000045
2000212
2000219
2000234
2000305
2000331
2001479
2001617
2001691
2001721
2002574
2002932
2003075
2003144
2003357
2003897
2003903
2004009
2004132
2004280
2004446
2004890
2005416
2005842
2006001
2007925
2009288
2009453
2009572
2009621
2009694
2010103
2010677
2010882
2010983
2011294
2011413
2011822
2012039
2012415
2012540
2012674
2012765
2012955
2013529
2014741
2015118
2015656
2016325
2017538
2017642
2017655
2018157
2018176
2018304
2018351
2018402
2018472
2018473
2018649
2019069
2019258
2019424
2019459
2019503
2019789
2019798
2020359
2020650
2021214
2021351
2021548
2021707
2021911
2022193
2022312
2022342
2022402
2022496
2022861
2022940
2023440
2023597
2024059
2024424
2024468
2024561
2024609
2024907
2025162
2025557
2025620
2025877
2026188
2026263
2026445
2026463
2027092
2027236
2028026
2028174
2028177
2028328
2028715
2028741
2029180
2029285
2029400
2029899
2030382
2030383
2030446
2030448
2031155
2031292
2031936
2032043
2032108
2032252
2032880
2033164
2033241
2033724
2034682
2034723
2035111
2035508
2035664
2035913
2036170
2036318
2036343
2036749
2036837
2037174
2037356
2037496
2037645
2037827
2037844
2037898
2038126
2038142
2038391
2038507
2038760
2039313
2039684
2040988
2041029
2041051
2041348
2041907
2041950
2042030
2042181
2042615
2042783
2043797
2043824
2043878
2043895
2043933
2044069
2044209
2044553
2044693
2044738
2045508
2046284
2046910
2047511
2047543
2049185
2049376
2049422
2049711
2050077
2050569
2050578
2051069
2051126
2051249
2051694
2051916
2051931
2052250
2053335
2053465
2053531
2053914
2053957
2054460
2054554
2054671
2055026
2055385
2055486
2055679
2055701
2056677
2057007
2057016
2057116
2057388
2057535
2057538
2057640
2057682
2057981
2058208
2058542
2059845
2059910
2059959
2060171
2060803
2061529
2061881
2062040
2063263
2064022
2064165
2064441
2064699
2065025
2065214
2065400
2065506
2065819
2066010
2066244
2066374
2066701
2066775
2067281
2068931
2069009
2069070
2069668
2070148
2070739
2070840
2070917
2071450
2072261
2072316
2072414
2074351
2074474
2074515
2074625
2074833
2075159
2075376
2075476
2076514
2076703
2076831
2077058
2077371
2077537
2078126
2078262
2078419
2078854
2078870
2079094
2079100
2079638
2080240
2080277
2080545
2080561
2080658
2080675
2081111
2081114
2081709
2081760
2082479
2082543
2082778
2083195
2083317
2083353
2083613
2084747
2085235
2085241
2085737
2086854
2086855
2087016
2087167
2087548
2088109
2089003
2089412
2089982
2090089
2090098
2090850
2091284
2091410
2091534
2091641
2091660
2091743
2091963
2092423
2092816
2092869
2093107
2094206
2094557
2094703
2094791
2094969
2095096
2095136
2095215
2095270
2095285
2095582
2096034
2096284
2097166
2097382
2097561
2097568
2097592
2097653
2097739
2097786
2097876
2098349
2098827
2099179
2099388
2099389
2099465
2099602
2099722
2100261
2100322
2100591
2101022
2101023
2101085
2101183
2102283
2102932
2103095
2103726
2104031
2104044
2104067
2104473
2104705
2104932
2104977
2105604
2105916
2106007
2106058
2106162
2106360
2106447
2107350
2107534
2107690
2107730
2107880
2108536
2108582
2109240
2109273
2109351
2109751
2110287
2110458
2111140
2111378
2111675
2111918
2112739
2113138
2113203
2113209
2113420
2113594
2113977
2114542
2114599
2114881
2115222
2115993
2117595
2117997
2118032
2118130
2118414
2118808
2118982
2119124
2119182
2119590
2120083
2120640
2120744
2120947
2121071
2121449
2122266
2122834
2123225
2123700
2123906
2124374
2124690
2124894
2125001
2125157
2125180
2126495
2126574
2126620
2127454
2127524
2127566
2127590
2127818
2128232
2128348
2128599
2129218
2129373
2129463
2130755
2130766
2130895
2130994
2131181
2131321
2131608
2131617
2131730
2134074
2134117
2134140
2134618
2134772
2134845
2135080
2135110
2135369
2135382
2135489
2136015
2136546
2136587
2136690
2137238
2137294
2137319
2137642
2137988
2138584
2139008
2139043
2139601
2140203
2140540
2141104
2141551
2141667
2141729
2142409
2143032
2143904
2144009
2144493
2144674
2144846
2145130
2145199
2145404
2145850
2146014
2146331
2147038
2147087
2147436
2147510
2147620
2148339
2148705
2148801
2149275
2149419
2149604
2149605
2150436
2150566
2150878
2151123
2151572
2152775
2152888
2153365
2153680
2153692
2153993
2154601
2154815
2155137
2155200
2155242
2155474
2155491
2156015
2156453
2156618
2157106
2157118
2157386
2157392
2158368
2158713
2159163
2159301
2159351
2159406
2159694
2159959
2160047
2160121
2160378
2160957
2161320
2161366
2161480
2161516
2161525
2163321
2163957
2164288
2164380
2164679
2164793
2164830
2165051
2165089
2165378
2165516
2166335
2166493
2166574
2166675
2167093
2167218
2167475
2167756
2167980
2168147
2168322
2168379
2168461
2168869
2169393
2169689
2169907
2170399
2170485
2170620
2171051
2171361
2171580
2171775
2171906
2172038
2172058
2172530
2172574
2173350
2173482
2173955
2174094
2174197
2174364
2174408
2174565
2174615
2174619
2174829
2175257
2175430
2175457
2176200
2176324
2176358
2176432
2176866
2177771
2178231
2178322
2179400
2180074
2180455
2181198
2181226
2181888
2182539
2183408
2183654
2183754
2183783
2184250
2184817
2185267
2186091
2186683
2186718
2187020
2187243
2187547
2188111
2188233
2188556
2188616
2189304
2189403
2189412
2190041
2190599
2190853
2191364
2192227
2193306
2193497
2193958
2194183
2194354
2195015
2195246
2195952
2196087
2196467
2196542
2196630
2196929
2197155
2197190
2197309
2198163
2198354
2198355
2198565
2198576
2198578
2198707
2199030
2199926
2200011
2200075
2200191
2200408
2201157
2201356
2201472
2201684
2201752
2202604
2202790
2205637
2206307
2206393
2206951
2207042
2207308
2207350
2207524
2207873
2209992
2211335
2211907
2212302
2212411
2213026
2213064
2213206
2213214
2213289
2213564
2214223
2214681
2214698
2214711
2214968
2215265
2215571
2215875
2216001
2216142
2216149
2216207
2216351
2216647
2216775
2216848
2217156
2217367
2218020
2218038
2218386
2219128
2219498
2219851
2220127
2220213
2220462
2220871
2220902
2221033
2221677
2221691
2221733
2221884
2222004
2222237
2222526
2222818
2222879
2222888
2223240
2223947
2224460
2224523
2224725
2224991
2225251
2225477
2225985
2226636
2226960
2226965
2226970
2227270
2228004
2228825
2228939
2229012
2229152
2229198
2229501
2229839
2229956
2230022
2230093
2230580
2230668
2230778
2231726
2231749
2232175
2232577
2232710
2233163
2233300
2233782
2233826
2233946
2234449
2234483
2234584
2235319
2235320
2236057
2236714
2236932
2237371
2237447
2237580
2237692
2237938
2239307
2239547
2239619
2240250
2240293
2240317
2240378
2240413
2241066
2241134
2241215
2241596
2241746
2241840
2241951
2242059
2245809
2245936
2246253
2246334
2246511
2246569
2246864
2246927
2246936
2247414
2248028
2248436
2248458
2248460
2248720
2248812
2248844
2249096
2249141
2249465
2249487
2249525
2249974
2250045
2250061
2250252
2250397
2250423
2250829
2250888
2251059
2251158
2252662
2252732
2252852
2253084
2253385
2253992
2254183
2254250
2254354
2254936
2255103
2255173
2255516
2255835
2255900
2256056
2256415
2256708
2256824
2256976
2256994
2257091
2257488
2257686
2257819
2257966
2258272
2258485
2259093
2259108
2259173
2259340
2259422
2259584
2259665
2260127
2260467
2260779
2260794
2261047
2261636
2261838
2262256
2262523
2262546
2262661
2263267
2263295
2263352
2263658
2264096
2264257
2264667
2264965
2265231
2265299
2265659
2266365
2267135
2267363
2267917
2267985
2268204
2268437
2269046
2269362
2269575
2269660
2269692
2270091
2270176
2270263
2270721
2270988
2271223
2271401
2271501
2271807
2271967
2272353
2272777
2272889
2272959
2273478
2273593
2274078
2275030
2275117
2275616
2275908
2275929
2275958
2276008
2276039
2276050
2276383
2276410
2276622
2276721
2276759
2276899
2277183
2278145
2278176
2278763
2278902
2278996
2279132
2279878
2280083
2280175
2280380
2280481
2280599
2281041
2281068
2281998
2282377
2282782
2283879
2283890
2284443
2285074
2285121
2285281
2285368
2285550
2285573
2285770
2286091
2286741
2286989
2287890
2288228
2288697
2288984
2289381
2290867
2290907
2291444
2291728
2292256
2292946
2292976
2293117
2294238
2294267
2294286
2294512
2294861
2294949
2295009
2295846
2296655
2296695
2297217
2297777
2297919
2298175
2300191
2300223
2301012
2301095
2301144
2301628
2301673
2301679
2301694
2301929
2302618
2302708
2302938
2303068
2303175
2303183
2303399
2303416
2304093
2304238
2304686
2304735
2304951
2305779
2306053
2306219
2306370
2306481
2306666
2307044
2307453
2308881
2309039
2309341
2309359
2309442
2309549
2312087
2312182
2312251
2312330
2312660
2312816
2313263
2313397
2313560
2313914
2314345
2314370
2314437
2314909
2315092
2315304
2315342
2315786
2316176
2316492
2316854
2317327
2317579
2318079
2318125
2318304
2318346
2318464
2319270
2319527
2319677
2319832
2320220
2320570
2321297
2321361
2321369
2321418
2321946
2322315
2322392
2322410
2322446
2322615
2322914
2323303
2323960
2324251
2324263
2324402
2324721
2324727
2324850
2325085
2325175
2325259
2325587
2326077
2326449
2326668
2327008
2327242
2327491
2328095
2328157
2328671
2328812
2329031
2329118
2329353
2329487
2329843
2330009
2330058
2330436
2330476
2330533
2330805
2330857
2331136
2331925
2332341
2332638
2332733
2332824
2332873
2332880
2333038
2334058
2334245
2334452
2334523
2334630
2334714
2335577
2336128
2336130
2336314
2336350
2336584
2337544
2338004
2338291
2338739
2338834
2339192
2339493
2339779
2340759
2340789
2340852
2341380
2341614
2341806
2342148
2342411
2342570
2342592
2342784
2343029
2343305
2343710
2343953
2344021
2344211
2344321
2344387
2344659
2344693
2345174
2345628
2345710
2346191
2346476
2346519
2346779
2346914
2347063
2347085
2347535
2347661
2347776
2348014
2348510
2348511
2348560
2349253
2349524
2349573
2349963
2350052
2350159
2350572
2350718
2351227
2351434
2352163
2352477
2352982
2353832
2354296
2354409
2354593
2354601
2354657
2354880
2355139
2355356
2355418
2356096
2356232
2356736
2356925
2356997
2357172
2357234
2357639
2358014
2358317
2358397
2358655
2358774
2358909
2359174
2359657
2359675
2359678
2359813
2359963
2360089
2360205
2361351
2361859
2361870
2361928
2363286
2363427
2363859
2363922
2364266
2364555
2365280
2365302
2365369
2365534
2365773
2366673
2366906
2367314
2367478
2367489
2367524
2367541
2367865
2367904
2368043
2368225
2368226
2368295
2368519
2369319
2369689
2370450
2370749
2371497
2371974
2372077
2372720
2373026
2373327
2373656
2373940
2374486
2374660
2374766
2375232
2375772
2376545
2376809
2377359
2377400
2377603
2377610
2377938
2378119
2378554
2378584
2378900
2378922
2379907
2381717
2381879
2382345
2382360
2382490
2382740
2382845
2383182
2383652
2383762
2384366
2384758
2385310
2385936
2386316
2386605
2387185
2387480
2387531
2387839
2388194
2389230
2389340
2389625
2389640
2390296
2390430
2391154
2391184
2391623
2392206
2392225
2392485
2392641
2392665
2392949
2393032
2393247
2393253
2393473
2394688
2395394
2396581
2396803
2396811
2398793
2399120
2399199
2399557
2399669
2400075
2400316
2400766
2401645
2401674
2401724
2402118
2402239
2402402
2402831
2403035
2403542
2404284
2404416
2404427
2404476
2404779
2404785
2405211
2405353
2405865
2406393
2406528
2406734
2406876
2406968
2407144
2407524
2407658
2408324
2408452
2408742
2408911
2409152
2409201
2409249
2409388
2410178
2410409
2410818
2410869
2411421
2411558
2411622
2411725
2411854
2412144
2412209
2412700
2413034
2413064
2413228
2413318
2413859
2414013
2414093
2414727
2414780
2415010
2416425
2416871
2417097
2417828
2418033
2419199
2419248
2419365
2419464
2419518
2419536
2419680
2419809
2420054
2420157
2420292
2420298
2422168
2422217
2422299
2422638
2423309
2423740
2424029
2424267
2424524
2424746
2425059
2425570
2425680
2426214
2426388
2426853
2427121
2427341
2427881
2427932
2428775
2428858
2429023
2429052
2429158
2429343
2429385
2429475
2429616
2429638
2430258
2430524
2430690
2431664
2431861
2432642
2432768
2432893
2432952
2434143
2434147
2434970
2435028
2435192
2435278
2436234
2436495
2436624
2436775
2436911
2437378
2437392
2437557
2438024
2438237
2439449
2439505
2439590
2439641
2440081
2440152
2440435
2440557
2440954
2441055
2441373
2441378
2441790
2442028
2443086
2443339
2443531
2443631
2444138
2444155
2444250
2444443
2444605
2444766
2445044
2445413
2445446
2445772
2445980
2447408
2447440
2447483
2447894
2447940
2449350
2449374
2449458
2449658
2449672
2449970
2450561
2450921
2451237
2451497
2451631
2452151
2452193
2453416
2453835
2453963
2454395
2454414
2455148
2455727
2455877
2455933
2456794
2457192
2457340
2457350
2458154
2458326
2458657
2458758
2459214
2459376
2459403
2459884
2459935
2461035
2461036
2461435
2461569
2461841
2462071
2462490
2462673
2463146
2463150
2463198
2464705
2465290
2465719
2466256
2466737
2467063
2467277
2467338
2467485
2467486
2468190
2468625
2468948
2469123
2469124
2470215
2470819
2471251
2471419
2471701
2472196
2472595
2472874
2473068
2473125
2473179
2473185
2473479
2473661
2474815
2475653
2475933
2477107
2477684
2478261
2479753
2479782
2479940
2480220
2480561
2480652
2480697
2480767
2480810
2481063
2481142
2481156
2481467
2482086
2482122
2482308
2482577
2482647
2482997
2483112
2483150
2483481
2483486
2484741
2484915
2485020
2485302
2486917
2487139
2487526
2488281
2488912
2489057
2489897
2490864
2492058
2492171
2492857
2492972
2493265
2493426
2493839
2494075
2494714
2495228
2495945
2496830
2497254
2497448
2498450
2498785
2499410
2499473
2499499
2500016
2500611
2500917
2501182
2501288
2501686
2502423
2502799
2503218
2503402
2503468
2503818
2503938
2504010
2504721
2504768
2505916
2506217
2506588
2506652
2506975
2507266
2507378
2507499
2507938
2508353
2508355
2508785
2509172
2510043
2510362
2510366
2510433
2510671
2511504
2511886
2512044
2512093
2512132
2512346
2513020
2516056
2516791
2517284
2517432
2517545
2517741
2517766
2517894
2517916
2518135
2518377
2518983
2519084
2519348
2519474
2519868
2520004
2520075
2520133
2520698
2521541
2521866
2522215
2523280
2523287
2523647
2523825
2524144
2524956
2525387
2525412
2525503
2525720
2526122
2526412
2527186
2528521
2528815
2528816
2528940
2529217
2529465
2529613
2529702
2529744
2529810
2530614
2530788
2530985
2531608
2531657
2531679
2531831
2531874
2532039
2532041
2533212
2534700
2535062
2535549
2535653
2535922
2536018
2536883
2537049
2537379
2537401
2539555
2539558
2539586
2539950
2540014
2540334
2541167
2542710
2542754
2543390
2543430
2543455
2543968
2544106
2544255
2544718
2544726
2545041
2545215
2545369
2545515
2545572
2545610
2545666
2545964
2546126
2546347
2546440
2546480
2546995
2547035
2547062
2547733
2547827
2548168
2549039
2549159
2549590
2550232
2550236
2550252
2550531
2550648
2550653
2550815
2551422
2551995
2552051
2552075
2552281
2552383
2552592
2553197
2553308
2553566
2553813
2553816
2554092
2554109
2554583
2554895
2555248
2555901
2556161
2556251
2557080
2557351
2557387
2557920
2558422
2558611
2558737
2559458
2559619
2559770
2560236
2560400
2560491
2560750
2560911
2560987
2561455
2561477
2561783
2562211
2562421
2562513
2562931
2563232
2563618
2563759
2564168
2564691
2564946
2565351
2565384
2565587
2565884
2565970
2566111
2566284
2566295
2566446
2566608
2566787
2566798
2567580
2567762
2568150
2568473
2568813
2568849
2569079
2569448
2569853
2570000
2570662
2570896
2571485
2571518
2571525
2571870
2572095
2572110
2572147
2572556
2572752
2572968
2573208
2573504
2573912
2573946
2574050
2574307
2574341
2574447
2574969
2575211
2575364
2575423
2575633
2575720
2575799
2576121
2576205
2576240
2576444
2578127
2578750
2579361
2579445
2579598
2580179
2580229
2580454
2580639
2581235
2581674
2582159
2582716
2582879
2583008
2583405
2583481
2583488
2583835
2584059
2584233
2584293
2584324
2584960
2585509
2585649
2585963
2586079
2586127
2586196
2586400
2586651
2586757
2587015
2587045
2587881
2588009
2588290
2588419
2588748
2588980
2589157
2589549
2592064
2592176
2593605
2593846
2594098
2594512
2594737
2594743
2594990
2595159
2595281
2595370
2595381
2596023
2596264
2596293
2596407
2596751
2598009
2598103
2599188
2599437
2599539
2600235
2600315
2600829
2601213
2601515
2602194
2603359
2603482
2604770
2604839
2604877
2605147
2605384
2605442
2605531
2606036
2606408
2606461
2606507
2606935
2607118
2607390
2608099
2608580
2608685
2608707
2608893
2608994
2609054
2609153
2609608
2609988
2610061
2610193
2610441
2610530
2610847
2610991
2611102
2611126
2611174
2611359
2611837
2613018
2613021
2613026
2613315
2613371
2614024
2615266
2615747
2616331
2616395
2616593
2616937
2617918
2618314
2618432
2618757
2618855
2619179
2619288
2619426
2619673
2619686
2621111
2621275
2621313
2622103
2622186
2622285
2622422
2623089
2623916
2623919
2625311
2625538
2625712
2626226
2626270
2626513
2626583
2626681
2626700
2626907
2627136
2627221
2627781
2628099
2628109
2628204
2628382
2628615
2628810
2629393
2629666
2629917
2630392
2630409
2630565
2630567
2631455
2631568
2632055
2632166
2632251
2632366
2632674
2633007
2633189
2633741
2633765
2633790
2634279
2634686
2634737
2635060
2635286
2635719
2635854
2636441
2637140
2637167
2637863
2637903
2638066
2638449
2638805
2639413
2639467
2639585
2639641
2639819
2639956
2640052
2640176
2640461
2641064
2641288
2641626
2641851
2642437
2642758
2642842
2642900
2643099
2643266
2643641
2643689
2644469
2644833
2645410
2645579
2645595
2645861
2646019
2646074
2646376
2646755
2648183
2648201
2648831
2648848
2649794
2650028
2650538
2650540
2650869
2651055
2651570
2651699
2652111
2652185
2652777
2653917
2654933
2655271
2656188
2656309
2656764
2656919
2657168
2657459
2658435
2658842
2659119
2659158
2659248
2659307
2659550
2659933
2660330
2660393
2660687
2660749
2661163
2661295
2661347
2661660
2662096
2662269
2662437
2663268
2663418
2663438
2664080
2664632
2664953
2665036
2665756
2665780
2665997
2666550
2666699
2667070
2667138
2667700
2668324
2668556
2669477
2669521
2669658
2669700
2669716
2670745
2670963
2671237
2671512
2671750
2672405
2672576
2672707
2672953
2673224
2673480
2673744
2674039
2674932
2674990
2675071
2675113
2675205
2675289
2675394
2676044
2676459
2677646
2678004
2678252
2678255
2678732
2678858
2679208
2679271
2679353
2679804
2681198
2681373
2681570
2681699
2682420
2682683
2682760
2683353
2683669
2683852
2684038
2684171
2684475
2685456
2685475
2686111
2686124
2686270
2686514
2686559
2686725
2687216
2687274
2687441
2687661
2687722
2687985
2688254
2689070
2689152
2689943
2690588
2690815
2691180
2691224
2691260
2691428
2691876
2691896
2692093
2692422
2692677
2692797
2692962
2693062
2693307
2693566
2694223
2694269
2694356
2694973
2695105
2695148
2695838
2697207
2697646
2698282
2698327
2698529
2698949
2699211
2699242
2699433
2699832
2700059
2700111
2700283
2700289
2700851
2700968
2701783
2702367
2702442
2702586
2703335
2703628
2703754
2704440
2705229
2705410
2705625
2705843
2706457
2706855
2706882
2707213
2707764
2708781
2708903
2709155
2709523
2709549
2709577
2709903
2709958
2709971
2710048
2710326
2710444
2710456
2710891
2711344
2711362
2711449
2711767
2711880
2712095
2712373
2712460
2712748
2712777
2713230
2713369
2713719
2713736
2714170
2714442
2714629
2716193
2716472
2716529
2716583
2717523
2717649
2717670
2718080
2718183
2718437
2718611
2719035
2719170
2719373
2719390
2719975
2720133
2720487
2720600
2720614
2720785
2721018
2721068
2721196
2721798
2722611
2722647
2722940
2723086
2723112
2723164
2723858
2724693
2725327
2725462
2725579
2726250
2726401
2726503
2727015
2727273
2727449
2728086
2728329
2728471
2728546
2728740
2729021
2729086
2729236
2729265
2730181
2730238
2730245
2731419
2732072
2732571
2732628
2732794
2733071
2733612
2733868
2734001
2734491
2734914
2735198
2735471
2735699
2735700
2736209
2736618
2736705
2736928
2737535
2737618
2737803
2737810
2737851
2737991
2738306
2738392
2738556
2738882
2738887
2739921
2740024
2740161
2740276
2740845
2741009
2741297
2741338
2741461
2741545
2741627
2742044
2743203
2743223
2743841
2743864
2743937
2744491
2744536
2744769
2744802
2745058
2745596
2746183
2746775
2747206
2747241
2747568
2747740
2747869
2748608
2748630
2748681
2748890
2749494
2750737
2750765
2751861
2751867
2752304
2752351
2752428
2753696
2753860
2754106
2754506
2754726
2755217
2755539
2755887
2755894
2756293
2756514
2756977
2757164
2757497
2757657
2757661
2757776
2758025
2758195
2758230
2758427
2758484
2759223
2759251
2759319
2759675
2759686
2759879
2760087
2760537
2760593
2760642
2761548
2761919
2762428
2762439
2762686
2763211
2763590
2764057
2764392
2764498
2764546
2764732
2764871
2764920
2765678
2765916
2766038
2766489
2767326
2767404
2767593
2767717
2768117
2768397
2768737
2768843
2768870
2770883
2770953
2770955
2771193
2771687
2771811
2772559
2773321
2773416
2773631
2773693
2773936
2774105
2774544
2774738
2774797
2775531
2775717
2776359
2776762
2776979
2777232
2777670
2777747
2777918
2777943
2778160
2778880
2779312
2779461
2779872
2780659
2780719
2780889
2781206
2781774
2781928
2782209
2782358
2782741
2782770
2784310
2784495
2784654
2784687
2784691
2784881
2784900
2785202
2785493
2786162
2786181
2786687
2786694
2786710
2786900
2787208
2787245
2787250
2787257
2787335
2787349
2787434
2787495
2789206
2789578
2789855
2790338
2790872
2791055
2791165
2791347
2791599
2791736
2793018
2793312
2793760
2793769
2793819
2793918
2794090
2794440
2794573
2794863
2795032
2795067
2795216
2795414
2795825
2796227
2796606
2796740
2796762
2796805
2796949
2797318
2798085
2798237
2798478
2798534
2798637
2799224
2799291
2799496
2799690
2799824
2800227
2801351
2801939
2802032
2802149
2803642
2803865
2803877
2804203
2804509
2804666
2805187
2806901
2807103
2807229
2807240
2807527
2807569
2807935
2808183
2808337
2809131
2809231
2809325
2809553
2809577
2809742
2809904
2810075
2810101
2810645
2811038
2811555
2811647
2811799
2811848
2811918
2812405
2812469
2812770
2813633
2813803
2814036
2814852
2815570
2815910
2815922
2816231
2816445
2816729
2816780
2817046
2817591
2817842
2818142
2818772
2819304
2819728
2820200
2820338
2820344
2820553
2820988
2821073
2821203
2821280
2821418
2822053
2822236
2823023
2823229
2823575
2824628
2824632
2824912
2825103
2825517
2825655
2826128
2826737
2826888
2826905
2827225
2827470
2827475
2828522
2829859
2830264
2830283
2830934
2830983
2831562
2831662
2831700
2831772
2831917
2832105
2832670
2832989
2832994
2833074
2833604
2833757
2835698
2835965
2836175
2836530
2837219
2837674
2838051
2838277
2838295
2838301
2838302
2838473
2838621
2838867
2838990
2839110
2839726
2839771
2839925
2840112
2840214
2840348
2840469
2840785
2841004
2842400
2842616
2842894
2843109
2843437
2843559
2843741
2844315
2844669
2845117
2845436
2845830
2846109
2846223
2846383
2846526
2846907
2847251
2847500
2847850
2848508
2848982
2849804
2850421
2850663
2850758
2851134
2851324
2851414
2851513
2851876
2852122
2852162
2852222
2852361
2853081
2853111
2853345
2853695
2854110
2854759
2855209
2855224
2855357
2855516
2855676
2855962
2856269
2856452
2856904
2857853
2858037
2859610
2859686
2859975
2860055
2860344
2860365
2860389
2860410
2860734
2861873
2862183
2862208
2862344
2862369
2862786
2863281
2863406
2863418
2863787
2865291
2865476
2866391
2866417
2866581
2866794
2867971
2868068
2868239
2868308
2868858
2869364
2869398
2869957
2870520
2870754
2870997
2871403
2871454
2871890
2871911
2872086
2872370
2872678
2872756
2873202
2873338
2873554
2873631
2873736
2874145
2874345
2874570
2874762
2874884
2874991
2874995
2875690
2876655
2876975
2877374
2877507
2877649
2878487
2879369
2879976
2880019
2880355
2881111
2881344
2881755
2881970
2881992
2881995
2882212
2882438
2882960
2883124
2883429
2884075
2884093
2884554
2884840
2885469
2885956
2886445
2886604
2886621
2887084
2887206
2888788
2889107
2889125
2889359
2889810
2890723
2890812
2890928
2891024
2892863
2892974
2893173
2893960
2894225
2895259
2895420
2896119
2896602
2896761
2896925
2897188
2897448
2898399
2898524
2898620
2898961
2899132
2899240
2899450
2899826
2899922
2900151
2900244
2900323
2900947
2901456
2901934
2902030
2902607
2902678
2902698
2902729
2902743
2903294
2905021
2905542
2905571
2905795
2906136
2906638
2906976
2907007
2907311
2907522
2907543
2907924
2908110
2908162
2908309
2908655
2908845
2910261
2910277
2910315
2910320
2911528
2911849
2911899
2911922
2912027
2912246
2912535
2912829
2912931
2913323
2913546
2914167
2915295
2915571
2915826
2916027
2916325
2917400
2917485
2917672
2918611
2919462
2919531
2919893
2920859
2920971
2921429
2922115
2922705
2923087
2923707
2924240
2924312
2924421
2924509
2924531
2924756
2924972
2925029
2925134
2925139
2925984
2926494
2926809
2927048
2927390
2928276
2928472
2928528
2928589
2929039
2929116
2929250
2929906
2930062
2930260
2930294
2930795
2931188
2931297
2931629
2931692
2931830
2932055
2932102
2932423
2933148
2933492
2933595
2934014
2934128
2934926
2934931
2936005
2936071
2936139
2936538
2937176
2937225
2937521
2937749
2937754
2937842
2938340
2938592
2938627
2938721
2939854
2940219
2940422
2940471
2940574
2940686
2942182
2942184
2942261
2942341
2943421
2943669
2943890
2943925
2944200
2944222
2944980
2945008
2945061
2945257
2945608
2946087
2946192
2946419
2947069
2947332
2947589
2947685
2947794
2948091
2948271
2948512
2948674
2948949
2949048
2949418
2950400
2951358
2951603
2951898
2952263
2952469
2952652
2952766
2953193
2954049
2954446
2954543
2954726
2955004
2955179
2955723
2955749
2956010
2956466
2956801
2957070
2957233
2957336
2957391
2957481
2957778
2958209
2958441
2958449
2958509
2958607
2958743
2959699
2959723
2960233
2961282
2961847
2963613
2963668
2963745
2964600
2965622
2965877
2965909
2966110
2966452
2966635
2966660
2966850
2966911
2967551
2968159
2968387
2968798
2968815
2968877
2968903
2969701
2969747
2970148
2970281
2971375
2971588
2972048
2972116
2973517
2973622
2974020
2974161
2974278
2974315
2974736
2975527
2976130
2976688
2978350
2978482
2978663
2979167
2979212
2979678
2979696
2979744
2980425
2980751
2980829
2980949
2981260
2981322
2981601
2981978
2982427
2982431
2982575
2982680
2983012
2983276
2983343
2983413
2984232
2984544
2984652
2985154
2985329
2985898
2986174
2986184
2986318
2986688
2986692
2986919
2986974
2987042
2987467
2987484
2987528
2988239
2988370
2988517
2989728
2989959
2990244
2990833
2991012
2991765
2991788
2993024
2993235
2993461
2993673
2994598
2994611
2994615
2994749
2995053
2995218
2995571
2995911
2995986
2996128
2996205
2996214
2997304
2997715
2997907
2998119
2998298
2998438
2998549
2998597
2998842
2998969
2999131
2999827
2999874
3000423
3000498
3000539
3000607
3000854
3001075
3001256
3001788
3001798
3002461
3002981
3003007
3003489
3004595
3005295
3005707
3005738
3006042
3006072
3006194
3006638
3006680
3006868
3006991
3007163
3007405
3008052
3008579
3008903
3009082
3009208
3009245
3009683
3010083
3010890
3010934
3011045
3012044
3012050
3012193
3012833
3012836
3012868
3012995
3013104
3013397
3013861
3014743
3015559
3016155
3016503
3017204
3017773
3017842
3018184
3018195
3018432
3019154
3019194
3019531
3020321
3020382
3020547
3021914
3022145
3022687
3023155
3023874
3023906
3023913
3024325
3024535
3024695
3024905
3024931
3024984
3025590
3028229
3028435
3028655
3028729
3028895
3029401
3029669
3029732
3029761
3029810
3030551
3030648
3031547
3032592
3033255
3033475
3033832
3034127
3034208
3034499
3035212
3035436
3035605
3036394
3036695
3036806
3036875
3037109
3037151
3037501
3037919
3038456
3038591
3039406
3039783
3040097
3040320
3040506
3040759
3041183
3041635
3042317
3042323
3042409
3043274
3043992
3044697
3044935
3044986
3045051
3045079
3045111
3045576
3045681
3045883
3046087
3046684
3046913
3047014
3047542
3048072
3049097
3049249
3049368
3049407
3049445
3049743
3049807
3050104
3050472
3051034
3051292
3051438
3052224
3052233
3052659
3052826
3052828
3053160
3054085
3054137
3054261
3054613
3054916
3055236
3055985
3056059
3056575
3056580
3057222
3057313
3057878
3057995
3058198
3058303
3058473
3058766
3059400
3059547
3059638
3060033
3060108
3060220
3060790
3060816
3061614
3061732
3061737
3062002
3062976
3063259
3063319
3063391
3063852
3065016
3065109
3065138
3065202
3065350
3065423
3065518
3067186
3067552
3067850
3068281
3068320
3068561
3069209
3069624
3070060
3070263
3070626
3071171
3071205
3071649
3072003
3072058
3072112
3072222
3072243
3072667
3072908
3073000
3073454
3073535
3073750
3074176
3074296
3074400
3074678
3075069
3075156
3075437
3075930
3076238
3076386
3076539
3076562
3077112
3077152
3077868
3078121
3078149
3078314
3078504
3078670
3079077
3079213
3080355
3080869
3081121
3081348
3081406
3081897
3081933
3082322
3082818
3083127
3083358
3083392
3084008
3084172
3084792
3084834
3085449
3086025
3086224
3087009
3087339
3087415
3087538
3088255
3088477
3088615
3088778
3088872
3089316
3089698
3089713
3089918
3090384
3090472
3090519
3092638
3093215
3093216
3093556
3094031
3094465
3094609
3094791
3094997
3095160
3095412
3095478
3095712
3095719
3095768
3095984
3096131
3096175
3096434
3096643
3096851
3096932
3096940
3096999
3098665
3099467
3099719
3100359
3101124
3101210
3101335
3101432
3102215
3102497
3102695
3103237
3103386
3103545
3103744
3104368
3104756
3104803
3105319
3106165
3106595
3106647
3106813
3106840
3106901
3106949
3106964
3107711
3107936
3108166
3108638
3110017
3110043
3110349
3110653
3110821
3110939
3111486
3111621
3112416
3112847
3113555
3114178
3114385
3114530
3114841
3115090
3115270
3115556
3115623
3115949
3116437
3116843
3116914
3117166
3117782
3118873
3119075
3119246
3119507
3120224
3120264
3120365
3120413
3120754
3121255
3121286
3122463
3122488
3123174
3123186
3123190
3123803
3124164
3124472
3124576
3125498
3125574
3125831
3125986
3126195
3126216
3126254
3126531
3126601
3126713
3127572
3127652
3127965
3128214
3128563
3129003
3129554
3129982
3130199
3130500
3130575
3130696
3131001
3131079
3131566
3132535
3132639
3132767
3133863
3134317
3134355
3134484
3134574
3134808
3135243
3135270
3135284
3135742
3136026
3136589
3136956
3137067
3137207
3137269
3137393
3137890
3137979
3138020
3138420
3138956
3139129
3139545
3140271
3140746
3140955
3141598
3141867
3142576
3142598
3143939
3144046
3144047
3144532
3144917
3145413
3145612
3145762
3147382
3147411
3147437
3147449
3148010
3148076
3148402
3148989
3149305
3149567
3149594
3150128
3150277
3151202
3151287
3151702
3151901
3151928
3152120
3152374
3152389
3152883
3153404
3153448
3153452
3154162
3154263
3154295
3154712
3154816
3154864
3155246
3155267
3155316
3155388
3155584
3156251
3157221
3157918
3158028
3158304
3158590
3158617
3158829
3158848
3158880
3159180
3159264
3159493
3160157
3160983
3161086
3161217
3161339
3161692
3161715
3161764
3162430
3162851
3162975
3163801
3163870
3164753
3164816
3164844
3165000
3165294
3165456
3165910
3166221
3166256
3166450
3166466
3167816
3167964
3168291
3168456
3168486
3168772
3168821
3169333
3169699
3169833
3170070
3170192
3170193
3171264
3172169
3173459
3173657
3174022
3174502
3174780
3174947
3175079
3175294
3175784
3175959
3176295
3176357
3176385
3176791
3176808
3177126
3177404
3177481
3177728
3178314
3178326
3178576
3179450
3179945
3180364
3181214
3181328
3181435
3181520
3182188
3182230
3182390
3182422
3182459
3182707
3182888
3182966
3183518
3183807
3184353
3184566
3185505
3185739
3186349
3186386
3186902
3187014
3187327
3187831
3187876
3188085
3188172
3188210
3188671
3189250
3189450
3190035
3190380
3190865
3191062
3191110
3191111
3191603
3191613
3191669
3192408
3192545
3192558
3192704
3193092
3193400
3193993
3194017
3194210
3194392
3194470
3194593
3194610
3194980
3195411
3196012
3196786
3196809
3197052
3197396
3197468
3198075
3198389
3198448
3199063
3199117
3199343
3199372
3199839
3199847
3199932
3200440
3200760
3200765
3200919
3201296
3201455
3201921
3202025
3202452
3202516
3202832
3202855
3203067
3203078
3203145
3203197
3203384
3204132
3204322
3204668
3204742
3205182
3205456
3205652
3205901
3206043
3206074
3207304
3207674
3207698
3209676
3209935
3210696
3211042
3211097
3211286
3211338
3211426
3211693
3212319
3213370
3213775
3214121
3214228
3214841
3214890
3215323
3215513
3215548
3215917
3216141
3216356
3217390
3217765
3218138
3218185
3218201
3218262
3218288
3219239
3219501
3219664
3219993
3220088
3220637
3221029
3222424
3222753
3222830
3222873
3223134
3223266
3223865
3224609
3224734
3226068
3226207
3226645
3226922
3227027
3228021
3228101
3228517
3228792
3228897
3229444
3229446
3229792
3230067
3230371
3230543
3230944
3231275
3231411
3231548
3232203
3232253
3232728
3233063
3233265
3233904
3234513
3235063
3235782
3236086
3236790
3236847
3237388
3237881
3238716
3238876
3238913
3239534
3239555
3239663
3239674
3239675
3241101
3241162
3241259
3242491
3242653
3242954
3243472
3243499
3243574
3243687
3243744
3243858
3244341
3244387
3244504
3244609
3244954
3245040
3245546
3245551
3245706
3245754
3246100
3246565
3246748
3246757
3247555
3247560
3247963
3248109
3248620
3248883
3248892
3249834
3249884
3250246
3250384
3250508
3250544
3250691
3251391
3251543
3251801
3252480
3252531
3252714
3252845
3253377
3253606
3253733
3253759
3254073
3254401
3254493
3254638
3254802
3255337
3255687
3255929
3256021
3256131
3256135
3257007
3257710
3257746
3257837
3257959
3258070
3258502
3259310
3259396
3259614
3260001
3260002
3260212
3260223
3260851
3261159
3261391
3261603
3262134
3262326
3262348
3263038
3263356
3263457
3263836
3264322
3264705
3265106
3265193
3265237
3265312
3265758
3265887
3266489
3266561
3267118
3267442
3267692
3268242
3268352
3268784
3269120
3269408
3269460
3269645
3269802
3269919
3270106
3271055
3271198
3271350
3271608
3272353
3272388
3272821
3273046
3273076
3273265
3274438
3274735
3275046
3275779
3276171
3277357
3278192
3278466
3278707
3278804
3278831
3278987
3279089
3279946
3279976
3280942
3281080
3281109
3281177
3281392
3281786
3282087
3282978
3283673
3283913
3284264
3284315
3284396
3284470
3284909
3284966
3284977
3285289
3285643
3286392
3286940
3287027
3287200
3287403
3287437
3287672
3288040
3288168
3288905
3289546
3289721
3290393
3290813
3290908
3291114
3291602
3291658
3291905
3292105
3292172
3292510
3292688
3292770
3293187
3293760
3293902
3293928
3294589
3294867
3294884
3295434
3295575
3296585
3296921
3297425
3297448
3298198
3298420
3298695
3298831
3298855
3299671
3300009
3300263
3300539
3300599
3300795
3301274
3302249
3302365
3302651
3302708
3302871
3303152
3303172
3303211
3303227
3303304
3304055
3304323
3304330
3304384
3304400
3304436
3304930
3304969
3305192
3305244
3305249
3305546
3305624
3306102
3307104
3307393
3308324
3308735
3308881
3309409
3309541
3309563
3309699
3310420
3310859
3310978
3311477
3311714
3312648
3313033
3313848
3314101
3315439
3315836
3316105
3316531
3316735
3317083
3317431
3317472
3317721
3317849
3318233
3318295
3318415
3318591
3318656
3318869
3319160
3319417
3319866
3320014
3320144
3320187
3320263
3320414
3321224
3321462
3321585
3321682
3321938
3323027
3323348
3323636
3323774
3324540
3325331
3325610
3326072
3327089
3327135
3327283
3327373
3327919
3327974
3328019
3328262
3328472
3328983
3329392
3329762
3330355
3330622
3330870
3331053
3331225
3331484
3331844
3332518
3333442
3333564
3333647
3333736
3334204
3334347
3334637
3334731
3334835
3334914
3334935
3335000
3335506
3335872
3335908
3336031
3336459
3336506
3336836
3337082
3337323
3337868
3338095
3338888
3339619
3339845
3340147
3340200
3340257
3340855
3340910
3341105
3342009
3342278
3342880
3343456
3343683
3343722
3344207
3344502
3344504
3344719
3345220
3345324
3345487
3345714
3346660
3346900
3347178
3347463
3347524
3348334
3348346
3348450
3348480
3348788
3348993
3349389
3349447
3350141
3350315
3350818
3351164
3351348
3351511
3351678
3351864
3352099
3352705
3352987
3353715
3353809
3354280
3354423
3355648
3356035
3357014
3357096
3357116
3357230
3357497
3357738
3357756
3357767
3358009
3358276
3358491
3358535
3358572
3358885
3358975
3360400
3360417
3360610
3362024
3362392
3362884
3363019
3364779
3365132
3365269
3365565
3365767
3366043
3366333
3366743
3366762
3367196
3367477
3367510
3367588
3368404
3369128
3369359
3369521
3369619
3369627
3370040
3370343
3370611
3370818
3371109
3371465
3372094
3372634
3373294
3373328
3373764
3373765
3373952
3374758
3374999
3375001
3375983
3376190
3376752
3376774
3377035
3377125
3377138
3377272
3377302
3377464
3377622
3378021
3378789
3379378
3379639
3379854
3380062
3380094
3380385
3380557
3380596
3380740
3380857
3380886
3381039
3381520
3381579
3381667
3381848
3382030
3382528
3383093
3383761
3383767
3383787
3383981
3383986
3384639
3385032
3386065
3386172
3386606
3386725
3387191
3387252
3387325
3387411
3388124
3388238
3388412
3389010
3389558
3389754
3389994
3390003
3390346
3390702
3390713
3391229
3391492
3392051
3392715
3392720
3392841
3392842
3395665
3396146
3396342
3396347
3396373
3396412
3397032
3399435
3400199
3400770
3401578
3402076
3402262
3402337
3402580
3402587
3402640
3403711
3403737
3403841
3403862
3404016
3405199
3405388
3405394
3405453
3405974
3406678
3406974
3407103
3407301
3408573
3409179
3409465
3410012
3410162
3410462
3410597
3410974
3411171
3411247
3412009
3412059
3412399
3412860
3413058
3413253
3413273
3413431
3413589
3413740
3414014
3414026
3414186
3414343
3414728
3414905
3415068
3415081
3415121
3415148
3415807
3416545
3416929
3417530
3417594
3418016
3418317
3418826
3419016
3420749
3421111
3421407
3421505
3421779
3422003
3422267
3422873
3423628
3423980
3424257
3424540
3424841
3424955
3425000
3425360
3425415
3425430
3425492
3426599
3427018
3427160
3427221
3427429
3427663
3427721
3428309
3428431
3428566
3429017
3429325
3430138
3430225
3431415
3431650
3433792
3433982
3434298
3434604
3434647
3434765
3434896
3435402
3435934
3436575
3436649
3436722
3436846
3437326
3437337
3437526
3438008
3438531
3438854
3439433
3439808
3440547
3440994
3441075
3441141
3441964
3441994
3442053
3442499
3443291
3443938
3444029
3444232
3444254
3444352
3444553
3444681
3444736
3445977
3448587
3448888
3449094
3449309
3449732
3449899
3449959
3450316
3450596
3450778
3451533
3452202
3452826
3453542
3453904
3455264
3456183
3456199
3456757
3456914
3458209
3458219
3458831
3458838
3459149
3459269
3459403
3459640
3461165
3462215
3462637
3462935
3462949
3463135
3463316
3463503
3463549
3463810
3463888
3463893
3463967
3464323
3464731
3465348
3465965
3467031
3467594
3467596
3468483
3469201
3469399
3469834
3469962
3470213
3470386
3470408
3470666
3471386
3471409
3471599
3471658
3472036
3472375
3472660
3472954
3473212
3473213
3474542
3475246
3475382
3475613
3475875
3475876
3477269
3477568
3477832
3477883
3478610
3479235
3479394
3479658
3479685
3480003
3480164
3480206
3480246
3480338
3480612
3480727
3480785
3480874
3481448
3481516
3481910
3482596
3482606
3482932
3483136
3483229
3483515
3483561
3483639
3483855
3485144
3485185
3485706
3485755
3485757
3485796
3486979
3487104
3487156
3487379
3488013
3488080
3488303
3489068
3489345
3489728
3489806
3489818
3489946
3490044
3490223
3490539
3491058
3491363
3491690
3492138
3492626
3492641
3492859
3493480
3493607
3493630
3493654
3493664
3493718
3493889
3493935
3494292
3495325
3495706
3495729
3496547
3497209
3497219
3497236
3497843
3498092
3498289
3498334
3498736
3498802
3499548
3499658
3499731
3499804
3499864
3499974
3501068
3501233
3501374
3501399
3501710
3501920
3501982
3502132
3502682
3502807
3503055
3503673
3503864
3503880
3504510
3504599
3505379
3505652
3505749
3505972
3506067
3506143
3506151
3506311
3506525
3506629
3506651
3507077
3507307
3507469
3507676
3507948
3508035
3508442
3508449
3508689
3508741
3509500
3509702
3509945
3510164
3510226
3510333
3510917
3511602
3511817
3512105
3512336
3512381
3512670
3512688
3513065
3513081
3513221
3513688
3514220
3514227
3515072
3515452
3515612
3515798
3516241
3516505
3516602
3516860
3517524
3517799
3518091
3518106
3518181
3518347
3519240
3519340
3519786
3521590
3521720
3523043
3523201
3523227
3523439
3523577
3523679
3524710
3525006
3525189
3525202
3525293
3525353
3525752
3525761
3525949
3526309
3527301
3527830
3527958
3527969
3528476
3528867
3529303
3529554
3529651
3529673
3530187
3530319
3530863
3530998
3532001
3532035
3533388
3533489
3534295
3534396
3534953
3535686
3536496
3536532
3536957
3537075
3538071
3539004
3540065
3540733
3542229
3542293
3542445
3542562
3542594
3542651
3542841
3543198
3543257
3543519
3544004
3544198
3544402
3544859
3544897
3544973
3545355
3545423
3545529
3545766
3546068
3546425
3546627
3546745
3546955
3547052
3547282
3547404
3547585
3548389
3548714
3549572
3550059
3550265
3550276
3551785
3551909
3552361
3552522
3553725
3553804
3554578
3555181
3555270
3555515
3555738
3556215
3556361
3556678
3556882
3556966
3557148
3557288
3557636
3557663
3557860
3558302
3558496
3558655
3558893
3559134
3559398
3559465
3559487
3559707
3560505
3560940
3561132
3561352
3562108
3562136
3562213
3562249
3562399
3562593
3562656
3562763
3562782
3564423
3564451
3564543
3564698
3565019
3565032
3565267
3565397
3565542
3565610
3565698
3566099
3566256
3566319
3566386
3566397
3566517
3567098
3567108
3567403
3567672
3567691
3567835
3568575
3568744
3568940
3569412
3569989
3570131
3570498
3571089
3571495
3571921
3572253
3572512
3572943
3573051
3573109
3573404
3573462
3573560
3573874
3573938
3574023
3574211
3574260
3574683
3575076
3575275
3575280
3575560
3575625
3576200
3576234
3576985
3577140
3577259
3577568
3578078
3578495
3578810
3579115
3579492
3579762
3580253
3580258
3580470
3581057
3581185
3581204
3581226
3581872
3582609
3582737
3583097
3584532
3585020
3585122
3585396
3585565
3585732
3585775
3585882
3586152
3586339
3586426
3586767
3587283
3587467
3587733
3588008
3588371
3588729
3588958
3589084
3589097
3589863
3590249
3590276
3590441
3591147
3591422
3591636
3592240
3592296
3592592
3592675
3593025
3593364
3593453
3593502
3593575
3593806
3593814
3594151
3594155
3594577
3594975
3594981
3595234
3595247
3595265
3595342
3595884
3595920
3596302
3596598
3596894
3596953
3596960
3597050
3597372
3597426
3597613
3597971
3598259
3598392
3598462
3598470
3598585
3600039
3600094
3600796
3602302
3602731
3603261
3603290
3603997
3604090
3604782
3605067
3605565
3605732
3606115
3606187
3606249
3606646
3606825
3607381
3607401
3607939
3608291
3608304
3609717
3610198
3610336
3610807
3611545
3611642
3611963
3612233
3612364
3612384
3612393
3612653
3612927
3613033
3613161
3613562
3613866
3613905
3614354
3614726
3614903
3615226
3615485
3615583
3616752
3617264
3617289
3617927
3618970
3619197
3619469
3619746
3619820
3620008
3620226
3620344
3621722
3621941
3622021
3622040
3622212
3622752
3623064
3623578
3623989
3624374
3624650
3625466
3625708
3625823
3625901
3626249
3626272
3626347
3626375
3626852
3627045
3627594
3628473
3628844
3629062
3629511
3630098
3630197
3630390
3630406
3630485
3631753
3631798
3632678
3633513
3633842
3633910
3634047
3634099
3634350
3634478
3634758
3635010
3635795
3636198
3636269
3636460
3636920
3637327
3637775
3637862
3638274
3638453
3639031
3639267
3639331
3639724
3639915
3639985
3640027
3640028
3640415
3640881
3641543
3642019
3642121
3642283
3642885
3643025
3643402
3643937
3643983
3644585
3644788
3645104
3645281
3645310
3645991
3646242
3646377
3646685
3647055
3647181
3647382
3647615
3647738
3647746
3648341
3648352
3648676
3649043
3649139
3649211
3649275
3649389
3649519
3649605
3649859
3650081
3650594
3651109
3651382
3651806
3653328
3653378
3653602
3653928
3653968
3654475
3654635
3654667
3654989
3655876
3656019
3656072
3656206
3656710
3657049
3657801
3658026
3659685
3660175
3660197
3660281
3660496
3660599
3661185
3661208
3661645
3661818
3661866
3661961
3662251
3662618
3662867
3663066
3664678
3664842
3664947
3665040
3665917
3666447
3666696
3666748
3666812
3667147
3667618
3668008
3668131
3668699
3668709
3668887
3668902
3668931
3669003
3669472
3669691
3670002
3670046
3670914
3671265
3671385
3671505
3672022
3672592
3672796
3672916
3673496
3673870
3674468
3674566
3674946
3675146
3675303
3675386
3675400
3675472
3676529
3676712
3676716
3676829
3676927
3676941
3677235
3677743
3678160
3678161
3678802
3679245
3680098
3680203
3680448
3680637
3680908
3681325
3681411
3681474
3681976
3681989
3682088
3682562
3682694
3683071
3683091
3683332
3683452
3683639
3683816
3683873
3683904
3684710
3684765
3684829
3684932
3685874
3685951
3687060
3687712
3688288
3688344
3688600
3688893
3689065
3689333
3689992
3690001
3690148
3690235
3690634
3691070
3691508
3691598
3691992
3692588
3692952
3692996
3693407
3694106
3694292
3694664
3694928
3694959
3695134
3695543
3695902
3696016
3696298
3696360
3696537
3697168
3697185
3697243
3697252
3697260
3697581
3697691
3697859
3697862
3698201
3698356
3699187
3699551
3699822
3700624
3701009
3701463
3701675
3702343
3702559
3703228
3703917
3704007
3704287
3705898
3706201
3706511
3706966
3707150
3707272
3707335
3707672
3708267
3708604
3708799
3709646
3710133
3710302
3710769
3710804
3711285
3711477
3711736
3711872
3712308
3712432
3712919
3713009
3713184
3713239
3713846
3714015
3714098
3714301
3714690
3714780
3715140
3715188
3715275
3715373
3715543
3715658
3716066
3716372
3716491
3716683
3716974
3717779
3717994
3718035
3718258
3718337
3718377
3718499
3719088
3719717
3720137
3720315
3720973
3721019
3721326
3721535
3721590
3721755
3722084
3722414
3722947
3723187
3723346
3723599
3723937
3723973
3724124
3724154
3724232
3724281
3724496
3724695
3725037
3725201
3725292
3725512
3725884
3726167
3726715
3726758
3727598
3727751
3727902
3728028
3728095
3728193
3728606
3728831
3729331
3729499
3729899
3731390
3731713
3731777
3731993
3732039
3732195
3732476
3732553
3732697
3732816
3732904
3733065
3733313
3733523
3734059
3734209
3734850
3734868
3735229
3735494
3735639
3736132
3736156
3736592
3736769
3737242
3737502
3737651
3738105
3738430
3738797
3738847
3739012
3739296
3739693
3739959
3740404
3740488
3740701
3740796
3741605
3741640
3741731
3741881
3742793
3743028
3743098
3743707
3743712
3743843
3744442
3744445
3744864
3745605
3745628
3746004
3746030
3746031
3746113
3747142
3747379
3747751
3748069
3748195
3748615
3748721
3749115
3749241
3750084
3750299
3750390
3750597
3750926
3751668
3752149
3752343
3752520
3752568
3753373
3753458
3753504
3753694
3753959
3754009
3754174
3754546
3755614
3755724
3755745
3756170
3756378
3756601
3756628
3756666
3756687
3757068
3757223
3757697
3757858
3757889
3757957
3758134
3758212
3758251
3758761
3759410
3759444
3760370
3760433
3760825
3761507
3761799
3762164
3762284
3762473
3763305
3763397
3763533
3763700
3763704
3763781
3764019
3764731
3764826
3765305
3765308
3765401
3765587
3767440
3767452
3767606
3768465
3768686
3769128
3769184
3769189
3769915
3770091
3770174
3770206
3770439
3770746
3772649
3772749
3772824
3772932
3774381
3774583
3774968
3776322
3776578
3776605
3776921
3777006
3777014
3777334
3777552
3777756
3777798
3778023
3778318
3778842
3778882
3779734
3779820
3779830
3780097
3780144
3780192
3780912
3781160
3781360
3781402
3781626
3782290
3782544
3782769
3783050
3783614
3783668
3783867
3784584
3784766
3784815
3785410
3785451
3786312
3786849
3786855
3786877
3787306
3787426
3787897
3788375
3789026
3789416
3790220
3790321
3790480
3791106
3791234
3791317
3791499
3791684
3791837
3792354
3792500
3792625
3793397
3793416
3793662
3793998
3794205
3794244
3794473
3794560
3794617
3794886
3795047
3795058
3795205
3795489
3795814
3796083
3796301
3796565
3796566
3796627
3796930
3797310
3797321
3797448
3798232
3798359
3798405
3798440
3798459
3798623
3799068
3799378
3799391
3799813
3799961
3800434
3800730
3800990
3801704
3801917
3803698
3803829
3803976
3804121
3804131
3804172
3804190
3804215
3804493
3804562
3804625
3804744
3804758
3805107
3805752
3805819
3807235
3807381
3807501
3807806
3808189
3808522
3808838
3809195
3809341
3809352
3809466
3809932
3811579
3812116
3812466
3812786
3813181
3813401
3813510
3813526
3813725
3813828
3814200
3814553
3815609
3815954
3817566
3817579
3817647
3817789
3817856
3817887
3817937
3818245
3818296
3818343
3818352
3818451
3818976
3819022
3819378
3819429
3819579
3820657
3820860
3820966
3821485
3822217
3822245
3822755
3823279
3824170
3824361
3824464
3825066
3825310
3826028
3826618
3826777
3826783
3826927
3827114
3827348
3827537
3828195
3828270
3828303
3828343
3828404
3828758
3828945
3829797
3830010
3830062
3830196
3830394
3830508
3830877
3831512
3831760
3832671
3832672
3833146
3833219
3833300
3833498
3833569
3833664
3834026
3834553
3834707
3834942
3835107
3835194
3835344
3835367
3836116
3836152
3836528
3836603
3836631
3837043
3837060
3837640
3837831
3837853
3838210
3838545
3838610
3838864
3839064
3839231
3839233
3839340
3839346
3839405
3840042
3840675
3840887
3841142
3841212
3841633
3841645
3842059
3842648
3842718
3842995
3843081
3843282
3844060
3844184
3845001
3845331
3846369
3846392
3846883
3846956
3847925
3848448
3848715
3848887
3849468
3849726
3850028
3850053
3850308
3850505
3850621
3850819
3850912
3850962
3850968
3851234
3851575
3851653
3851827
3851901
3852059
3852619
3852763
3853114
3853195
3853302
3853340
3853351
3853621
3853633
3853754
3853931
3853980
3854501
3854601
3854804
3855644
3855782
3855789
3855880
3856919
3857235
3857586
3858227
3858281
3858557
3858914
3859573
3859798
3860013
3860391
3860842
3862217
3862696
3863126
3863504
3863530
3864989
3866184
3866278
3866687
3866701
3867031
3867375
3868044
3868212
3868278
3868282
3868290
3868470
3868845
3869117
3869795
3870225
3870253
3870804
3871010
3871403
3871512
3871967
3872670
3872958
3873192
3873638
3874198
3874420
3874431
3875377
3875506
3875888
3876183
3876271
3876923
3876971
3877174
3877207
3877285
3877534
3877620
3877636
3877696
3877750
3878116
3878313
3878350
3879203
3879325
3879861
3880065
3880592
3881435
3882090
3882315
3882679
3882737
3882895
3883024
3883272
3883711
3883978
3884046
3884181
3885566
3885835
3886520
3886642
3886794
3887297
3887390
3887470
3888409
3888467
3889093
3889097
3889381
3890339
3890940
3891095
3891506
3891529
3891797
3892335
3892401
3892652
3893073
3893099
3893133
3893227
3893375
3893737
3894106
3894263
3894967
3895822
3895960
3896016
3896240
3896318
3896633
3896652
3897081
3897672
3897814
3898974
3899408
3899436
3899768
3899850
3899966
3899986
3900269
3900427
3900750
3900763
3900792
3900869
3901422
3901567
3902191
3902204
3902536
3902593
3903029
3903948
3904167
3904177
3904647
3904829
3904830
3905510
3906092
3906198
3906307
3906484
3906502
3906688
3906702
3907064
3908659
3909512
3909617
3910073
3910533
3910667
3911230
3911300
3911371
3911576
3911883
3912211
3912487
3912509
3913102
3913902
3914309
3914326
3914624
3914647
3915156
3915293
3915656
3916016
3916751
3916864
3917195
3917305
3917393
3917447
3917777
3917867
3917933
3918055
3918093
3918160
3918330
3918510
3919103
3919638
3919692
3919699
3919872
3920160
3920677
3920767
3921160
3921411
3921437
3921583
3921595
3921604
3921675
3921774
3921848
3921880
3922223
3922270
3922325
3922612
3923360
3923586
3924498
3925450
3925518
3926410
3926950
3927075
3927084
3927160
3927224
3927522
3927629
3927941
3928145
3928227
3928614
3928931
3929106
3929219
3929434
3929722
3929870
3930131
3930233
3930966
3931998
3932297
3932549
3932838
3932900
3933040
3933233
3933252
3933348
3934052
3934413
3934575
3934719
3934961
3935040
3935257
3935894
3936696
3937012
3937171
3937364
3937708
3938046
3938384
3938436
3938446
3938596
3938836
3938988
3939028
3939761
3940048
3940153
3940552
3940911
3941082
3941332
3941741
3941945
3942410
3942918
3942998
3943104
3943262
3943608
3943614
3943669
3944013
3944411
3944977
3945480
3945858
3945919
3946022
3946208
3946319
3946507
3946652
3947065
3947186
3947701
3947819
3948290
3948586
3949039
3949361
3949362
3949525
3950224
3950414
3950494
3951548
3952058
3952199
3952365
3952430
3952968
3953348
3954403
3954851
3954917
3955176
3955207
3955492
3956046
3956428
3956473
3956804
3956910
3957443
3957724
3957891
3958061
3958282
3958575
3959697
3959858
3960409
3960449
3960604
3960703
3961072
3961428
3961561
3961761
3961957
3961988
3962165
3962449
3962818
3962889
3963274
3963551
3963554
3963769
3963831
3964392
3964773
3965093
3965098
3965717
3965824
3965988
3966114
3966164
3966359
3967075
3968276
3968280
3968739
3968784
3968969
3969018
3969084
3970026
3970044
3970297
3970952
3971058
3971261
3971823
3971826
3971945
3971979
3971980
3972104
3972126
3972612
3972737
3972763
3972886
3973133
3973152
3973266
3973575
3973583
3974016
3974262
3975187
3975229
3975331
3975433
3975522
3975693
3976637
3976731
3977030
3977048
3977578
3977736
3978421
3978494
3978772
3978840
3979878
3979977
3980141
3980518
3980661
3980694
3981119
3981148
3981315
3981387
3981659
3982025
3982073
3982604
3982652
3983161
3983322
3983450
3983495
3983519
3983744
3984783
3984806
3985009
3985301
3985749
3985754
3985905
3986955
3987091
3987276
3987735
3987926
3988048
3988467
3988500
3988529
3988889
3989087
3989498
3989730
3989743
3989820
3989968
3991125
3991804
3992417
3992494
3992808
3992866
3992874
3993120
3993403
3993696
3993872
3993946
3994988
3995518
3995655
3995691
3996316
3996462
3996810
3997142
3998289
3998541
3999242
3999444
3999587
3999731
3999814
4000012
4000345
4000476
4001020
4001024
4001052
4001140
4001471
4001671
4001837
4002028
4002071
4002460
4003311
4003340
4005261
4005273
4005329
4005418
4005506
4005576
4005858
4006173
4006462
4007826
4007913
4007998
4008586
4009300
4009523
4009741
4009906
4009991
4010174
4010249
4010372
4010933
4011118
4011136
4011370
4011886
4011989
4012188
4012373
4012721
4012730
4013099
4013800
4013920
4014946
4014990
4015762
4015790
4016476
4016699
4016962
4017578
4018182
4018307
4019231
4019672
4019793
4020061
4020130
4020558
4021054
