2190
2995
4398
5129
5962
6853
9105
9902
10024
10838
12901
13092
13788
15275
15520
15933
16185
16186
17149
18104
18873
19778
20330
20737
21237
21486
23877
25160
25715
25835
26994
27010
27484
28126
28194
30042
30209
30700
30936
31345
31901
32108
32503
33078
33083
33471
33522
33989
36778
37286
37798
37944
38147
38468
39062
39101
40348
40698
41344
41951
42033
45123
45303
45460
46282
47492
47645
48037
48880
49073
50775
50896
51281
52477
53002
53682
54435
54935
55041
56012
56576
57210
57690
57777
57994
58930
58967
59900
60164
60421
60847
61050
61098
62567
62971
63112
63270
63833
63868
63924
64611
65106
65275
65515
65562
65683
66101
66296
66624
67113
67119
67448
67528
68456
68731
69610
70226
70307
70879
71082
71934
72456
72882
72938
74861
76650
76849
76860
77795
78166
78544
78688
79261
79880
79892
81633
81791
82154
83137
83153
83292
83529
84183
84399
85344
86658
87118
87226
88026
88536
93037
93294
94605
94896
95741
96193
96934
97250
97483
99410
99917
100084
100152
100570
100944
101170
101704
102506
103105
103929
104283
104399
104686
105945
106421
106967
107473
108246
110133
110712
110920
111147
111263
112543
113857
115134
115686
116980
118255
118330
118735
118805
118827
119559
121806
122181
123289
123578
123970
124049
124530
124736
124969
126901
126938
127626
129006
129635
129945
130972
131343
132895
134646
134681
135656
137109
137467
139431
140029
140287
140864
141134
141425
141580
143157
143162
143558
143708
144596
145219
145292
146294
146895
147565
147902
147906
148813
149272
149320
149359
150156
150538
150867
151280
151475
152122
152453
153406
153531
154030
154648
155520
155835
156107
156178
156247
156645
157018
157138
157243
157402
157975
158003
158863
159407
159714
160684
160748
161115
161126
161140
161537
161735
161830
161890
162269
162623
162931
163028
163214
164273
164545
165484
167295
168223
168804
169251
169458
169811
170139
170467
170723
170998
171052
171174
171258
172406
172549
172663
172761
173321
174100
174551
175208
175763
176388
177118
177173
177224
177349
178190
178622
180539
181245
181274
181544
182932
184804
185204
186181
186306
187444
188084
189105
189448
189994
191698
193516
193927
194166
194607
196023
197649
198022
198285
198370
199156
199203
200417
201435
201557
202025
202214
202941
204237
205726
206790
207513
207605
207667
210874
211152
211454
212152
213005
213256
213340
213909
214005
214123
214483
215069
216560
216696
217292
218199
219925
220019
220256
221322
221862
221901
223003
223313
226015
226375
227217
227249
227356
227648
228259
228289
228670
229327
230044
231162
232298
232432
232607
233669
233744
234039
235428
235845
235951
236096
236468
236773
236895
237079
237192
238122
238176
239821
240680
241792
242041
242838
243122
244473
244493
244622
244695
245296
245916
246998
248438
249410
250459
250747
251078
251107
251446
252498
252523
254021
254292
254715
256004
256318
258487
258640
258760
259331
262093
262639
263763
263806
264129
264563
264897
265191
265831
266045
266825
266986
267485
268087
268938
269095
270443
270634
270756
271171
271742
272399
272432
272474
273787
273968
274913
275089
275531
275955
276117
276706
276770
277337
278059
280416
280874
281314
281398
282117
282434
282475
283706
284873
285903
286036
286091
286445
286580
287307
287876
288153
288921
288990
289179
290338
290377
292509
293490
293841
294277
295339
295593
295959
296671
297395
297539
298490
298580
298966
299016
299486
300399
300438
300524
300806
301905
301981
302215
302449
302675
302682
303006
305350
305603
306039
306634
307210
307960
308602
308933
309411
310029
310918
311110
312412
313636
313883
313896
315898
316240
316833
317446
317643
318068
318300
319077
319637
321706
321775
321820
321900
323891
324460
324603
325020
325400
325849
326291
326500
327523
327863
327899
329738
329815
330825
332786
335565
336316
337104
337308
338175
338546
338767
339270
341033
341595
341742
342754
342870
343450
344196
344382
344648
344693
345366
345750
347382
347595
348667
349275
350350
351568
352695
352770
352995
354839
355695
356718
356955
358518
358762
359048
359144
359505
362583
363209
363302
364163
365056
365749
366259
366261
366281
366327
366932
368104
368380
368525
370177
370463
371784
372929
374029
374561
375496
375576
375653
376731
377070
377309
379183
379367
381074
381683
381901
382387
383330
383761
384829
385290
386457
387382
387436
387586
387615
387897
388689
388904
389095
389154
389177
389347
389724
391436
391509
391897
392352
393159
393446
394046
394312
394642
395591
396303
397081
397767
398965
399358
399482
400293
400552
402328
403485
403532
403592
403739
403914
403991
404041
404765
404895
405309
407090
407176
407625
408238
408871
409181
410247
410361
410813
411789
411856
413313
413713
413750
413798
414179
414228
414581
414811
414976
415192
416146
416328
417345
418798
420318
420467
420886
422061
422081
422994
423600
424941
425651
426127
426497
427905
428017
428444
429271
429273
429458
429568
429746
430254
431444
433024
433159
433677
434511
434947
435741
436385
436668
439461
441389
441413
441942
442034
443350
446108
446135
447447
448040
449892
450320
450855
451500
452095
452319
452335
453006
453217
453897
454678
455561
455874
456973
457032
457120
457245
458128
458839
459652
459662
460566
462076
462343
462529
462926
463410
463431
465003
466035
467066
467196
467885
467976
468081
468445
468752
468836
470439
470511
471155
471247
471689
472940
474057
474450
474532
474791
474964
475339
475951
476513
478759
478868
479024
479441
481030
481050
482366
482474
482759
483196
484387
484676
484714
485211
485372
486355
486727
486784
486870
487592
488990
489309
489431
490796
491036
491873
492458
492964
496819
496955
497369
497711
498839
499617
499951
501434
501670
502508
503923
505110
505186
505300
505564
506040
506054
506079
508053
508679
509220
511891
512022
513281
513303
514004
514030
514362
514601
514895
515156
516204
516565
517393
518512
518607
518745
519661
519950
521225
521784
522211
522833
523474
524023
524563
524722
525217
525449
525533
525540
526028
526723
527638
527887
529308
529896
530790
532783
535489
535583
536648
536801
537243
537247
537265
538934
539712
539839
540100
540716
540825
541201
542439
544394
545072
545206
545525
546176
546609
546698
547129
547666
548119
548265
548779
548860
549250
549294
551234
551879
551920
551971
554007
554176
554202
554298
554806
554858
554983
558645
559295
560989
561262
561970
562543
562685
563412
563626
563812
565260
565331
565955
566394
566709
567480
567675
568434
569018
570125
570471
571753
572015
572035
572731
573575
573907
574713
574861
575905
575940
576010
576834
576971
577469
577529
577667
578782
579013
579458
580265
580788
585664
586978
588345
588922
589649
590968
591222
591514
592798
592948
593204
593662
595391
598193
598419
598808
598934
599654
600258
600408
600727
601480
601570
601579
601657
602295
602353
603637
604146
605218
606446
606693
606952
607089
607371
608378
608527
610507
610512
612206
612286
614426
614850
614871
615806
617009
618262
618654
619089
619466
619801
621792
622305
622576
624532
625562
625642
625861
626172
626355
626543
626657
626697
627645
628184
628721
629801
631395
631854
633363
634096
634181
634414
638541
638940
639136
639804
640639
641351
641353
641520
641920
642179
642723
643125
644126
644312
644720
645340
645583
645605
645922
647325
647367
648097
649406
649409
650151
650944
651566
651727
652425
653006
653013
653535
654012
655162
655345
655615
656014
656290
656611
656794
658610
658669
658885
659028
660099
660495
661024
662995
663285
663674
663954
664914
665173
666113
667452
667612
667649
669220
669628
673163
673303
674609
674971
676106
676350
676508
677712
677777
677898
678839
682945
683902
684002
684023
684261
685347
686011
687090
687434
689552
689653
690170
690395
690845
690877
691066
691313
691465
691748
691820
692127
692184
692836
692927
694740
695018
695074
695472
696495
696592
700911
701440
703596
703972
706952
707069
707108
707160
707437
708797
709066
709244
710610
710647
710940
711240
712182
712549
712912
713005
713179
715090
715766
715882
717200
717401
717492
717982
718559
718995
719465
723330
723552
726490
726590
727806
729832
729833
730178
732110
732396
733424
733634
736141
737400
738256
739282
740306
740341
740538
742954
743433
744243
745347
746175
746611
747271
747983
748229
749445
749699
749861
750537
750626
750852
752009
752867
753066
754116
755986
756376
757653
758083
758617
759250
759539
760044
760632
761040
761258
761505
762543
762706
763212
764718
765625
766247
766309
766328
766455
767406
767969
768947
769053
769464
769817
771289
771345
771608
772145
772409
773655
774820
774886
775215
775712
776126
776143
776890
777263
778467
778605
778862
779179
779271
779504
779559
780278
780682
781061
781303
782804
783580
783661
784025
784129
784433
784795
786858
787207
787247
788928
789080
789409
790419
790984
791300
791934
792559
792581
793570
793966
794036
794618
795667
795676
795889
795906
796146
796323
796668
796980
797323
797983
799656
800984
800986
801022
801104
802524
805150
806193
807353
807372
807959
808391
809159
809184
809274
810905
811071
811245
811264
811502
811511
811732
813246
813735
814417
814536
814698
815374
815616
815822
816138
816844
817066
817450
817545
817782
818222
818225
818461
818891
819343
819450
819990
820481
820926
821564
822544
822553
822839
823456
825071
825429
825591
826772
827435
827608
828592
828698
829805
830022
830677
831441
832952
834091
835233
836652
837209
838250
838626
838939
838942
839280
840179
841101
841747
841910
842172
843095
844841
844875
847852
848006
848051
848404
848667
849121
849366
849639
851489
851917
852316
852416
853843
854940
854978
856580
856650
856681
859216
859792
860041
861469
861551
863592
864561
864886
865571
866016
866096
866688
867221
868005
868592
870151
870344
870571
871700
873268
873824
874292
875274
875500
875706
876163
876320
876321
879086
879515
879587
880247
880737
881541
881815
881912
882639
882770
882776
883200
883271
883530
884240
885718
885806
885938
886098
886182
887170
887517
887738
888003
888095
888128
888252
890080
891150
891180
891455
892586
893149
894607
896352
896734
897106
897107
898975
898979
899530
900195
900454
902256
902314
902315
902790
904126
905606
905911
906156
906255
906830
907438
908723
909846
912001
912477
912597
913158
914174
916449
917064
917542
917610
918421
919127
919391
919641
920813
920841
920931
921543
921623
922060
922168
923313
923867
924665
924876
925747
927161
927232
928534
930447
930940
933345
933909
933919
934326
935695
935806
936145
936407
936500
936825
937090
938122
939321
939442
939758
940823
941717
941777
943567
944834
945500
946746
946756
947052
948287
948698
949052
949675
949697
952164
952461
953290
953356
953374
954075
955189
955701
957348
957541
957786
958021
962665
962935
964765
965320
965354
965751
966121
967299
967931
968676
968759
969223
969862
969974
970448
970914
971853
971879
974464
976214
976456
976726
977005
977431
977606
978038
979089
979143
979199
979852
981083
981548
981962
982092
982457
982464
983040
984586
984820
986047
986335
986843
988204
988649
991303
992471
992710
994064
994415
994443
994818
995495
995506
995669
995845
996545
997343
997366
998192
999294
999371
999404
1000531
1001036
1004462
1004501
1004775
1005643
1005934
1006015
1006272
1006293
1006308
1006622
1006633
1006722
1008606
1009371
1009708
1009838
1009918
1009997
1010157
1010534
1010594
1011308
1011431
1012251
1014469
1015567
1016843
1018006
1018199
1019050
1019490
1020584
1021116
1021611
1021761
1022772
1023258
1024058
1025331
1026425
1026686
1029019
1029434
1029726
1029829
1030044
1030393
1031092
1031149
1031167
1031252
1031498
1033120
1033362
1033538
1034797
1037138
1038467
1038898
1039487
1039691
1041511
1042929
1043227
1043564
1045565
1045775
1046006
1046420
1046683
1046844
1047999
1049283
1049690
1050179
1050377
1051114
1051258
1052377
1053041
1053267
1054885
1056795
1059150
1060043
1061985
1062050
1062232
1062944
1064837
1065126
1067789
1067985
1069489
1070769
1072151
1072213
1075920
1076561
1076643
1076952
1077025
1077147
1077269
1077299
1078284
1078502
1078881
1080498
1081203
1081242
1081673
1081718
1081948
1083516
1083579
1084082
1084681
1085026
1085196
1085374
1085942
1085963
1086482
1086772
1086818
1088545
1089018
1089085
1090368
1090997
1091074
1091404
1091481
1091561
1092200
1093560
1094168
1094296
1094831
1096634
1097782
1097900
1098546
1098802
1098835
1099283
1100003
1100847
1102341
1102359
1103056
1103085
1103097
1103899
1104690
1104818
1105477
1105522
1105980
1106007
1106725
1106760
1108512
1108667
1108975
1110003
1110129
1110151
1110401
1110848
1112340
1112476
1114718
1115875
1117411
1117426
1117993
1118210
1119350
1119599
1119687
1120149
1120281
1120638
1120896
1121502
1122144
1122293
1122827
1123492
1124597
1124604
1124871
1125133
1125784
1127421
1127594
1127855
1128260
1128426
1129740
1129779
1129932
1130947
1131693
1132592
1132774
1134237
1134327
1134902
1134913
1135419
1135868
1136955
1138290
1138472
1139326
1140571
1141493
1141533
1142510
1143262
1143881
1144050
1144576
1144829
1145063
1145174
1145358
1146051
1146442
1147462
1149025
1149075
1151324
1151413
1152321
1152512
1152654
1153071
1153197
1154984
1155632
1155704
1156429
1158416
1159155
1159559
1160249
1160442
1161931
1162038
1163181
1163587
1163867
1164117
1164878
1165002
1165224
1165689
1166314
1166391
1170343
1170527
1171554
1171851
1171954
1172067
1172445
1173840
1174743
1175378
1175395
1176557
1176591
1177283
1177436
1178362
1178647
1178842
1178922
1179518
1180727
1181581
1184225
1184500
1186925
1187047
1187173
1187334
1188321
1188348
1189178
1189579
1189628
1190045
1191038
1192046
1192280
1193166
1193170
1196552
1196874
1197569
1197661
1197826
1198115
1198306
1201680
1201710
1202110
1202430
1202795
1203681
1204012
1204058
1205310
1205342
1205697
1206725
1206730
1207778
1208580
1209039
1211446
1213639
1214263
1214282
1214460
1215456
1217260
1217958
1219135
1219236
1219621
1219740
1220698
1221102
1221132
1221449
1222198
1222381
1223031
1223181
1223810
1224587
1225779
1226683
1228823
1229558
1229575
1229694
1230914
1231361
1231381
1231692
1231934
1232698
1232827
1233244
1237203
1237420
1237519
1238592
1239466
1239560
1239927
1240839
1241022
1241114
1241260
1241670
1242169
1243059
1243400
1243579
1243618
1244030
1244666
1245010
1245384
1245501
1245596
1245882
1246023
1246843
1248103
1248498
1249187
1249262
1250505
1251503
1251709
1252597
1253140
1253780
1253937
1254022
1254439
1254658
1256619
1257702
1258296
1258305
1258810
1258816
1259119
1259738
1260124
1260188
1260207
1260979
1261340
1261524
1262427
1262560
1263979
1264088
1264323
1264368
1264525
1265065
1265129
1266528
1267657
1268665
1269402
1269426
1269655
1269676
1269927
1270221
1270409
1271458
1272127
1272465
1273687
1273887
1275654
1276113
1277859
1278116
1278973
1279029
1279172
1280649
1280830
1281550
1283108
1283406
1283533
1283657
1283699
1285027
1285229
1288123
1288254
1288963
1289267
1290565
1290633
1292476
1294861
1295691
1295934
1296754
1297210
1297986
1298709
1301642
1301784
1304614
1305387
1306387
1306647
1306777
1306798
1308531
1309282
1309728
1309979
1311610
1311825
1311946
1312128
1312499
1312877
1313604
1314338
1314906
1315727
1315896
1316368
1316891
1317112
1317234
1318632
1318656
1319231
1320345
1320361
1320420
1320670
1321432
1323464
1324227
1324449
1324913
1325147
1325397
1325586
1326083
1326848
1327602
1329871
1330479
1330599
1330685
1331228
1332058
1332430
1333560
1334622
1335110
1335173
1335247
1335980
1336762
1337381
1337466
1337675
1338099
1338774
1338845
1338855
1339663
1340091
1340959
1341283
1342098
1342409
1344107
1344146
1344381
1345185
1345461
1346115
1346754
1346943
1347006
1347011
1347411
1347456
1347495
1348219
1348537
1349047
1349082
1349485
1350599
1351246
1351371
1352337
1352580
1352931
1354179
1354354
1354399
1354746
1354958
1355648
1356165
1357000
1357133
1357567
1358795
1359169
1359761
1360056
1360230
1361952
1363167
1363334
1364455
1365193
1365311
1365922
1365963
1366071
1366164
1367235
1367436
1368482
1369072
1369192
1369227
1369330
1370627
1373387
1373774
1375599
1376209
1376564
1377598
1377872
1378024
1378703
1378865
1379285
1379931
1381754
1381786
1381981
1382226
1382487
1382579
1382624
1384017
1384521
1385174
1385594
1386465
1387090
1387141
1387156
1387262
1389130
1389523
1389967
1390705
1392386
1393272
1394950
1395257
1396178
1397677
1398204
1398274
1398980
1400309
1400423
1401118
1401762
1402382
1403192
1403430
1403885
1404322
1404462
1404600
1404605
1404660
1404826
1405038
1406740
1407078
1407459
1407694
1407773
1408007
1408104
1408238
1408615
1409024
1409184
1409634
1410136
1410744
1410873
1411511
1411673
1412086
1412114
1413669
1413929
1413979
1414450
1414594
1414999
1415267
1415767
1415885
1415905
1416367
1417872
1417973
1418756
1419030
1419241
1419388
1419396
1419400
1419694
1420512
1421146
1421320
1422294
1424071
1424672
1424969
1425237
1425415
1425976
1426528
1426708
1427024
1428090
1429406
1429415
1429758
1430424
1430628
1431142
1431180
1431732
1432235
1432975
1433020
1433630
1435070
1435367
1435997
1437388
1437985
1441618
1442045
1443366
1443681
1444282
1444950
1444979
1445777
1446379
1446411
1446707
1448187
1448342
1448400
1449406
1450480
1451141
1453441
1454475
1455188
1455320
1458973
1459621
1459748
1460044
1460049
1460855
1462736
1462764
1463705
1463994
1464148
1464993
1465382
1465673
1466049
1467398
1467601
1468037
1468926
1468971
1470085
1471458
1472058
1472360
1472790
1475169
1475719
1475913
1476306
1476644
1476790
1477205
1477570
1477685
1478507
1478621
1479319
1480827
1481138
1481689
1481835
1482847
1482941
1483290
1483407
1483690
1484085
1486716
1488243
1488761
1488988
1489020
1489053
1489991
1489996
1490009
1491744
1492477
1492612
1493446
1493696
1493984
1494536
1494942
1495058
1495182
1496517
1497080
1497110
1497553
1498773
1499146
1500270
1500287
1501103
1501846
1503014
1503162
1504221
1504498
1505063
1505631
1505993
1506061
1506110
1506501
1506698
1506724
1508057
1508085
1508748
1509590
1509807
1510063
1510397
1511917
1512080
1512545
1513930
1514603
1515281
1516183
1516230
1516760
1516939
1517004
1518657
1519811
1520100
1521225
1521323
1522377
1522406
1522894
1523059
1523791
1524338
1524419
1524839
1525780
1526622
1526644
1527039
1527178
1527703
1527805
1528569
1531333
1532640
1533206
1533889
1534565
1535535
1537028
1538877
1539234
1539495
1539515
1539705
1542042
1543340
1543629
1543701
1544064
1544490
1545020
1545248
1546160
1547578
1550909
1550953
1550966
1551017
1551451
1551612
1551993
1552491
1553124
1553286
1554391
1555331
1555470
1557549
1557983
1558576
1558738
1559388
1560057
1560112
1561485
1561994
1562079
1563609
1565028
1565095
1566374
1567080
1567988
1569244
1571490
1573008
1574390
1574485
1574621
1574710
1574766
1575783
1575899
1576582
1577486
1577609
1577843
1577900
1579682
1579786
1579923
1580905
1581927
1582016
1582534
1582967
1583993
1584848
1584926
1585090
1586070
1586988
1588785
1588813
1589063
1589298
1590185
1591093
1592070
1592667
1595012
1595076
1595182
1595200
1595870
1596037
1596520
1597149
1597261
1598629
1599026
1599047
1599052
1599956
1600951
1602657
1603637
1603892
1604039
1604162
1604649
1604695
1604849
1605503
1606161
1606296
1606587
1606857
1607726
1610992
1611046
1611047
1612221
1612230
1613540
1614104
1616341
1616532
1616652
1618258
1618310
1619002
1619577
1620098
1621936
1622790
1626203
1626321
1626777
1626929
1627474
1629797
1630550
1630766
1631652
1633346
1634451
1634707
1635078
1635236
1635907
1635936
1636848
1636898
1638403
1639420
1640276
1641581
1642967
1644199
1644281
1645302
1645586
1645678
1645933
1647313
1647790
1648306
1650204
1650254
1650719
1650819
1651653
1652329
1652902
1653360
1654383
1655627
1656393
1657844
1660247
1663132
1663151
1663362
1663454
1663817
1664914
1664971
1665422
1665599
1665816
1666471
1668443
1668529
1668916
1669010
1669645
1669738
1670356
1670680
1670687
1671458
1672002
1672357
1672473
1672657
1673137
1673785
1673827
1674895
1675697
1675897
1677996
1678008
1678129
1680130
1680289
1681355
1681531
1681612
1681632
1681934
1682201
1682738
1684110
1684336
1685034
1686404
1687304
1689141
1689368
1689409
1689671
1689871
1689974
1690080
1690454
1690866
1691607
1692061
1692103
1692179
1692326
1692884
1693427
1693750
1695151
1695670
1695709
1695992
1696118
1696145
1698174
1698253
1698727
1698965
1699166
1699665
1701189
1701712
1701773
1702135
1702290
1702845
1703637
1703675
1703809
1704474
1704952
1705422
1706177
1707336
1708028
1708742
1709856
1709893
1709983
1710266
1710498
1711882
1712027
1714757
1714761
1715135
1716097
1718420
1718720
1720975
1721133
1721435
1721703
1721737
1722285
1722427
1722565
1722601
1723112
1723114
1724169
1724910
1725357
1727603
1727856
1728209
1728512
1728792
1728966
1729125
1729242
1729629
1730369
1730505
1730554
1733258
1733953
1734215
1734509
1734765
1735543
1735601
1736028
1736715
1736752
1737631
1738003
1739210
1740931
1741119
1742353
1743897
1743902
1745464
1745657
1746488
1747974
1748050
1749614
1749846
1751435
1753220
1754536
1754804
1755445
1756210
1756381
1757033
1757142
1757156
1757615
1757712
1757767
1758234
1759582
1759802
1760753
1761259
1762718
1763760
1764272
1765202
1765323
1766045
1766709
1767348
1767791
1768159
1768264
1768317
1768829
1769271
1769348
1769496
1769762
1770205
1770524
1770799
1771149
1772376
1772919
1774196
1774957
1775044
1776487
1778046
1778365
1779665
1779881
1780872
1781148
1781189
1782026
1782589
1783752
1784852
1785818
1786174
1787312
1788285
1788302
1788382
1788944
1790294
1790736
1790933
1791218
1791577
1791860
1792247
1792502
1792771
1793087
1796351
1796446
1797110
1798165
1798356
1798840
1799059
1799935
1802768
1803085
1804109
1804639
1805081
1806203
1806421
1807759
1808427
1808687
1809215
1809739
1811907
1813395
1813998
1814694
1814702
1815422
1816311
1816669
1816795
1816863
1817103
1817541
1818551
1818870
1819410
1820411
1820667
1820736
1822009
1822079
1822174
1822260
1824146
1824183
1825014
1825122
1825960
1826430
1826510
1826596
1827319
1827738
1828022
1828224
1828903
1828976
1829216
1830024
1830861
1831912
1834272
1834923
1835344
1835671
1836472
1836605
1837316
1838309
1838731
1839591
1841124
1841537
1841854
1842406
1844156
1844612
1844771
1844834
1845717
1845761
1845776
1847815
1848191
1848895
1850530
1851677
1852136
1853237
1853404
1853474
1854111
1854194
1854883
1855337
1855766
1856500
1856942
1857177
1857324
1857497
1857638
1858120
1858365
1858615
1858977
1861169
1861482
1862139
1864074
1864147
1864175
1864605
1864736
1865050
1865547
1867487
1868081
1870219
1871496
1871841
1871940
1872615
1873551
1874926
1875237
1876825
1877836
1880280
1880428
1881555
1881610
1882037
1882840
1883468
1883640
1884766
1884906
1885300
1886072
1886186
1886456
1886598
1887032
1887881
1888037
1888148
1888391
1888434
1889941
1890082
1890549
1891298
1893072
1895099
1895142
1895150
1897930
1897940
1898282
1899507
1899550
1900735
1900794
1901148
1901555
1901900
1902562
1904098
1904609
1905965
1906466
1906781
1906939
1907863
1908093
1908969
1910437
1910628
1911275
1911400
1911592
1912710
1912962
1914517
1914673
1915007
1915040
1915913
1916587
1917370
1920061
1921018
1921345
1921864
1922123
1922201
1922262
1922311
1922430
1922856
1923098
1923860
1924242
1925453
1925521
1925633
1926616
1927025
1927263
1930381
1930406
1933033
1933406
1933432
1934303
1936556
1936805
1937250
1937585
1937843
1938025
1939046
1939628
1940046
1940047
1940384
1940714
1941608
1942239
1944042
1944079
1944716
1945048
1945224
1946285
1946979
1948328
1948407
1948934
1948979
1950325
1950574
1950664
1952657
1953582
1954267
1954635
1954910
1955810
1957400
1957665
1958201
1958690
1959144
1959691
1961072
1961107
1961415
1961528
1961728
1961748
1962030
1962465
1963203
1964803
1965234
1965755
1965797
1966475
1967947
1967975
1968110
1968417
1968461
1968529
1969199
1969679
1970537
1971228
1972351
1972374
1973936
1974540
1976387
1976579
1976626
1976960
1978080
1978554
1978562
1978612
1978947
1979666
1979687
1980864
1981424
1982768
1983302
1984087
1984181
1984331
1985413
1986214
1986557
1986889
1987308
1987662
1987733
1988716
1990805
1990846
1991070
1992792
1992793
1994077
1994296
1994462
1994859
1994926
1995375
1995961
1997562
1997765
1998094
1998321
1998596
1999872
1999944
2000259
2001232
2001303
2001993
2002597
2002815
2003681
2003826
2006910
2007026
2007185
2008406
2008729
2009163
2009682
2010693
2011182
2011334
2011560
2012509
2012777
2013196
2013239
2013313
2015262
2016513
2016869
2017208
2017289
2018243
2018625
2019167
2019290
2019655
2020678
2021015
2021057
2021508
2021653
2023318
2024575
2024913
2025230
2025250
2025652
2025656
2026300
2026573
2026790
2026899
2027025
2027286
2027896
2028740
2030278
2030420
2030467
2031843
2031910
2032277
2032592
2034418
2034756
2034807
2035588
2036182
2036535
2036600
2037763
2037888
2038297
2038399
2038617
2039271
2039817
2041133
2042604
2043808
2044298
2044446
2044973
2046179
2046689
2046762
2046926
2047667
2047839
2049281
2050533
2050693
2050884
2051601
2051957
2052052
2052962
2053102
2053118
2053291
2053758
2055982
2058506
2059798
2060542
2062886
2064527
2064799
2065265
2066215
2066256
2066406
2068763
2069568
2069734
2070019
2070930
2071230
2071295
2072419
2072612
2073155
2073593
2074490
2074939
2075951
2076010
2076035
2076204
2076898
2078183
2078862
2080462
2080653
2081697
2082131
2082204
2082344
2082506
2083702
2084590
2085451
2085902
2086214
2086260
2086687
2087251
2087776
2088512
2089162
2089322
2089323
2089906
2091335
2092339
2092944
2093190
2093613
2094167
2095173
2095662
2097255
2099128
2099445
2099761
2100056
2100788
2101650
2101825
2102262
2102294
2102323
2102333
2103444
2105889
2105970
2106551
2106805
2106827
2107468
2108154
2108295
2109027
2110680
2112091
2112707
2112949
2113119
2115853
2117656
2117859
2118105
2118399
2118428
2118572
2118751
2118948
2119679
2119749
2120670
2120996
2121109
2121823
2122316
2122851
2125532
2125545
2125761
2126669
2126785
2127436
2128312
2128808
2129121
2129200
2130027
2130143
2130393
2130496
2130595
2131266
2131368
2131661
2132188
2132566
2132836
2133673
2133856
2134233
2135868
2136218
2136391
2136412
2136749
2136825
2137965
2137970
2140668
2141082
2142000
2144099
2144920
2146978
2149466
2150146
2150443
2150542
2150969
2152980
2153204
2153239
2153383
2153474
2153569
2154204
2154811
2155139
2155282
2155678
2155900
2156121
2157081
2157668
2157892
2157954
2158874
2159787
2160065
2160113
2160806
2162146
2162630
2162741
2164072
2164082
2164658
2165814
2166373
2167414
2167608
2168101
2168553
2168798
2168873
2168978
2171383
2171517
2172273
2173838
2174260
2174610
2175038
2175138
2177041
2177059
2177129
2177594
2177964
2178361
2178451
2178634
2180434
2182545
2182712
2183742
2184049
2184267
2184328
2184935
2186041
2186230
2187747
2187797
2189217
2189297
2189776
2189794
2189812
2189931
2190736
2190785
2191483
2191674
2191782
2193951
2194311
2196741
2196959
2197385
2197517
2198434
2199067
2199507
2200518
2200822
2201206
2202716
2202765
2203548
2204369
2204644
2204767
2205348
2206228
2207247
2207752
2207849
2208072
2208331
2208461
2208872
2209150
2209357
2209424
2209703
2209869
2210189
2210350
2210508
2210694
2211394
2211589
2212870
2214234
2214543
2214922
2215120
2215222
2215335
2216236
2216906
2217563
2218472
2220659
2221340
2221700
2222397
2222881
2223039
2223791
2223941
2224370
2225355
2225379
2225912
2226279
2226523
2227297
2227470
2227517
2227827
2228394
2228419
2228424
2228457
2229236
2229240
2230275
2231506
2232633
2233689
2233781
2234678
2235071
2235458
2236943
2237487
2237713
2239627
2240377
2241168
2242034
2243426
2243432
2243597
2244985
2245738
2246593
2247880
2248199
2248672
2249726
2249814
2250003
2250249
2250938
2251614
2253508
2255887
2258056
2259057
2259361
2259585
2260850
2261226
2261639
2261644
2262791
2262859
2263018
2263021
2264405
2264917
2266583
2267513
2268069
2268364
2268526
2269588
2269822
2270177
2270289
2270340
2270359
2270470
2271020
2271289
2272049
2272872
2273103
2273262
2274394
2275714
2275823
2275884
2276009
2276932
2277514
2277744
2278232
2279932
2282215
2283565
2284234
2285073
2285312
2286419
2287615
2289426
2290444
2290734
2291163
2291948
2292218
2292802
2293647
2293695
2294565
2295124
2298348
2298605
2300010
2300027
2300341
2301659
2303869
2303930
2304295
2304388
2305336
2305354
2307751
2307911
2308262
2308367
2309008
2310532
2311346
2312226
2313710
2315263
2317194
2317897
2319020
2319667
2319929
2322316
2322326
2323368
2324380
2326172
2326317
2327057
2327593
2328533
2329125
2330310
2331760
2332203
2332632
2332676
2332743
2333242
2333889
2333976
2334162
2334792
2335124
2335314
2335324
2335900
2336238
2336751
2336781
2337117
2337785
2338516
2339543
2339774
2340999
2341033
2341052
2341498
2341856
2341939
2342104
2343888
2343958
2345249
2345250
2345766
2345976
2346295
2346940
2347267
2347715
2348031
2348807
2348823
2349275
2349567
2349746
2350446
2350550
2350919
2351904
2352129
2352646
2353249
2353888
2354109
2354878
2357110
2357960
2358423
2358452
2359409
2359684
2361577
2361821
2362079
2362239
2362622
2365263
2366204
2366897
2367759
2369251
2369961
2369983
2370812
2370958
2371117
2371143
2372898
2373325
2374024
2374112
2374697
2374843
2375444
2376333
2376710
2376923
2377636
2377751
2378165
2378579
2378604
2379314
2381037
2382138
2383726
2384177
2384896
2385023
2385066
2385403
2385776
2386774
2386939
2387056
2390361
2390765
2391233
2391836
2392689
2393206
2393978
2393988
2394410
2394497
2395209
2395374
2395466
2397005
2397160
2398160
2398293
2398315
2398764
2399256
2399318
2400187
2400227
2401492
2402505
2402785
2403033
2403845
2404007
2405256
2406248
2407372
2408207
2409648
2411120
2411516
2411670
2412018
2412213
2413155
2413322
2414170
2414652
2414669
2415403
2416588
2416599
2416776
2418076
2418624
2418779
2419979
2420954
2421072
2422150
2422224
2422241
2422413
2422430
2422598
2424482
2424646
2424677
2424706
2424717
2425339
2425631
2426325
2426696
2427639
2428403
2428951
2429429
2429432
2429754
2430327
2430944
2431027
2431917
2432314
2432486
2432553
2432587
2432681
2433427
2433845
2434260
2434427
2435622
2435939
2436091
2436508
2436673
2437591
2439271
2439388
2441073
2441190
2442701
2443112
2443356
2446387
2447054
2447290
2450578
2450996
2452380
2452595
2453290
2455458
2457558
2457925
2458576
2458699
2460571
2461033
2461899
2462186
2462356
2462774
2463162
2463249
2463405
2464039
2464575
2465140
2466633
2466800
2467128
2468113
2469484
2469587
2469916
2469979
2471425
2471624
2472878
2473384
2474069
2474467
2474860
2476070
2476589
2477109
2477386
2477763
2477990
2479418
2479464
2479517
2479892
2482717
2482738
2483584
2484722
2485866
2486129
2486555
2486982
2487015
2487490
2487726
2487739
2488394
2488574
2489306
2490126
2490359
2490911
2491138
2491248
2491641
2491737
2492069
2492923
2494096
2494321
2495013
2495043
2495189
2495629
2496658
2496896
2497842
2499874
2500494
2501577
2502364
2502501
2502642
2502817
2504061
2504563
2504891
2505360
2505759
2505969
2507471
2508507
2508752
2508889
2508947
2509353
2509858
2510523
2510716
2511493
2512438
2512783
2513220
2513941
2514097
2514454
2514579
2514852
2515768
2515849
2516460
2517121
2518145
2518187
2518228
2518920
2519193
2520779
2521516
2522162
2523591
2524894
2525768
2526533
2527015
2528205
2529236
2531447
2531984
2532336
2533589
2533787
2534361
2534500
2534565
2536511
2537174
2537230
2537984
2538025
2538556
2539185
2539590
2540689
2544416
2544452
2544801
2545366
2546199
2546206
2547331
2547548
2548622
2549186
2549441
2550207
2550685
2551002
2551349
2551721
2552014
2552678
2554567
2555212
2555561
2556795
2556885
2556970
2556996
2557990
2559490
2559999
2560405
2560439
2561390
2561735
2562347
2563312
2563648
2563982
2565008
2565489
2566803
2567915
2568339
2568637
2570428
2571272
2571803
2572183
2572204
2572582
2573316
2574112
2575430
2575708
2576267
2577790
2578128
2578424
2578568
2578775
2579246
2579442
2580202
2580734
2581521
2581830
2581882
2582457
2582554
2583773
2584210
2584405
2584553
2585605
2585763
2586393
2587193
2588139
2588490
2588891
2588930
2589401
2590421
2590440
2590735
2592074
2593006
2593216
2594530
2594819
2595098
2596262
2596395
2597056
2597994
2598484
2599822
2600198
2600242
2600760
2602427
2602584
2602686
2602786
2603862
2606045
2607052
2607698
2607897
2608098
2608333
2609225
2609706
2610820
2610882
2610968
2611340
2612306
2612415
2612878
2613785
2615052
2615130
2615774
2617863
2617930
2618090
2618166
2619230
2619403
2620573
2621076
2621197
2621653
2624602
2624971
2625751
2626885
2626903
2627127
2627148
2627297
2627867
2628099
2628715
2628836
2629548
2631933
2632145
2634896
2635323
2638209
2638685
2638988
2640390
2640626
2644462
2645779
2646093
2646504
2647229
2647626
2647841
2648183
2648224
2648309
2648401
2649042
2650021
2651905
2651928
2652205
2652416
2652680
2652771
2652792
2653008
2654278
2655205
2656099
2656834
2657606
2659010
2660687
2661423
2661454
2662745
2663398
2663736
2664000
2664055
2664094
2664279
2664713
2665040
2666243
2666481
2667229
2668615
2668679
2670324
2671926
2674253
2674395
2674472
2674948
2675854
2676421
2677011
2677960
2678709
2679785
2680059
2680130
2680843
2681042
2681473
2683733
2684754
2685163
2687367
2688119
2688807
2688890
2688892
2689357
2689590
2689648
2689857
2690073
2692816
2693108
2693963
2694918
2696086
2698140
2698309
2699227
2699724
2699979
2700099
2700505
2700823
2700940
2701246
2701328
2701453
2701584
2702657
2703100
2703493
2703950
2705179
2705320
2705782
2706303
2707299
2707677
2707874
2708389
2708868
2709881
2710589
2710738
2711457
2711604
2713064
2713997
2714497
2715486
2715978
2716224
2718010
2718426
2719863
2721096
2721260
2721425
2721543
2723149
2724421
2724915
2725103
2725437
2725562
2725681
2726013
2726755
2727036
2727337
2727652
2727800
2728132
2728187
2728191
2728236
2728289
2728869
2729074
2729230
2729231
2729254
2729438
2730699
2731250
2732070
2733053
2734410
2735090
2735127
2735169
2735476
2735782
2737746
2737843
2737909
2738872
2740195
2740398
2741473
2741713
2741777
2743505
2744347
2745966
2746160
2746597
2747828
2747856
2748809
2749311
2749409
2750117
2750403
2751215
2751316
2753124
2753383
2755008
2755222
2755255
2756602
2756971
2757821
2758439
2759470
2760168
2760503
2761254
2761302
2761622
2761882
2763507
2763856
2764514
2764654
2764765
2765054
2766118
2766338
2766553
2767004
2767102
2767358
2768453
2769219
2769220
2770218
2770575
2770864
2771803
2772721
2774012
2774373
2776005
2776050
2776717
2776887
2777244
2777739
2778025
2778136
2778164
2778419
2779631
2781229
2781468
2782662
2783254
2783486
2784299
2784422
2785022
2785917
2786684
2787785
2787885
2788114
2789016
2789197
2789475
2791034
2792376
2793046
2793394
2794506
2795533
2797318
2798172
2798200
2799742
2799776
2800261
2802356
2802610
2802649
2803421
2804328
2805198
2805576
2805755
2805951
2805958
2805959
2806186
2807279
2807638
2807811
2807959
2808963
2809206
2810522
2810756
2810786
2810849
2811195
2811799
2811935
2812559
2812915
2813597
2813704
2813988
2815892
2818220
2818937
2819775
2821274
2821280
2821663
2822893
2823724
2824780
2824826
2825308
2825329
2825483
2825723
2825865
2826061
2826261
2826530
2828386
2828719
2829266
2829905
2831085
2831701
2831864
2831959
2833278
2833602
2833943
2834141
2834450
2835203
2835519
2835890
2837395
2837602
2839510
2840534
2840763
2840897
2841549
2842296
2843135
2843780
2844656
2844665
2845084
2845873
2846094
2846907
2846915
2848092
2848243
2848245
2848652
2848872
2849097
2849103
2849406
2850736
2851741
2851807
2852165
2852325
2853799
2854267
2854405
2855045
2855546
2856173
2856616
2856677
2857066
2857610
2858116
2858134
2858804
2858811
2859234
2861788
2862421
2862570
2863035
2863181
2865358
2865993
2866060
2866816
2867935
2868903
2869391
2869788
2870260
2872257
2873706
2873728
2874096
2874118
2874629
2875358
2875667
2876885
2877086
2877098
2877331
2878902
2879245
2880549
2881421
2881921
2883341
2885046
2886447
2886654
2887210
2887348
2888123
2889214
2889452
2890343
2890618
2890936
2891497
2891966
2892709
2892788
2893059
2893260
2894031
2894293
2894375
2894556
2895122
2895334
2896222
2896466
2897469
2897889
2898463
2898548
2898645
2900003
2900105
2900127
2900495
2900734
2904007
2905310
2905537
2906207
2906866
2906914
2906956
2907135
2909251
2909461
2910021
2910375
2911438
2912168
2912365
2913067
2913132
2913354
2914929
2916278
2916846
2916861
2917432
2918504
2918518
2920163
2921577
2921688
2921965
2922207
2922346
2923652
2923732
2923818
2923972
2924397
2925195
2925250
2926859
2927368
2927774
2927870
2928887
2929124
2929157
2929430
2930314
2930664
2931223
2931341
2931506
2931772
2934313
2934946
2935588
2935857
2936322
2936672
2937608
2938711
2939364
2939391
2940099
2940201
2941447
2941807
2942235
2942437
2942637
2942674
2942694
2942890
2942936
2943342
2943806
2944127
2944740
2944942
2945853
2949138
2949176
2949466
2949639
2950036
2950247
2950571
2951658
2952133
2952269
2952796
2952948
2952951
2953697
2955407
2957033
2957266
2958014
2958155
2959315
2959557
2959787
2963380
2963766
2963810
2964729
2965439
2966328
2966689
2968719
2968748
2969478
2969837
2970015
2970174
2970315
2970449
2971087
2971292
2971677
2972065
2973261
2973286
2973737
2973743
2973946
2973964
2973981
2974277
2975218
2975265
2976243
2976880
2976988
2977768
2979429
2979672
2980663
2981159
2981742
2982981
2983507
2984041
2984048
2984881
2985090
2985727
2986132
2987110
2989304
2989676
2989805
2990246
2990999
2991612
2991815
2992291
2995894
2996128
2996333
2996595
2997239
2998242
2998669
2998954
2999489
3000639
3001247
3002145
3003401
3004355
3006725
3006837
3007194
3007455
3008020
3008198
3008459
3009570
3011220
3012040
3012733
3012784
3016997
3018008
3018049
3018328
3019102
3019402
3019413
3019755
3020782
3021723
3022580
3023161
3023280
3023476
3023734
3024456
3025693
3025885
3026018
3026661
3027214
3027675
3028431
3028527
3028735
3029655
3029811
3029946
3030469
3030920
3031306
3031884
3034141
3034712
3035001
3035227
3035507
3035559
3035752
3036459
3036478
3037151
3037632
3037958
3038384
3040094
3040206
3040454
3041068
3041710
3042009
3042640
3043990
3044254
3044345
3044846
3045884
3046945
3047503
3047550
3047697
3047700
3050001
3050971
3051040
3051731
3052113
3052579
3054109
3054379
3054551
3055092
3055402
3055473
3056259
3056270
3056276
3056337
3056389
3056550
3058013
3058036
3058512
3059225
3059502
3059804
3060522
3060983
3061886
3065214
3066812
3068082
3068092
3068980
3069975
3070245
3070277
3070581
3071516
3072856
3073083
3073175
3073829
3074230
3074234
3074542
3075424
3075816
3076059
3076137
3076424
3076920
3076948
3077931
3078779
3080219
3080591
3081014
3081807
3082804
3083456
3083465
3083734
3083735
3084577
3084682
3085416
3085816
3086169
3086417
3086457
3086921
3087138
3089096
3089248
3089772
3090057
3091073
3091153
3091252
3092551
3094812
3095703
3096936
3098121
3098146
3098232
3099410
3099526
3099940
3101301
3102622
3103692
3105433
3105809
3105913
3106850
3106976
3108048
3108527
3108755
3109005
3109395
3109683
3111072
3111133
3111321
3111830
3113129
3114043
3114351
3114583
3115005
3115326
3116826
3117127
3117700
3118306
3118504
3118827
3119389
3120310
3120880
3121169
3121826
3123399
3124092
3124983
3127028
3127510
3128529
3129414
3130098
3131996
3133467
3134604
3134773
3136558
3136947
3137105
3137588
3138858
3139940
3140864
3140960
3141257
3141551
3143432
3145097
3145275
3146244
3146271
3146902
3147320
3147871
3148593
3150266
3150640
3151375
3151680
3152212
3153733
3153976
3153987
3154497
3155583
3155903
3156344
3156437
3157020
3157964
3158193
3158340
3158436
3158816
3159110
3159266
3160062
3160356
3160682
3162148
3163523
3164301
3164314
3164616
3164813
3164908
3165840
3168375
3169628
3170266
3170520
3172155
3172609
3173058
3173087
3174196
3174496
3175012
3176337
3177138
3177367
3177536
3177617
3177791
3177967
3178314
3178696
3178802
3178904
3181111
3181219
3181245
3181384
3183547
3183846
3184262
3184650
3184676
3186565
3186579
3186592
3187923
3189100
3189392
3189689
3190594
3190641
3191039
3191372
3191510
3192588
3192601
3193449
3193721
3194047
3194190
3195213
3196777
3197413
3197957
3198043
3198432
3200076
3200786
3200930
3201476
3202185
3202639
3203548
3204154
3204293
3205705
3206410
3206590
3207244
3207857
3208360
3208483
3209210
3209471
3210843
3211972
3214308
3215101
3215216
3216211
3216222
3218659
3219329
3219651
3220259
3220780
3221621
3221806
3222134
3223232
3223808
3224654
3224709
3225513
3227138
3227616
3227675
3227744
3228305
3228469
3229166
3230189
3230300
3230463
3230814
3231392
3231569
3231913
3232133
3232797
3232811
3233683
3234270
3234836
3236231
3236448
3236462
3237209
3237364
3237715
3237769
3238359
3239221
3240940
3241316
3241558
3241604
3243186
3243195
3243264
3243826
3244563
3245605
3246671
3247893
3249109
3249338
3249352
3249539
3250224
3250458
3250617
3251680
3253544
3253962
3254015
3254074
3254235
3254600
3254770
3255832
3256507
3256842
3257267
3257693
3257889
3258612
3259075
3259835
3260295
3260345
3260493
3260640
3260924
3261359
3262371
3263577
3263691
3264009
3264178
3264755
3265361
3265403
3265521
3266086
3267055
3267920
3268313
3268719
3269020
3269064
3269684
3271664
3272144
3272155
3272359
3273676
3273801
3275756
3277020
3277858
3278025
3278033
3278417
3278946
3279035
3279578
3279996
3281758
3281916
3284143
3284581
3284805
3286376
3286923
3288175
3288224
3288483
3290259
3290350
3290443
3290529
3291091
3291239
3292224
3292413
3293000
3293232
3294817
3294885
3295386
3295503
3295857
3296053
3297343
3297463
3297692
3298579
3298738
3299169
3299179
3300080
3300572
3302064
3305394
3305668
3305854
3306179
3307769
3309375
3309949
3310104
3311993
3312030
3312440
3312705
3314923
3315163
3315572
3316471
3317002
3318540
3321347
3321574
3321626
3322224
3323229
3324903
3325526
3325963
3329107
3329417
3330502
3332427
3332590
3332850
3333398
3333456
3334502
3336753
3337791
3338608
3339452
3339985
3342920
3342998
3343010
3343256
3343613
3344311
3345176
3345222
3345396
3345634
3345752
3346399
3346799
3346856
3347618
3347723
3347876
3348027
3348128
3349375
3349861
3350174
3352740
3353166
3354688
3355999
3357288
3357364
3357702
3357981
3358706
3359094
3360580
3361664
3362894
3363127
3363650
3363710
3364139
3364429
3365101
3365896
3365942
3366108
3366657
3366722
3367419
3368069
3368283
3370716
3371128
3372385
3373872
3374540
3375121
3375154
3376409
3376495
3376617
3378944
3379479
3381967
3383458
3384480
3384834
3385227
3385662
3385962
3386359
3387214
3388531
3388641
3390961
3393723
3394060
3394073
3395319
3395595
3395671
3396145
3398144
3398604
3399260
3399937
3400244
3401581
3402453
3402471
3405224
3405729
3406420
3406624
3406996
3407805
3408489
3408537
3408643
3408836
3409697
3410123
3410158
3410339
3411038
3411507
3412679
3412689
3413192
3415178
3415405
3415591
3418211
3418224
3418497
3418833
3418866
3419090
3419231
3419511
3422885
3424641
3425680
3425704
3426243
3426349
3426518
3429106
3429248
3429426
3429710
3430177
3430451
3431270
3431917
3432196
3433195
3433600
3434617
3435929
3436240
3436852
3436954
3436978
3437133
3439128
3440232
3440301
3440925
3441799
3441921
3442199
3442289
3442417
3444073
3444199
3444613
3444985
3445658
3446155
3447738
3447887
3448167
3448534
3449061
3449395
3450803
3453793
3456156
3456738
3457083
3457189
3457307
3457332
3457773
3458118
3459304
3459418
3461721
3461745
3462015
3462917
3463090
3463390
3463504
3463514
3463999
3464570
3464736
3464757
3465772
3466282
3466566
3467362
3468418
3469944
3470437
3470469
3471275
3471862
3472036
3472162
3472991
3473414
3473418
3473455
3473820
3473877
3474589
3474914
3475153
3475780
3476519
3477181
3477566
3478000
3478039
3478188
3478578
3478932
3479015
3481868
3482690
3483677
3484172
3484404
3485303
3485537
3485579
3485789
3486861
3487291
3487634
3488291
3489395
3489461
3489630
3489974
3490316
3491223
3491575
3491720
3492059
3492537
3493048
3493220
3493563
3494073
3494282
3494654
3494886
3495475
3495956
3495988
3496131
3496367
3497175
3497234
3497462
3497971
3498296
3499154
3499793
3500553
3501381
3501418
3502161
3502235
3503273
3503383
3504194
3504401
3504520
3505083
3505205
3505777
3506218
3506444
3506505
3507772
3508037
3508910
3511218
3511275
3512577
3513151
3516647
3516903
3516959
3517590
3517829
3518557
3518721
3519035
3519256
3519430
3519639
3521986
3522664
3524003
3524192
3524486
3525988
3526096
3526506
3527216
3527772
3527865
3528003
3529518
3529600
3530793
3532049
3532122
3532163
3532390
3533995
3534067
3534517
3535403
3536704
3536883
3537027
3537441
3537466
3537479
3538391
3539157
3539266
3539440
3540249
3540465
3543826
3544658
3545184
3545374
3545580
3547567
3548603
3549094
3549153
3549552
3549566
3550045
3550182
3550363
3550377
3550452
3550773
3551599
3552893
3553014
3553949
3554181
3554867
3555901
3555975
3556351
3558351
3559282
3559703
3560317
3563022
3563925
3563982
3564042
3564236
3565554
3565624
3567403
3567617
3568011
3568891
3569258
3569481
3569804
3571329
3572410
3573188
3574029
3574518
3576009
3576151
3576337
3577902
3578393
3580857
3581094
3581206
3581398
3582023
3582956
3584825
3584969
3587306
3587714
3588260
3588349
3588450
3589952
3590520
3592420
3593738
3594797
3594832
3594923
3595568
3595662
3595839
3596737
3598949
3599479
3599907
3601585
3601850
3604118
3604791
3605149
3605709
3606224
3606539
3606696
3607037
3607403
3608368
3608923
3609291
3609505
3609820
3609856
3609879
3610205
3610232
3610537
3612136
3613073
3613797
3614016
3614991
3616109
3617585
3618018
3618188
3618497
3618591
3619432
3619723
3621135
3621413
3622495
3622803
3623107
3623524
3624037
3624495
3626016
3627266
3627775
3628160
3628540
3628980
3629406
3630197
3630545
3631215
3631293
3631439
3631732
3631755
3631990
3632074
3632895
3633166
3633259
3634104
3634219
3635368
3635609
3636648
3637293
3637945
3638663
3640361
3640836
3642720
3645091
3645255
3645817
3646068
3646404
3646603
3646696
3647665
3648450
3650122
3650513
3650580
3651189
3651454
3651597
3651702
3651882
3652275
3652474
3652610
3653441
3653626
3653974
3654590
3655190
3655414
3655781
3656072
3656179
3656441
3657245
3657547
3657550
3657704
3658300
3658578
3660691
3663287
3663523
3663657
3664652
3664802
3665849
3667105
3667180
3667745
3667862
3668629
3668702
3668950
3669673
3669795
3669950
3671048
3671421
3671488
3672099
3674052
3674064
3674158
3675700
3676588
3676899
3678151
3679078
3679220
3679749
3680306
3684232
3684408
3684438
3685759
3685863
3685964
3686014
3686414
3686492
3686597
3688343
3688415
3690210
3690235
3690366
3691045
3692129
3692517
3693234
3694334
3694849
3695041
3695258
3699568
3700121
3701079
3701907
3703852
3704104
3704154
3704993
3705895
3705955
3705987
3706949
3707793
3708475
3708529
3708974
3709295
3709712
3709887
3710111
3710302
3710597
3710778
3710779
3711047
3712765
3714052
3714773
3715353
3715680
3716517
3717083
3717445
3717661
3718181
3718264
3718875
3719146
3720270
3721236
3721404
3721519
3721662
3723553
3723600
3724704
3725099
3725159
3725394
3726150
3726594
3727041
3727139
3727323
3727851
3728135
3728294
3728308
3728698
3729126
3729206
3730134
3732780
3734696
3735507
3736798
3737546
3743189
3743531
3744721
3744907
3744989
3746698
3748513
3749496
3750404
3750600
3751099
3753955
3755728
3756804
3757898
3758033
3758616
3759321
3759656
3759715
3759954
3761441
3761536
3762285
3762623
3763436
3764866
3764959
3765523
3765713
3766111
3766198
3767500
3767619
3767816
3768848
3769200
3769495
3769519
3769574
3770046
3770657
3771125
3771238
3772460
3772489
3773336
3773610
3775462
3775525
3775781
3775816
3776899
3777197
3777516
3777529
3778044
3778599
3779095
3779350
3779466
3779530
3779567
3779581
3780286
3780316
3780352
3780704
3781432
3781698
3781835
3782123
3782532
3782945
3783771
3784158
3785489
3786425
3787145
3787837
3788451
3789415
3789783
3790204
3790362
3790900
3791975
3792337
3792791
3792953
3793606
3794795
3794968
3795137
3795330
3796379
3796806
3797333
3798556
3799050
3799111
3799233
3799400
3799844
3800257
3800631
3801778
3804514
3805079
3805250
3805597
3806540
3808368
3809144
3809238
3810200
3810635
3810781
3811083
3811109
3811609
3811611
3811939
3812798
3813561
3814010
3814824
3815149
3817751
3818290
3819898
3820067
3820090
3820122
3821377
3821452
3822062
3822721
3823218
3823489
3823907
3823980
3824335
3825137
3825171
3825172
3825471
3825489
3826898
3827739
3827752
3828231
3828337
3828767
3829829
3830628
3830770
3831686
3832089
3832923
3834579
3834778
3835291
3836518
3838201
3838310
3838484
3838493
3838559
3838774
3838923
3838941
3839409
3839715
3841401
3841692
3842081
3842279
3842679
3843116
3843214
3843676
3844235
3844299
3844870
3845587
3846149
3846933
3848180
3848380
3848993
3849067
3849500
3850368
3850732
3850980
3851397
3853257
3853357
3854000
3854212
3854332
3854345
3854790
3855935
3856503
3857200
3858213
3858365
3859050
3859309
3859707
3859955
3860005
3861545
3861659
3862492
3862821
3862912
3863290
3863465
3864125
3864310
3864562
3864600
3866307
3866576
3867112
3867360
3868138
3869309
3869531
3870156
3870239
3870979
3871107
3872647
3873750
3874121
3874281
3874716
3876329
3876399
3876500
3878201
3879255
3879349
3879506
3881897
3882803
3883148
3883668
3885374
3885898
3886516
3888066
3888507
3889343
3889873
3890289
3890339
3890533
3891071
3891176
3891374
3891426
3891541
3891895
3892077
3892604
3892677
3893404
3894123
3894489
3895016
3895189
3895864
3897042
3897117
3898656
3898865
3899525
3899528
3899642
3899991
3900164
3900212
3900483
3901564
3902119
3902255
3902998
3903409
3904859
3905563
3905689
3907545
3907703
3909079
3910356
3910437
3912066
3912220
3913436
3913483
3913642
3914090
3915075
3915168
3915840
3917055
3917998
3918332
3918345
3918479
3921627
3922370
3922433
3922649
3922906
3923698
3924327
3925006
3925129
3925888
3926464
3926521
3928142
3928777
3929221
3929253
3930534
3930793
3930868
3930984
3931619
3932014
3932134
3932486
3932611
3932981
3934476
3934536
3936688
3936745
3936930
3937420
3938753
3939051
3939145
3940468
3941460
3941912
3942544
3942594
3942756
3942939
3944469
3944554
3944697
3944736
3944996
3945351
3945749
3946309
3947051
3948435
3948819
3949664
3949879
3951062
3952652
3952923
3952970
3953166
3953584
3954009
3954719
3955743
3956223
3956372
3956882
3956890
3957232
3957535
3957670
3958271
3958850
3958963
3960578
3960757
3961599
3962089
3963299
3965216
3965476
3966183
3967163
3967677
3968166
3968932
3969874
3971052
3971150
3971379
3971855
3971989
3972469
3973177
3973224
3973724
3974481
3976660
3977734
3978765
3980092
3980424
3980623
3982284
3982740
3983746
3986499
3986602
3986728
3987600
3987722
3988143
3988191
3988354
3988427
3991718
3992545
3992996
3993385
3993613
3995921
3996018
3996075
3996500
3997948
3998331
3999133
4000021
4000339
4000614
4001257
4001414
4001895
4002121
4002388
4002505
4002902
4003204
4003873
4004349
4005042
4006137
4007159
4007262
4007299
4007301
4007894
4008004
4008320
4008388
4008492
4008825
4009678
4009870
4010065
4010435
4010731
4011885
4012625
4013335
4013469
4013943
4015178
4015224
4015483
4015498
4015508
4016099
4016410
4016490
4017578
4018170
4019503
4019593
4019797
4020217
