79
2854
4083
4896
5138
5589
5926
6037
6554
7290
7533
9237
9341
10034
10413
11118
11242
11907
12486
14447
16802
18473
19455
20542
21226
21976
22757
23994
24010
26431
26632
28309
28726
29398
30378
33015
33272
33901
33914
34314
34429
36279
37925
38413
38799
39010
40110
41669
41924
43111
43291
46002
46097
46742
49150
49268
50988
51567
52839
54105
54334
55715
55721
55919
58239
60067
61658
63775
64033
65703
65726
66551
67108
67976
68222
68960
69627
70442
71752
73748
73889
74200
74408
76623
79194
80910
81275
81880
82027
83534
83551
84770
85137
85212
85660
87872
88781
89208
89581
90253
91203
91479
92189
92764
93605
93627
96466
96578
98081
98782
100318
100552
100860
100944
101496
102982
103890
104783
106688
107192
108169
108305
110835
111286
112037
112150
112792
113665
113809
114796
115070
115945
116713
117051
117101
117524
118986
119000
119355
119527
121097
122658
123124
125406
127427
127496
127700
128947
131412
133059
133271
133405
133795
134083
134476
135743
136695
137977
138128
138989
139103
139804
141607
144649
146991
147920
148393
149149
149580
149581
151524
151569
153936
154631
156602
159483
160261
161154
163023
163751
164465
166121
166565
168000
170269
176153
176416
177195
178170
178625
178885
179149
179619
179900
179969
180941
182351
182888
184462
185455
185646
186070
186566
186722
188208
188327
188908
188959
188984
189284
190460
190783
192642
193051
193284
193796
195496
195856
198303
201357
201865
203278
204596
204704
204922
205033
206962
207360
208517
211936
212599
214771
215645
219403
221139
221662
221781
222234
222728
223058
223148
223852
224610
227053
227328
227543
228028
229105
229276
230382
230716
232104
233109
233120
233645
234655
237678
238539
238933
239011
239616
240164
242461
243018
244628
244641
244741
244934
247201
247701
248401
249854
250042
250295
250534
251008
251504
252165
252480
253059
253211
253974
254621
255909
257139
258131
260412
261895
262025
262484
263017
263037
263048
263446
263468
264052
264115
264284
266107
267688
270962
272118
272525
273242
275571
276704
276847
277003
279677
280302
281193
281307
281728
282154
282874
283091
283314
283341
283882
284501
284591
285290
285441
286946
287023
287032
288571
289074
289136
289947
290134
290818
291108
291527
291884
292201
293182
294373
294386
296930
297033
297417
298761
299427
299428
300804
301513
301634
301982
302189
302695
302773
303105
305410
306163
306395
306433
307753
309032
309270
309591
310117
311047
312771
313258
313734
314516
314649
315420
316196
317201
317383
317695
317838
318611
318648
318883
319273
320189
320405
320563
321713
324473
326958
327169
327409
327464
330028
330592
334151
335363
337128
338198
340802
341603
341816
343017
343046
343248
343809
344286
344747
346051
346905
348867
349501
349515
349673
349975
350504
350731
351450
351474
354200
354434
354626
355416
355593
356555
358317
358388
359304
359644
360341
361399
363434
363524
365826
366098
366453
366882
367096
367666
368153
368289
368296
368586
369418
370486
370886
372145
373375
373578
374186
374556
376070
376555
377715
379143
379548
379905
380010
380211
380753
382048
383885
383910
384268
386878
387718
388609
388922
390748
391249
391785
392680
393700
394177
395062
396288
396394
397697
402073
402598
402834
403872
404073
404401
405223
405596
405967
406648
407123
407496
408852
412121
412361
412420
412500
413725
414398
415196
415515
415793
416074
416733
417890
418730
419153
419327
419674
419855
420092
421008
421166
421914
424632
427784
428688
428880
431127
432315
432759
434714
435149
435543
436163
437744
437831
438890
439611
440723
441799
441933
441944
442180
442880
443640
443645
445013
445964
447096
447117
447806
449579
451423
452484
452930
452933
453616
455159
456041
456495
457546
457601
460809
461955
462373
463747
464509
464762
466170
466203
466306
468945
469125
469166
469593
470063
470287
470338
471223
471610
473859
474094
474742
475013
476994
479524
479791
481712
482800
483057
483535
483594
484807
484956
485285
485371
485683
485757
486343
486551
486626
486902
487623
487626
488800
488966
490404
492284
492665
492860
493012
494255
495482
495923
496163
496629
496641
501055
501273
501511
501926
502239
503110
504633
505721
509722
509749
510278
510356
511352
511806
514738
515275
515458
515540
516921
517159
518532
519193
521514
521741
522050
522094
524154
525130
529117
529263
529700
530177
530740
531004
531533
532804
533734
533849
533929
535052
535739
539216
539376
540101
541367
541671
541677
543663
544242
544254
544469
544534
544966
545707
546281
546352
548790
548987
549199
550615
551375
551618
552442
553601
554904
555187
555804
556319
556347
556414
557024
557440
557600
557612
557884
558002
558752
558854
560616
562094
563490
563726
565642
566155
566400
566937
569487
570455
572563
574922
575146
575629
576637
580264
581125
581241
581672
582164
582954
583022
584318
584339
584543
584934
585571
587788
588577
589226
589558
589581
589912
591630
594173
597519
597650
598445
599276
599592
600125
601748
603945
604572
605159
605188
605432
607800
607837
607895
608139
608191
608727
609089
612847
613126
613972
614206
615346
616098
617233
617702
618748
619714
619744
621363
621816
622983
624291
624347
625949
626967
627651
628994
630153
631949
632809
635932
636787
637947
638314
638891
639200
639385
639720
640426
641388
643599
644866
645177
645692
645715
646168
646734
646819
647807
647808
648386
648837
649171
649354
649463
649939
650238
651797
653880
655111
655282
656005
656660
659172
659894
660134
660378
661492
661719
662407
663133
663509
663945
663949
666033
668374
669894
670101
670486
670632
671813
674139
674325
674747
674882
675880
676365
676565
676683
677304
679173
679337
679576
680579
680703
681369
681609
682439
682615
683286
683865
686158
686455
686527
687976
689474
690199
692405
692710
695693
695919
696433
696711
698026
698336
698984
699130
702708
703544
704167
706593
708415
709013
710235
710425
711983
712487
712515
714397
714740
714743
714791
716108
716869
717006
717266
717617
718618
719371
720115
721134
722640
723173
723858
724273
724886
725189
727867
728002
728217
729107
729180
730297
730365
730669
731109
731442
731932
732174
732507
733591
733675
735578
738403
738439
740149
741183
741444
743832
744426
744730
744799
746025
746306
746778
747651
747952
747979
748973
751599
752416
754845
755026
755332
756198
756313
759889
761123
761429
761463
763321
763757
763959
764111
764162
764559
764895
765700
766837
767550
769047
769655
770614
771464
771567
771974
772136
773034
773701
773706
775381
777629
779112
780144
780553
780686
781385
782317
786766
788544
789074
789273
789655
791183
791671
792495
792728
793590
794052
794735
795315
796959
797992
798108
798694
799857
800106
801442
801463
801706
802471
805631
808788
808845
809094
810374
810577
810722
811003
813959
814504
814544
815051
815115
817841
818291
819714
820163
820975
821415
821694
821908
823364
823482
824452
825709
826505
827026
828920
829126
829135
829339
829397
829800
829859
830119
830618
832260
832528
833798
834623
835608
836048
837304
838448
838524
839508
841000
841680
841855
842456
843754
843772
844500
844777
845776
846230
847711
848561
849645
850613
851577
856026
858377
859037
860055
861416
862534
863202
863472
864245
864351
865018
865863
868496
872296
875108
875479
877999
879289
879596
880838
882128
883189
883710
886439
886952
889109
890417
891813
893493
893530
893618
894043
894379
895180
895460
900359
902914
903314
904587
905033
905774
908138
908370
911011
911163
912316
913164
913595
914869
916114
916132
919626
922397
922538
923051
923139
923414
924930
925283
925668
925707
925748
926299
926917
928212
928371
928624
928888
930887
931342
931892
932102
932681
933711
934717
935012
935021
935768
936090
936462
936883
939363
939730
939826
939935
943247
943700
946374
946608
947050
948058
948246
948459
948927
949782
951656
951713
951831
952287
952773
953776
954430
955076
958196
959285
960889
961878
962429
963385
963917
964149
964848
967912
968294
968605
968692
968861
968913
969868
972199
972538
973545
974287
977741
977902
978606
978709
979295
979350
979497
979808
979975
980718
981573
981708
982679
983204
984440
985355
986925
987111
988313
989201
989574
989895
990477
991964
992831
992864
993090
995607
995736
996057
996386
997400
997424
1001314
1003125
1003194
1004134
1004599
1004748
1006726
1006887
1007280
1007531
1007628
1008128
1008333
1009326
1010396
1010513
1011251
1012486
1012661
1013094
1013693
1014932
1015928
1016159
1018398
1019787
1020859
1021144
1022005
1024821
1028138
1030471
1030565
1031429
1032524
1032761
1033819
1035151
1035676
1037928
1038420
1038531
1042139
1043689
1043955
1044811
1045322
1046685
1047629
1049330
1050599
1051518
1053780
1053808
1054059
1055166
1055236
1055457
1055770
1056053
1056506
1058628
1059482
1062532
1062567
1063852
1064799
1066058
1066886
1067240
1067466
1067761
1068281
1068389
1069193
1070465
1071920
1073084
1073458
1073789
1073927
1077265
1077282
1080681
1081457
1083489
1085297
1085873
1087931
1088053
1088641
1088857
1089496
1090074
1090551
1090653
1090800
1090955
1091135
1093214
1093461
1093959
1094626
1095015
1095278
1096080
1096266
1097088
1098847
1099007
1099558
1100612
1101544
1101949
1102357
1103122
1103126
1103600
1104192
1105896
1107139
1108344
1110871
1112143
1112708
1113498
1113752
1113842
1114493
1117911
1118846
1122307
1124378
1124806
1125828
1128599
1128976
1130369
1130610
1130798
1131350
1133774
1135294
1135447
1136305
1136871
1137692
1137708
1138314
1142212
1143289
1143479
1143663
1143732
1146708
1148466
1149966
1151904
1153360
1156709
1157005
1157641
1157689
1158057
1158423
1161344
1161613
1161663
1161978
1162314
1162372
1163532
1163898
1163977
1164778
1165330
1167207
1167430
1168831
1170723
1170934
1171442
1171461
1171587
1173962
1175557
1176006
1176822
1177466
1177984
1177994
1178121
1178448
1179349
1180520
1180820
1181569
1181755
1182417
1183610
1184352
1186259
1188203
1189566
1190298
1190352
1192298
1193143
1195128
1195576
1196831
1198722
1200974
1203507
1203757
1204371
1204435
1205234
1205386
1206033
1210121
1211348
1213204
1214237
1214459
1215120
1215460
1216244
1218438
1218703
1219445
1219715
1221233
1221356
1221787
1222039
1223156
1223369
1224243
1225267
1227296
1231444
1234353
1235194
1235279
1236125
1237490
1237715
1238119
1238325
1238488
1239233
1239773
1240820
1245800
1246439
1248441
1248866
1249095
1253175
1253343
1253393
1253673
1254554
1256647
1258217
1258964
1259480
1259772
1259834
1259872
1260045
1260688
1262267
1263357
1263901
1263992
1264055
1264322
1264548
1265337
1266778
1268045
1268612
1269986
1270755
1275218
1277896
1278365
1278647
1279639
1279893
1280159
1280543
1280697
1282414
1282990
1283104
1283328
1283687
1283821
1286521
1288372
1290992
1291972
1293141
1293345
1294076
1295006
1296817
1297096
1297294
1298924
1299940
1300418
1301566
1304362
1305876
1306441
1308215
1308498
1309760
1310163
1311643
1313510
1314370
1315134
1316702
1317712
1318604
1319820
1319904
1321321
1321574
1321736
1322646
1322688
1322987
1323489
1323708
1327405
1327860
1327942
1330393
1333217
1334727
1335400
1335787
1336371
1336372
1337348
1337725
1339198
1340028
1340462
1344044
1344702
1344741
1344881
1344913
1345839
1346855
1347600
1350753
1353489
1354061
1355671
1356303
1356496
1357087
1358042
1358148
1358451
1360002
1361096
1362376
1362894
1363210
1364554
1365406
1369233
1370427
1371147
1371516
1371842
1373896
1374430
1374772
1375597
1375740
1375987
1376177
1376448
1379803
1380567
1381095
1381506
1381880
1381909
1383436
1384020
1384141
1385375
1385477
1387052
1387933
1388134
1388175
1389142
1389577
1390204
1390308
1391505
1391803
1394279
1396461
1396525
1397640
1397897
1398019
1399478
1400715
1401664
1401776
1404153
1404929
1405245
1405944
1406373
1406389
1407503
1410249
1410537
1411937
1411942
1412228
1412809
1414103
1414950
1415468
1415517
1415688
1415740
1416170
1416359
1416524
1418936
1421113
1421366
1421414
1421461
1421542
1421854
1423087
1423941
1424000
1424160
1424730
1425062
1425186
1425930
1426316
1426797
1427989
1428637
1429024
1431179
1432097
1432491
1433780
1434575
1435259
1435473
1436097
1436638
1436818
1437426
1439105
1440216
1440764
1440837
1441467
1442185
1442996
1443301
1444558
1448058
1448309
1448664
1448811
1449087
1449387
1452205
1459680
1459829
1460485
1461085
1461391
1461543
1462480
1462883
1463487
1464566
1465620
1468917
1470895
1470981
1471025
1471638
1472159
1472172
1476826
1476970
1478850
1479443
1480282
1483418
1483997
1484391
1488902
1489011
1491726
1491792
1491906
1492466
1492978
1494524
1494578
1495512
1495666
1497028
1498528
1498676
1501072
1504002
1504092
1504551
1506113
1506256
1508277
1509759
1510546
1511040
1511260
1512326
1514210
1514228
1516065
1518020
1518678
1520222
1522574
1522873
1523769
1525065
1526528
1526585
1527414
1527743
1530112
1530536
1530571
1531952
1532296
1534003
1535532
1535870
1536210
1538079
1539497
1540225
1540914
1541170
1542461
1543166
1547356
1547650
1547796
1548860
1549080
1549283
1549368
1549727
1550219
1550256
1552347
1552365
1552533
1552608
1553844
1555476
1556702
1557449
1558307
1558315
1558896
1559087
1560381
1560684
1561098
1561160
1562424
1562530
1563814
1565502
1567235
1569049
1569347
1569850
1570459
1570884
1571273
1574110
1574171
1576036
1576123
1576246
1577207
1578660
1579977
1580855
1581826
1582230
1584533
1585708
1585997
1588748
1589164
1589245
1589690
1590160
1592704
1593246
1595286
1595370
1595607
1595685
1596752
1598706
1599948
1601006
1601133
1601568
1601703
1601792
1601814
1602709
1604413
1605800
1605926
1606180
1610448
1611455
1614031
1616671
1617695
1618485
1619094
1620161
1621081
1621611
1621700
1622253
1623774
1624581
1625612
1626320
1629161
1630531
1631537
1631539
1632229
1632307
1634014
1634054
1634509
1635273
1635570
1637078
1638719
1638951
1639571
1639676
1640699
1640966
1641867
1643524
1643885
1646708
1646799
1648214
1648496
1651326
1652153
1652640
1653362
1656592
1657177
1659791
1659943
1660044
1660524
1661532
1661817
1663178
1663209
1663524
1663549
1666043
1666386
1666463
1666745
1666844
1666854
1668095
1669206
1670466
1670524
1670741
1671202
1673195
1674008
1674922
1676595
1677120
1677204
1679415
1679909
1681023
1681908
1682683
1682933
1684529
1685755
1687882
1688064
1689172
1693755
1695748
1697638
1698878
1699147
1699164
1699481
1700757
1701188
1701591
1702516
1703397
1704103
1704300
1704543
1705978
1706017
1706481
1706875
1707064
1707334
1708816
1710050
1711716
1712891
1715619
1715658
1715719
1715746
1716198
1716774
1716859
1718620
1718633
1718832
1720462
1721564
1721796
1722662
1723601
1725345
1726073
1727649
1727822
1728567
1732211
1733305
1733545
1733631
1734007
1734251
1736322
1737155
1737553
1740918
1744183
1744917
1747891
1748322
1748419
1748879
1749020
1750303
1751037
1752514
1753685
1753952
1754095
1755183
1755240
1755771
1756557
1757983
1758828
1759096
1759808
1761339
1761662
1762390
1764527
1764657
1764658
1765334
1766390
1766421
1766952
1767128
1769774
1769810
1770382
1770515
1770899
1771321
1773544
1774742
1776216
1776237
1777091
1777777
1779046
1781528
1781661
1782219
1783990
1785845
1787506
1787940
1788742
1791136
1791427
1792452
1793619
1794123
1794962
1797331
1797399
1798317
1798434
1799935
1800122
1800220
1801108
1805910
1806129
1807633
1808210
1808252
1810197
1811482
1814307
1815162
1815430
1815511
1815852
1818996
1820569
1820609
1822037
1822595
1823598
1824016
1825292
1825425
1827095
1828881
1830912
1833914
1833917
1833940
1834722
1836159
1837444
1838431
1840806
1841184
1841263
1842894
1843007
1846732
1847475
1848073
1848571
1849639
1850748
1851460
1852459
1853582
1854054
1855969
1856432
1857967
1858106
1861031
1861273
1861756
1862320
1862328
1862547
1863582
1863669
1865057
1865671
1865815
1867996
1868913
1868947
1869057
1870618
1871834
1872648
1872901
1873326
1873765
1873863
1874492
1875242
1875520
1875841
1877395
1880508
1881232
1883500
1883892
1883990
1884384
1884863
1884888
1885667
1886441
1886659
1887336
1887577
1891036
1891503
1892708
1894889
1895477
1895804
1897346
1899059
1899796
1901601
1901998
1903039
1903963
1904974
1905998
1907577
1907725
1907908
1908453
1908860
1910422
1910591
1911299
1912110
1912612
1914158
1914848
1915713
1917437
1921488
1922260
1926657
1927272
1927812
1928979
1929930
1930017
1930915
1931693
1932498
1933208
1933219
1934674
1934686
1934710
1936000
1936533
1937388
1938935
1940316
1940970
1941001
1941436
1942498
1942589
1942722
1945420
1945426
1946580
1947346
1949194
1949441
1950798
1952106
1952118
1953043
1953119
1953225
1955011
1955174
1958403
1958885
1959199
1959249
1959659
1960570
1962089
1962430
1962474
1962934
1965788
1966942
1967343
1967640
1968760
1969939
1970017
1970425
1972954
1974185
1974235
1974560
1975378
1980381
1981405
1987251
1987448
1989004
1989262
1990914
1992345
1992465
1992763
1992964
1994503
1995426
1996220
1996676
1997641
1999347
2000001
2000251
2000781
2000876
2001368
2001406
2001493
2003374
2003537
2004218
2004256
2004817
2007417
2008728
2009739
2010013
2010904
2014205
2014651
2014711
2014971
2015789
2016012
2017330
2018080
2019303
2019737
2022546
2023603
2024313
2025075
2026200
2026731
2027237
2028186
2029343
2030142
2030161
2030699
2032033
2032763
2033737
2034268
2035257
2035396
2036065
2036250
2039284
2039808
2039877
2040234
2040645
2040787
2041105
2041390
2042731
2043082
2043548
2043700
2043850
2043938
2044222
2046363
2047959
2048610
2048859
2049128
2050001
2051073
2051571
2052684
2052877
2053194
2058856
2059127
2059525
2063768
2063903
2064149
2064323
2065199
2066583
2067122
2067545
2067699
2068372
2070085
2070828
2071667
2071680
2072005
2072290
2073142
2074369
2075128
2076223
2076330
2076392
2076447
2076793
2077744
2079742
2079832
2082114
2082929
2082938
2084632
2085190
2085999
2087204
2087491
2090036
2090380
2090872
2092566
2093747
2094995
2095038
2096067
2096076
2096957
2097316
2097622
2099560
2100944
2102096
2103144
2103349
2103583
2104207
2105726
2107481
2107977
2108271
2109440
2112750
2113958
2114146
2115303
2115498
2115726
2117172
2119009
2119678
2119966
2120219
2120527
2120702
2121977
2122137
2123959
2124069
2124439
2124692
2125586
2126367
2126652
2127035
2128368
2129758
2130098
2130956
2132757
2133065
2133418
2134214
2134471
2136682
2137716
2137963
2138102
2138901
2138918
2139373
2140503
2141076
2142359
2142814
2143779
2144618
2144824
2144843
2145800
2147453
2148662
2148737
2149077
2149587
2149739
2150810
2151221
2151662
2152645
2153188
2153879
2155912
2157081
2157155
2157160
2157311
2161386
2161873
2161948
2162742
2163078
2163863
2164187
2164322
2165076
2165154
2165610
2166162
2166370
2167346
2168331
2169040
2169232
2169848
2170733
2173022
2173473
2175767
2176258
2176525
2176793
2177431
2177529
2180563
2180692
2181884
2182431
2182666
2183367
2183847
2184754
2185157
2186062
2186678
2187541
2187979
2188221
2188631
2188695
2189119
2189152
2189310
2189690
2189757
2190837
2191353
2192406
2193281
2195226
2195733
2200140
2202137
2202894
2203575
2203833
2204042
2204879
2205383
2205751
2205810
2206900
2207562
2207705
2207740
2208172
2208879
2208885
2213003
2213589
2215123
2216743
2216896
2217268
2223007
2223044
2223427
2225093
2225418
2225528
2225888
2229200
2229337
2232309
2232796
2233343
2234045
2234399
2236205
2239711
2240726
2241559
2244191
2244877
2245931
2246953
2247896
2250654
2250676
2251050
2252606
2255076
2255562
2255994
2256410
2258220
2259627
2260303
2260420
2260729
2261948
2262240
2263654
2264799
2264835
2265259
2265383
2266841
2267115
2268926
2270011
2270967
2271479
2272525
2272857
2274476
2274495
2275613
2277068
2277904
2278097
2278984
2279351
2279524
2280390
2280808
2281301
2282329
2283157
2283299
2284784
2285090
2285285
2286383
2287602
2288048
2288234
2288557
2289260
2289351
2290248
2291590
2292433
2293285
2294492
2296297
2299053
2299208
2299550
2299681
2300351
2302367
2305394
2305797
2307143
2311015
2313254
2313867
2314657
2315243
2315813
2316267
2316856
2317127
2317877
2319982
2320802
2322559
2322719
2324415
2325167
2325230
2325794
2326065
2326958
2327300
2327490
2328469
2328753
2331054
2331191
2331278
2332145
2332673
2334834
2337161
2338769
2339896
2340563
2340654
2341308
2342174
2345862
2346503
2349371
2349427
2349606
2351383
2351612
2351766
2352339
2353007
2353640
2354167
2355528
2356130
2356736
2357721
2361091
2361482
2362937
2364460
2364826
2365652
2366056
2369468
2371300
2372533
2377339
2378103
2378291
2380502
2381956
2384682
2385414
2385991
2386812
2388120
2388626
2388773
2390937
2392072
2392228
2392272
2394494
2395002
2395489
2395649
2396276
2396779
2399399
2399560
2399805
2402817
2405880
2407264
2408971
2409206
2410731
2412150
2412384
2413322
2414000
2414136
2416090
2416514
2416968
2417819
2419428
2423116
2423322
2426786
2427471
2428184
2428378
2430887
2430912
2431867
2432009
2432407
2433087
2434293
2434853
2435052
2436034
2436040
2437573
2437962
2438276
2439901
2442441
2443165
2444192
2445131
2445533
2445929
2446344
2447998
2450171
2450727
2452298
2452811
2453709
2454315
2461473
2463029
2464679
2466886
2467050
2470949
2471086
2471975
2472117
2472199
2472681
2474431
2475816
2477374
2480899
2481633
2481656
2483378
2483730
2483916
2484594
2485137
2485234
2486617
2488522
2488858
2488924
2490097
2490518
2490678
2491247
2491654
2492548
2493356
2495005
2495795
2495975
2497558
2499544
2500520
2503084
2503847
2503993
2506197
2506418
2508060
2509355
2509503
2509810
2511228
2511818
2511844
2512101
2512836
2513535
2513652
2514217
2516277
2517105
2518127
2518487
2518616
2519569
2519674
2519822
2520393
2520515
2521000
2521554
2521604
2521993
2523400
2523743
2524245
2526341
2527284
2527337
2527401
2528105
2528669
2528700
2529703
2532013
2532165
2533166
2534488
2534902
2535004
2536060
2536448
2537344
2538195
2538541
2539116
2539529
2539591
2540024
2541406
2542618
2543094
2543163
2543259
2544343
2546072
2546844
2547170
2547766
2548315
2548472
2549381
2549458
2550466
2552048
2552183
2552291
2553876
2554741
2555391
2556042
2557123
2557750
2558595
2560498
2560634
2560700
2561345
2561906
2563129
2563315
2563868
2565401
2567426
2567457
2567724
2569445
2570418
2570609
2571478
2571708
2571796
2574052
2574054
2577149
2578559
2579201
2580188
2581821
2582576
2584110
2584131
2584927
2585806
2587384
2587777
2587883
2588133
2589246
2591460
2592564
2593974
2594232
2595973
2596883
2597049
2597967
2598002
2599336
2600733
2603109
2603264
2603845
2604354
2604603
2605241
2606077
2608062
2608490
2608848
2610033
2610710
2611204
2611427
2612364
2612812
2616586
2618593
2619043
2620519
2621342
2621374
2621413
2622791
2625154
2626983
2629468
2630490
2631853
2635090
2635313
2635442
2637478
2638734
2638824
2639074
2639188
2640185
2640495
2641004
2641112
2641810
2642645
2642969
2643046
2643204
2643934
2646072
2648029
2648604
2648615
2649108
2649995
2650058
2650176
2650372
2650906
2652764
2659178
2660884
2661625
2661861
2662076
2662436
2663664
2665904
2666688
2667251
2668048
2669368
2669581
2669721
2670905
2672660
2673379
2673848
2675081
2675399
2675619
2677019
2678289
2679797
2680698
2681401
2683307
2683556
2683577
2683972
2685829
2686208
2687015
2687453
2687888
2687899
2688416
2688479
2689834
2690418
2693080
2693219
2693697
2694148
2695046
2696950
2697246
2697912
2698108
2698773
2699230
2700472
2703504
2705856
2706901
2706961
2707376
2709031
2709443
2709627
2710720
2712908
2712974
2714621
2714956
2714982
2716017
2717565
2718326
2718348
2718748
2719081
2719314
2719581
2720411
2720469
2720737
2721222
2724922
2725109
2726156
2727098
2727634
2727716
2728006
2728533
2729065
2730307
2730603
2732148
2733804
2734405
2735391
2735420
2735821
2737073
2737131
2737356
2737449
2737472
2737655
2737668
2738117
2739899
2740002
2740730
2741001
2741353
2742814
2743661
2744932
2745875
2746288
2746401
2746883
2747577
2750167
2754170
2754747
2755389
2755482
2755497
2755500
2756178
2756236
2757730
2759882
2761632
2762507
2762546
2762897
2764301
2764966
2765314
2766762
2769330
2771714
2771823
2772267
2773146
2773171
2774980
2775079
2776456
2776910
2777425
2778503
2778897
2779096
2779153
2779552
2781393
2782873
2783964
2784358
2784874
2784932
2785905
2786693
2786898
2790873
2791844
2793674
2795515
2795689
2797081
2798611
2798636
2798639
2798942
2799329
2799809
2800000
2800383
2801503
2802662
2803042
2803482
2804019
2804358
2804857
2806122
2806882
2807080
2808011
2808274
2810837
2811901
2814034
2814416
2814717
2816934
2816964
2820193
2821026
2821404
2821647
2823606
2824203
2825096
2825383
2826404
2827696
2828348
2828819
2828988
2830689
2831081
2831188
2831847
2831976
2832058
2835791
2836041
2836365
2836616
2838859
2839129
2840530
2841017
2843774
2843808
2843823
2844437
2844514
2845892
2847015
2847094
2852681
2853225
2853701
2853946
2854134
2854678
2856966
2857012
2857786
2858831
2859280
2860108
2860596
2860858
2861271
2861991
2862877
2863209
2863755
2864211
2864473
2864973
2864998
2865077
2865243
2866272
2866351
2867005
2867121
2867515
2868990
2869136
2869441
2869857
2870113
2870204
2871436
2873347
2873998
2874652
2874726
2875881
2877176
2877246
2878825
2878932
2879236
2880593
2880935
2880951
2881455
2883841
2883909
2884682
2884698
2886350
2886379
2887411
2888182
2888332
2889057
2890302
2891549
2891702
2891863
2892553
2898175
2898865
2899218
2899383
2900493
2900629
2900800
2901942
2903092
2903945
2905018
2906139
2906228
2907487
2907644
2908169
2908260
2909619
2910984
2911768
2912902
2913169
2916378
2917199
2919354
2919655
2921522
2922862
2922901
2923748
2923749
2924765
2925188
2926145
2927351
2927356
2927394
2927567
2928118
2933449
2933688
2933733
2934407
2936006
2938316
2938579
2939349
2939730
2939909
2940189
2940971
2941310
2941560
2944354
2944863
2945342
2945583
2946549
2946577
2947012
2947043
2948879
2950230
2950744
2951106
2951964
2952443
2952486
2953760
2954571
2954814
2955249
2955827
2955896
2956098
2956231
2956799
2957697
2958981
2960445
2961155
2961961
2962217
2963575
2964120
2965492
2965908
2966040
2966578
2966856
2967398
2968899
2968946
2969333
2969458
2972161
2972259
2973345
2973542
2976181
2977446
2977699
2979332
2981236
2981324
2981844
2984354
2984471
2984617
2985218
2985602
2985977
2986487
2986546
2986780
2987506
2987856
2989236
2989297
2990137
2990153
2991801
2993116
2993579
2995135
2995729
2996074
2996389
2996670
2997229
2997351
2997733
2998674
2998751
2998799
3002770
3003232
3004923
3006138
3006791
3009531
3010586
3010995
3011061
3011370
3011486
3013426
3014180
3014208
3015125
3016121
3018543
3021572
3021845
3021936
3022293
3022373
3022622
3022919
3023074
3024347
3025384
3026274
3026548
3027370
3027712
3028105
3029693
3031393
3032538
3033716
3034241
3035041
3037508
3038439
3040165
3041261
3041533
3044328
3045198
3046728
3047167
3047349
3048926
3049439
3050208
3050232
3050895
3052353
3054231
3054924
3055142
3055737
3055789
3057913
3058515
3061449
3062213
3062475
3063729
3064159
3064300
3066118
3066549
3067344
3067634
3068618
3070617
3070622
3071825
3071961
3072346
3073160
3074375
3074699
3075601
3076574
3077914
3078872
3080541
3080940
3081334
3082465
3082664
3083171
3084781
3085665
3086145
3086325
3086731
3087211
3088910
3088913
3089128
3089655
3090548
3092041
3092054
3092192
3092549
3093813
3094599
3095039
3096297
3098215
3099591
3100040
3100051
3100792
3102726
3104964
3105142
3105514
3107640
3107760
3109249
3111264
3111780
3112950
3113189
3113850
3115864
3115992
3116251
3116691
3118189
3118753
3120540
3122287
3124952
3128518
3129170
3129940
3130110
3130119
3131103
3131309
3132250
3132709
3133056
3133209
3136435
3136532
3138388
3138938
3139402
3140871
3140905
3141352
3142717
3144906
3144977
3145919
3146325
3148072
3149465
3149685
3149709
3149728
3149804
3151021
3152087
3153678
3155188
3155781
3156316
3157632
3158235
3159274
3160556
3160647
3160662
3163210
3163312
3163772
3163900
3164604
3167107
3168338
3168552
3168644
3168759
3169527
3171989
3173670
3177215
3177835
3178168
3181538
3182078
3182560
3182765
3183841
3184299
3184357
3186408
3186560
3186589
3188004
3188066
3188870
3189454
3192019
3194394
3194510
3194515
3194909
3195531
3195534
3195896
3196973
3197958
3198501
3199675
3200580
3200925
3201893
3202168
3206101
3206163
3208166
3208294
3208742
3209707
3209992
3211818
3213445
3213701
3213963
3214655
3215787
3215960
3217879
3219297
3221503
3223114
3224855
3225375
3226905
3227589
3228390
3228456
3230060
3230202
3230522
3230784
3230964
3231954
3232453
3234272
3236173
3236566
3236916
3238011
3239252
3239317
3239775
3240098
3240181
3241754
3242909
3243835
3244408
3245970
3247374
3247811
3248294
3248718
3249294
3249856
3250130
3250218
3251162
3251847
3251900
3253008
3253210
3255950
3256113
3257611
3258046
3258794
3261957
3262051
3262748
3264070
3264085
3264180
3264918
3267837
3268137
3268599
3269012
3270209
3270252
3273300
3273323
3274460
3274513
3276233
3278761
3279001
3281539
3284053
3286331
3287584
3288476
3289286
3290231
3291378
3291615
3292705
3293583
3294022
3294663
3295847
3297916
3300822
3301150
3301492
3302169
3302388
3303218
3305044
3306249
3306339
3306709
3307049
3307069
3307183
3309550
3310409
3314889
3315171
3317027
3317071
3317459
3317928
3318362
3319360
3320277
3320905
3322589
3323948
3323956
3324208
3325000
3329607
3331581
3332635
3332904
3333415
3333482
3334147
3334542
3334610
3334794
3335030
3339932
3341700
3341968
3343978
3344033
3344201
3344285
3346132
3346932
3349423
3351443
3351605
3357246
3358785
3359436
3359804
3360385
3361079
3361264
3363364
3366363
3368593
3368833
3369431
3370013
3371419
3372146
3372387
3373095
3373839
3374109
3374923
3377403
3378190
3378248
3378266
3379978
3381232
3382908
3383188
3383949
3384419
3384424
3385184
3385967
3388031
3389531
3389852
3391025
3392149
3392943
3395165
3396287
3399022
3399935
3399950
3400780
3401740
3401935
3403403
3403941
3405982
3406326
3407789
3408248
3408383
3408605
3409565
3411553
3412594
3413545
3413952
3414060
3414136
3414217
3415531
3416208
3418429
3418649
3421025
3421851
3422240
3422276
3423006
3423147
3423424
3424156
3424528
3424703
3426765
3427309
3428319
3428815
3429053
3429338
3429939
3430616
3430649
3430882
3431898
3432849
3433177
3436562
3436585
3437106
3437414
3438116
3439088
3441246
3441873
3443089
3446682
3447161
3447765
3448556
3449350
3449483
3452574
3454200
3454509
3454715
3456274
3456663
3459438
3460346
3461175
3461236
3462003
3462239
3462409
3462673
3462924
3463004
3463232
3464160
3464457
3466510
3467089
3467435
3468166
3470160
3470377
3471127
3474371
3474895
3475974
3476947
3478217
3479412
3480755
3482659
3483698
3485061
3485374
3486103
3487121
3488617
3489138
3490517
3491012
3491569
3492132
3492323
3492335
3494338
3495515
3495923
3497020
3498308
3499642
3499666
3499982
3500418
3504010
3504451
3504754
3505133
3505149
3505505
3509880
3511036
3512160
3512717
3513484
3515660
3516943
3517761
3519278
3520048
3520163
3520826
3521091
3522929
3523894
3525447
3526784
3529029
3529173
3529672
3530727
3530729
3531035
3531732
3532461
3532748
3532894
3533296
3533309
3535633
3536344
3536421
3539346
3541925
3542128
3542827
3542936
3543993
3544210
3544977
3545507
3545933
3548564
3549453
3549889
3550262
3551069
3551208
3551408
3552091
3553801
3555999
3556094
3556670
3556937
3558094
3558108
3559969
3561170
3562229
3565046
3565577
3566277
3566419
3566444
3566721
3566728
3567628
3568528
3568842
3569860
3570703
3572209
3573650
3574705
3575657
3576656
3578325
3579225
3579280
3580968
3581285
3581497
3581569
3583560
3583645
3583786
3585337
3586164
3586513
3587176
3587986
3589704
3591944
3592410
3592475
3592937
3594563
3596143
3597649
3597909
3600237
3600320
3600471
3600801
3601158
3601441
3602097
3603172
3603810
3603854
3606047
3606581
3607653
3607697
3608750
3609533
3610992
3611589
3612408
3613126
3613657
3614430
3614949
3616333
3616674
3617143
3617628
3617974
3619501
3620561
3622106
3622863
3622975
3624504
3624514
3625915
3626810
3627757
3629907
3630161
3630506
3630680
3630744
3631423
3632310
3634741
3636243
3638799
3640429
3640744
3641446
3641668
3641762
3642168
3643608
3643974
3644664
3645077
3645622
3646376
3648859
3649010
3650050
3652453
3653973
3656026
3657039
3658608
3659330
3660736
3661697
3662804
3663185
3664154
3664824
3666585
3667116
3667556
3667933
3668958
3669632
3669892
3670789
3670967
3671014
3672109
3675096
3675161
3675391
3676554
3677614
3678429
3678719
3679638
3680639
3680725
3681732
3682204
3682346
3682657
3683475
3686450
3689711
3692990
3693176
3693518
3695138
3696541
3696668
3698020
3698989
3699561
3700556
3700567
3701251
3703075
3703684
3703870
3704773
3705831
3707796
3709914
3711308
3712876
3712908
3713459
3713461
3714128
3714270
3715459
3715914
3717410
3718011
3718484
3718680
3718908
3718959
3720766
3721402
3721688
3723297
3724955
3725887
3726629
3726741
3726905
3731748
3732185
3732422
3732668
3734020
3735273
3736070
3738331
3738777
3739535
3741092
3741186
3741374
3741635
3744221
3744454
3745747
3746950
3747471
3751411
3751881
3752349
3752960
3756246
3757223
3758192
3760059
3760576
3762199
3763287
3763656
3767998
3768280
3768773
3768856
3769324
3770402
3771398
3772583
3774583
3775111
3776436
3776900
3777258
3778457
3778589
3779314
3782642
3782880
3783614
3783707
3783782
3784841
3786146
3788623
3788844
3789533
3790723
3791152
3791883
3792398
3792412
3794143
3794313
3796910
3797169
3798298
3799547
3801443
3801835
3802934
3802994
3804193
3805497
3806836
3807602
3809052
3810787
3810885
3811074
3814907
3817012
3819601
3819604
3821023
3822265
3823649
3824631
3825416
3830384
3830532
3830963
3831746
3832567
3833966
3834721
3834980
3835097
3837645
3839883
3845506
3846637
3849273
3850498
3851256
3854472
3854766
3855327
3855584
3855918
3855979
3856065
3857118
3857259
3857708
3860575
3860602
3860604
3860978
3862189
3863171
3864536
3865416
3865564
3866683
3866955
3868214
3868716
3870531
3870563
3871284
3872176
3872641
3872712
3873295
3873317
3873870
3876749
3876813
3876954
3877532
3879615
3879930
3880929
3881693
3881834
3882411
3883198
3883913
3883970
3884036
3884175
3885640
3886366
3887505
3887671
3891597
3891907
3892846
3893434
3895161
3895227
3895305
3895446
3897016
3897152
3898064
3899200
3899691
3903181
3903696
3903968
3904529
3906067
3906218
3906505
3908090
3908358
3908443
3909564
3909619
3911334
3911388
3911687
3911878
3912293
3914546
3914781
3914827
3914937
3915990
3916182
3917347
3917377
3917531
3919658
3922584
3922980
3923867
3925278
3926581
3926644
3926836
3926967
3927074
3927732
3929108
3930524
3930572
3931486
3932370
3933315
3933579
3935343
3935429
3936745
3936953
3937019
3937329
3937649
3938280
3939966
3941755
3942707
3944596
3945181
3948335
3949335
3949354
3949423
3949785
3951181
3951779
3953000
3953372
3954970
3955039
3955705
3956531
3957424
3958869
3961671
3962355
3962675
3963248
3963264
3963644
3963953
3964269
3964601
3964773
3964834
3965028
3967429
3967537
3969422
3969550
3969937
3970210
3971083
3971924
3973590
3974048
3975128
3975951
3976301
3978529
3980082
3980426
3983642
3984903
3986038
3986892
3988319
3988438
3989292
3989621
3990868
3991030
3991933
3992092
3992831
3993733
3993974
3994493
3994818
3995762
3998843
4000282
4000393
4000433
4000923
4001145
4001369
4004101
4005337
4005397
4005677
4008406
4008580
4008829
4010236
4012548
4013187
4013517
4013947
4014023
4015411
4016478
4016808
4017838
4019098
4019568
4020496
