1094
1405
1796
1845
2362
3828
4428
4611
5071
5580
5581
6753
8196
8311
9006
9009
9276
9339
9579
10895
13291
14069
14169
14180
15240
16641
17667
18210
18858
21334
21407
21841
22061
22504
22571
23058
23098
24342
25242
25401
25607
25864
26430
26647
28163
28387
28444
28720
29464
30048
30483
31561
31702
32309
33752
33998
34526
34958
34967
35685
35703
36056
36062
37248
37317
37688
37971
38452
38601
38856
39302
39883
40545
40925
41342
41630
42702
45584
46161
46224
47448
48343
50021
50069
50145
52303
52931
55270
55272
55314
55728
56206
56597
57450
57837
58352
58702
59216
59497
59636
59766
60131
60281
60556
62117
63149
63553
63738
64106
64148
64158
64510
65825
66723
66934
67230
67632
69359
69756
69910
74136
74578
74991
75103
75795
75996
78179
79875
81234
81519
81689
84037
86096
86837
87152
87623
87985
88008
88890
89116
90690
90801
93326
93848
94209
96721
100133
100603
101295
101423
101470
101760
102248
103007
103476
105651
107077
108116
108217
108354
108609
108918
110044
110989
111937
112741
113099
114224
114310
114361
114680
115400
116632
117115
117325
117473
117546
118500
120022
121164
121837
125981
126326
126636
127113
128262
130098
130123
130559
130904
131586
133459
133488
133924
134025
134375
135086
135436
136374
136714
137191
138136
138246
138500
138944
139490
139974
140325
140695
141848
142409
143212
143611
144531
144933
145737
146101
147175
147353
147581
150197
150392
151212
151357
151366
151699
152237
153331
154147
154946
155638
155683
155754
158545
158731
158848
159518
159703
159773
160362
162075
162390
163709
164030
164187
164835
164838
164839
164933
170262
170945
172367
176806
177222
178745
180388
180406
181109
181360
181549
181860
182021
182963
183106
183562
183771
184907
185760
186543
187716
188674
190054
190338
191158
191301
191452
191547
193950
194521
194539
195961
196491
196535
196640
197065
197276
197495
197719
198347
198382
199096
199609
199895
200226
202359
202454
202954
203205
203841
203994
204357
204792
205473
205846
205973
206129
206570
208332
208681
209560
209740
210372
210480
211056
211131
211423
212361
212425
212775
212833
212855
213183
213926
214194
214570
215167
215551
216674
216967
217126
217838
218503
218592
220040
220153
220360
221868
222543
222762
223197
223931
224044
224767
225990
226365
227760
228602
228891
229379
229775
229951
230614
231110
231223
231630
232017
232477
232483
232832
233716
233743
234144
235347
238286
238509
238570
238651
241831
242392
243816
243979
244231
245052
245159
245524
245532
246360
247390
247647
248296
248314
248786
249872
250156
250370
251089
251441
252307
252816
252855
254536
255803
257583
258492
258570
259265
262515
263457
263742
263898
264213
265315
265616
265794
266224
267377
267466
267706
268492
269460
270009
270134
270191
270790
271947
272249
272279
272699
272749
275266
275422
275909
276667
278501
278719
279581
279894
280157
281031
281101
281264
281354
281401
282622
282908
285136
285819
286184
287132
287193
287205
287238
288155
290648
290852
291252
292713
294526
295252
295670
296321
296541
296955
297832
297869
297885
298748
298749
299524
299705
299948
300573
301618
302064
304744
304890
305475
305562
306445
306750
306765
307134
307615
307652
308712
308725
309604
309899
310076
310966
312985
314128
314167
314838
315135
318699
318894
319389
320363
320850
322587
322992
323621
324041
324184
326239
326866
327023
327560
327579
328651
329260
330076
330297
330695
331546
332395
333593
335885
336032
336408
339609
341253
341796
342666
343017
343331
343439
343548
345071
345481
345681
346016
346898
349926
350374
350716
352224
352784
353258
353314
353922
354008
354074
354697
355862
356014
356169
356742
357744
358451
358597
358650
360299
360512
360611
360648
360741
361152
362524
362579
362711
363137
363373
363654
364358
365589
365755
366031
366633
367743
368081
368495
368771
369509
370023
370250
370361
371018
371596
372370
372430
374115
374238
375101
376971
377105
377316
378439
380417
380875
381004
381066
381166
382675
382920
383000
383341
383852
385063
386088
387650
387858
388265
388489
388934
389067
389993
390380
390556
391442
391832
391849
392778
393915
394152
395036
395425
395871
397554
397918
399702
399732
399752
401072
401884
402233
403762
404102
404182
404253
404761
405187
405345
405808
406548
407930
407959
408854
409145
409923
410210
410341
410427
410696
411084
412029
412332
412393
413313
413704
413868
414307
414368
414505
414595
414880
415291
416520
417280
417514
417785
417872
418560
419950
420835
421076
423510
424450
424874
426016
426719
427937
428372
430205
430299
430904
433001
433841
434102
434692
435371
435514
435838
436775
436836
436940
437154
438670
439134
439573
440085
440119
441246
441833
442072
442365
443084
443290
443474
443669
443768
444489
445679
445741
446308
446981
447356
447739
448343
448622
449686
450938
451088
451415
451439
451521
451555
452134
453496
454121
454460
455406
456126
457239
457455
460702
460707
461771
462448
462510
462637
464007
464910
466133
466157
466354
466645
466744
470353
470684
471705
473207
474560
477879
477940
478270
478426
479782
480115
480281
480459
480737
481205
481404
483288
484100
484254
486830
487757
487874
488599
489532
489590
490296
490415
490875
493158
493398
493982
494131
495954
496036
496411
496709
497254
497710
498784
498903
499135
499169
500571
500864
501562
501659
503280
504311
506022
506364
507106
507683
508134
508481
508881
508955
509030
509387
510602
510630
512342
512750
512880
514132
514301
514729
514890
515314
515646
516374
516993
518195
518469
519253
520319
521357
521386
521780
523014
523962
525706
525876
525894
526017
527042
527096
527835
528668
529077
529887
529889
531357
532444
532794
534241
534453
534614
536646
536781
536938
537781
537975
538407
538633
538852
539653
539778
541479
541626
542079
543095
543339
543895
544532
544728
545019
545180
545408
545946
546001
546147
546505
546704
546887
547166
548967
549228
549991
550568
550632
550834
551243
551593
551910
552681
553168
554145
554789
555048
555054
555584
555773
556325
556361
557682
558776
558824
559928
561298
561728
562757
562856
562963
564102
564593
565571
565616
565832
566522
567377
567513
567525
568304
569015
569048
570321
572868
573330
573527
573728
574450
575219
575293
575298
577031
578001
579713
580957
582353
582721
582938
582945
583081
583123
583780
583917
584604
584905
584912
585977
586398
586709
586767
587184
587655
588365
588564
588769
589371
589442
590223
590250
590499
590829
592704
593396
593984
594096
594478
597118
597473
597935
598482
598681
598979
599090
599601
600209
601249
601394
601763
602953
603722
604710
605349
605536
606047
607345
607580
608170
608739
610240
610693
611607
612541
612664
613288
613338
613649
614073
614369
614397
614510
615281
616809
616943
617701
617867
618111
618473
618804
618834
619658
619942
620990
622233
622935
624285
624700
624984
626291
627162
628677
628855
628860
629085
629089
629376
629608
630484
630616
631123
631168
633064
633734
633811
634465
634729
635671
636186
636247
636659
636688
636990
637375
638155
638185
638697
639027
639054
639482
640204
640530
640960
641488
641757
641920
642007
642820
644081
644358
645232
645485
645735
645974
646032
646635
647029
647280
647965
648505
649277
649896
650253
650777
651030
652312
652978
654085
654398
655198
655258
655539
656001
656283
657056
657229
657353
657504
657709
657712
658041
658351
659479
660201
660346
660547
660654
661299
661763
662452
662575
662595
663525
663608
663685
663804
664160
664362
665161
665436
665481
665748
667048
668034
668563
670629
670813
671215
671777
674958
675131
675782
676301
676536
677348
677435
677938
678074
678216
679881
679958
679974
680158
681133
681227
681310
681357
682097
683404
685729
686814
688857
689780
690209
690345
690801
690803
691109
691232
692438
692751
693951
695512
695696
696015
696052
696407
696607
697216
699425
699471
699891
700164
700871
701413
701512
702536
703250
704821
705216
705997
708291
708868
708921
709435
710206
710408
710995
711516
713230
713480
713804
713943
715614
715911
716301
716420
716482
716638
716782
716896
717126
717574
718352
718485
718905
718961
718967
718981
719189
719572
719634
720426
720442
720799
723230
723618
724557
724748
725123
725340
727179
727229
727466
727499
727622
728397
728788
728857
729572
730072
731186
731522
732083
732428
732666
732940
733046
733119
733427
735325
735705
736196
737396
739467
739668
739895
740261
740280
740734
741643
742470
742606
743661
743909
744638
745225
745937
746315
747809
748635
748821
748923
749011
749021
749273
751577
751727
751800
753195
754186
755125
755242
755942
756387
756465
757680
757725
757836
758678
759363
759650
761250
761729
761841
762122
762157
762715
763088
763288
763362
763473
763630
765109
765501
766061
766475
766724
767526
768069
768217
768363
770094
770362
770913
772210
772285
774119
774638
774954
775191
775379
778515
780178
780420
780779
780884
781784
781968
782851
782937
783185
783231
784147
784251
784648
785005
785857
785930
786872
787892
788077
788389
788684
789512
790011
790875
791517
791602
792301
793563
793867
795552
796002
796354
796755
796910
797322
797776
798389
798568
799222
799723
799782
800130
800271
800640
800803
801883
801896
802311
802763
803511
803663
803948
805051
805437
805962
806128
806395
806830
806880
807120
807271
807527
808410
808682
809122
810209
810475
810595
810735
811599
811611
811636
812249
813195
813865
815943
819519
819621
820390
820477
820602
821216
821255
821309
821388
821748
823509
824332
826029
826031
827418
827506
827516
827577
827598
827942
828349
828924
829139
829805
830445
830824
832835
834142
834197
834323
836901
837949
838237
838444
838671
839577
839751
840996
841777
843409
844530
847063
847789
849429
850241
851545
851573
851659
851895
853532
853583
853642
853800
853863
854317
855068
855320
856638
857142
857677
857800
858117
858343
860006
860019
860607
860748
862583
863266
863412
863650
864189
864660
865426
865977
866240
868737
870814
870858
871358
872136
872237
875860
875932
876228
876900
877181
877229
877534
878418
879196
879389
879468
879501
879639
881283
882070
883685
884219
884421
884541
884717
885726
886538
886598
887344
887640
887961
888244
888289
888409
888845
889012
889615
889952
890550
891054
891405
891695
893562
893606
893750
894173
894957
896661
897078
899613
899735
900254
900436
900600
901076
902197
902548
903660
904418
904667
906647
908376
908702
908961
911502
912690
912845
913329
914176
914503
915537
915930
916186
916917
917331
917640
917888
919040
919925
921606
921906
922280
922808
923658
924023
924215
924823
925552
925767
927170
927524
927536
928119
929137
930045
930328
930538
931723
931836
932285
932584
932905
933196
933659
934194
934684
935367
935386
935614
936368
936849
937361
938243
938506
938683
939709
941036
941865
941966
942581
943111
944182
944836
945534
947891
947905
947963
948118
948274
949138
950499
950628
951022
951451
951919
952561
953684
953783
953909
954254
954426
955050
955326
955635
956091
957118
957528
959861
959946
959974
960079
960279
960916
961759
961990
962262
964015
964291
967370
967524
967773
968556
969170
969579
969789
970581
970719
971042
971599
972850
973729
975567
975657
976292
976653
976991
977042
978405
978599
978618
980016
981111
981219
982416
983709
983998
984259
985173
985945
986193
987636
988313
990952
990973
991374
993046
993107
993970
994525
996031
996149
996592
997141
997892
999428
1000499
1000832
1001026
1002060
1003055
1003681
1004007
1004412
1006784
1007016
1008858
1009059
1009337
1009488
1009656
1009660
1009709
1010493
1011352
1011549
1011673
1011842
1012321
1012572
1012647
1012741
1014282
1015839
1018675
1018976
1019314
1019738
1020103
1020160
1021155
1021414
1021462
1021625
1021755
1022376
1022601
1024973
1024979
1025242
1025656
1027825
1028512
1031366
1031729
1031730
1032163
1032307
1032635
1032813
1033446
1034642
1036198
1036412
1036645
1036995
1038361
1038981
1039002
1040756
1041012
1042625
1042802
1042975
1043223
1045332
1045378
1045582
1047071
1047521
1047787
1047795
1048104
1049344
1049720
1049961
1050008
1051450
1051758
1051848
1051933
1052770
1053351
1053681
1055047
1055700
1055893
1056306
1056848
1057264
1058014
1058390
1059078
1059534
1061009
1061692
1062779
1062849
1063742
1063773
1064132
1064194
1064660
1065109
1066789
1067409
1069241
1070086
1070304
1071302
1071622
1072728
1073114
1074163
1074214
1074405
1074649
1075623
1075840
1076169
1076290
1076808
1077595
1078297
1078476
1079062
1079121
1079206
1079439
1080141
1080567
1080673
1081891
1082919
1084154
1086142
1087443
1087626
1087629
1087639
1087874
1088196
1090779
1091525
1091620
1091629
1092410
1092472
1092814
1092919
1093761
1093852
1093885
1094059
1094395
1095955
1096569
1097453
1098777
1100203
1100220
1101427
1102717
1102872
1102983
1103141
1103199
1106231
1106730
1106796
1107038
1107598
1108265
1111360
1113189
1114192
1114625
1115816
1119156
1119356
1121077
1121641
1121939
1123901
1125481
1125914
1126293
1126701
1126953
1127945
1128255
1128913
1130005
1130053
1130151
1132231
1132371
1132433
1133880
1134136
1134553
1135967
1136869
1137962
1138505
1139341
1140114
1140779
1141638
1141639
1142487
1145328
1145796
1146697
1146865
1147198
1147511
1147638
1147743
1148077
1150149
1150246
1150297
1150702
1151846
1152860
1152992
1153983
1154160
1155341
1155433
1156058
1156584
1156886
1158313
1158972
1159396
1159494
1159649
1160429
1160567
1160696
1160725
1160737
1162142
1162322
1163199
1163249
1164231
1164778
1165100
1165717
1165731
1166729
1170501
1170954
1171714
1172038
1172074
1174707
1176594
1176938
1177310
1177893
1178863
1181723
1182248
1182982
1183293
1183491
1183824
1184052
1184872
1185895
1186090
1186101
1186266
1187351
1187998
1188272
1188486
1188563
1189121
1189906
1190221
1192228
1192249
1193662
1194428
1194780
1195190
1195751
1195760
1195764
1196065
1196956
1197323
1197831
1198136
1199540
1200273
1200526
1201312
1203116
1203335
1203671
1203735
1204428
1204755
1205849
1206234
1206661
1206726
1206777
1208375
1209781
1209910
1210630
1211105
1211615
1211874
1212134
1212700
1212730
1212767
1213432
1213703
1214173
1215958
1216339
1216900
1217755
1218325
1218620
1218818
1219537
1220511
1220698
1221565
1221582
1222283
1223109
1223367
1223655
1224106
1224234
1224329
1224558
1224980
1225212
1225757
1225775
1226611
1226772
1226909
1226994
1227233
1228755
1229993
1230110
1230150
1231018
1231774
1233081
1233922
1235253
1235731
1235899
1236194
1236211
1236670
1237101
1237526
1238289
1238970
1239993
1240916
1241103
1241364
1241666
1241773
1242300
1243546
1243692
1244320
1244580
1245791
1246760
1246761
1247408
1247680
1247758
1248839
1249429
1249866
1250423
1252136
1252584
1252764
1252795
1253580
1254143
1254802
1255096
1255622
1256548
1256901
1257011
1257335
1257408
1257686
1257746
1258330
1260757
1262880
1262921
1263783
1263799
1263839
1264320
1264841
1265081
1266521
1266618
1267932
1269057
1269211
1269655
1270271
1270373
1270642
1272630
1273412
1273592
1273620
1273747
1274485
1274591
1274957
1275648
1276215
1276383
1276596
1277089
1278064
1278313
1278362
1278528
1278564
1278722
1279397
1279551
1279577
1279731
1279791
1279858
1281983
1282212
1282517
1282714
1283182
1285565
1285626
1285703
1286646
1287001
1288090
1288281
1288869
1289032
1289687
1289900
1290228
1291573
1292179
1295828
1295889
1295933
1296605
1297279
1297603
1297714
1299955
1300382
1300526
1300628
1300841
1300849
1301137
1301887
1301894
1302006
1302153
1302626
1303704
1303940
1304050
1304161
1307859
1308650
1308872
1309833
1310233
1310494
1310581
1310879
1311417
1311515
1311696
1311827
1312046
1312138
1312327
1312330
1312335
1313493
1313625
1314631
1315226
1316088
1316108
1316892
1317038
1317626
1318583
1318791
1318835
1319379
1320615
1321126
1321664
1322352
1322826
1323465
1323643
1323773
1324668
1324684
1324979
1325512
1325540
1327083
1327156
1328167
1328294
1328409
1328714
1329589
1329646
1330296
1330537
1330723
1330925
1330964
1331215
1331499
1331873
1333581
1334501
1335419
1335431
1335694
1336765
1337522
1337549
1338667
1338746
1339310
1339407
1340593
1341012
1341497
1342070
1342341
1343074
1343501
1344678
1344842
1345287
1347271
1347419
1349242
1349339
1349411
1352233
1352581
1352589
1352793
1354004
1354303
1354951
1355632
1356178
1358196
1359459
1361150
1361856
1362077
1362154
1362386
1363971
1365074
1366090
1366550
1367099
1368253
1368610
1369262
1369534
1370443
1371570
1371674
1372080
1372115
1372189
1372589
1372892
1373300
1373770
1373923
1374638
1374700
1374856
1375477
1375795
1375889
1375974
1376182
1377621
1377671
1379803
1380851
1381748
1382269
1382650
1382676
1383624
1383853
1385612
1386803
1386924
1387443
1387533
1387860
1388062
1388438
1388727
1389192
1389975
1390530
1391659
1391848
1392504
1392924
1393639
1393785
1394716
1395747
1396242
1397084
1397336
1399144
1399160
1399974
1400719
1401168
1401855
1402477
1402756
1404602
1405291
1406104
1406636
1409435
1411191
1411416
1411985
1412562
1412703
1412741
1413737
1415111
1415506
1415616
1415646
1416384
1416568
1419176
1419304
1419373
1419610
1419826
1420970
1421287
1421315
1422016
1422260
1422535
1423340
1423770
1424774
1424840
1424963
1425353
1425515
1425648
1425695
1425779
1425976
1426207
1427205
1427276
1427938
1428481
1428731
1429300
1429384
1430383
1431074
1431257
1432008
1432014
1433000
1434128
1434210
1434387
1437887
1439175
1439601
1439720
1439913
1440337
1442003
1443226
1443357
1445219
1445222
1445390
1445503
1445681
1446551
1446602
1446907
1447974
1448539
1448665
1448763
1449393
1450489
1451778
1452672
1452776
1453137
1454076
1454133
1455234
1456468
1456482
1457691
1458363
1459846
1459941
1462913
1462928
1463057
1463461
1464346
1465912
1466469
1467030
1467048
1467137
1467402
1468664
1469160
1470201
1470875
1471362
1471518
1471853
1471869
1472106
1473225
1473612
1473830
1474951
1475264
1475832
1476211
1476747
1476918
1477869
1478059
1478206
1478455
1480139
1480309
1480661
1482014
1482747
1484651
1485733
1488103
1489492
1490997
1491074
1491756
1491848
1492887
1493406
1493441
1493494
1493519
1495085
1495379
1495927
1496248
1496263
1497135
1497300
1497556
1497911
1498011
1498283
1498858
1499540
1499798
1499802
1501174
1502015
1504106
1504575
1505810
1506257
1506386
1506780
1506932
1507655
1507706
1509763
1510974
1512131
1512586
1512721
1512919
1514367
1514584
1514711
1514985
1515014
1515237
1515446
1516033
1516260
1516553
1516938
1517693
1518028
1518035
1518665
1519697
1520211
1520320
1524417
1525209
1525288
1525583
1526752
1527585
1527826
1528930
1529736
1529838
1532999
1534136
1535726
1536188
1536580
1537685
1538977
1539089
1539278
1539572
1539962
1540077
1540635
1540866
1541328
1541539
1541953
1542076
1542917
1544380
1544542
1545765
1545846
1546092
1546757
1547545
1549562
1549769
1550384
1551581
1551596
1551729
1553400
1553572
1555475
1556665
1556675
1556705
1557024
1557235
1558219
1560197
1560416
1560475
1560742
1561842
1562714
1563576
1563583
1563797
1563917
1564245
1564359
1565562
1565696
1565937
1566176
1566544
1567928
1568586
1568817
1569115
1569294
1570728
1571386
1571687
1573181
1573414
1573462
1573527
1574319
1574530
1574714
1575130
1575205
1575855
1577428
1579065
1579769
1579798
1579887
1580707
1580793
1581161
1581650
1583127
1583206
1583610
1584678
1584932
1585504
1585656
1585826
1585935
1585959
1585991
1586674
1587233
1587537
1587838
1588067
1589742
1590332
1590477
1591268
1591411
1591891
1592353
1592412
1592826
1593344
1593504
1593910
1594563
1595541
1596022
1596034
1596537
1596881
1596956
1597095
1598509
1598855
1599764
1599772
1600946
1601853
1602412
1603524
1604374
1604667
1605352
1607472
1608125
1608221
1609463
1610374
1610405
1610646
1610740
1611720
1612600
1613201
1614166
1615433
1615841
1617349
1617992
1618139
1618181
1618842
1622138
1622401
1622423
1623206
1624005
1624989
1624996
1625251
1625663
1626366
1627091
1627666
1628281
1628361
1628569
1629636
1629761
1630583
1630623
1631493
1632249
1632492
1632653
1632665
1632801
1633084
1633889
1634001
1634200
1634707
1634813
1634951
1636275
1636412
1636779
1636896
1637403
1637572
1637614
1637796
1638356
1638849
1639577
1640051
1640199
1641478
1643326
1643827
1644571
1644588
1645738
1645846
1645865
1647544
1647703
1647957
1648652
1649757
1650186
1650259
1650960
1651802
1652153
1652714
1654709
1654716
1655703
1657247
1657284
1657631
1658292
1659099
1659977
1660584
1660837
1661970
1661981
1662536
1663262
1663527
1664659
1664930
1665805
1665888
1666526
1667374
1667524
1668302
1669109
1669689
1670151
1670433
1670927
1671379
1671576
1672369
1673470
1674547
1674851
1676579
1677184
1677723
1678217
1678264
1678683
1678705
1679832
1680148
1681555
1681796
1682234
1683436
1683617
1683692
1684075
1685463
1685607
1686993
1687899
1688051
1688694
1688920
1689009
1689606
1690121
1690366
1691130
1691820
1691992
1692685
1692784
1692881
1693245
1693430
1694185
1695355
1695490
1695665
1696672
1696888
1697993
1698660
1698939
1699135
1700352
1700479
1700588
1700804
1701024
1701181
1701871
1701933
1702206
1703445
1704639
1704689
1704923
1704945
1705408
1705643
1705870
1706336
1707844
1708816
1709002
1710596
1711028
1712464
1712716
1712813
1713476
1716284
1716750
1717544
1717967
1718338
1718344
1718855
1719462
1720656
1721500
1721576
1721981
1722884
1723098
1724371
1724858
1725145
1725431
1725474
1726116
1727147
1727343
1727369
1727422
1727457
1727700
1727955
1728138
1728779
1729357
1730311
1730320
1730445
1731891
1733519
1734418
1734634
1734771
1735731
1736271
1736495
1737315
1737593
1737959
1738048
1738605
1738697
1738762
1739033
1739049
1739115
1740362
1740508
1741948
1742058
1742060
1742894
1744030
1744167
1744411
1747045
1747831
1748174
1750155
1750267
1750980
1752092
1752097
1753242
1753269
1754594
1756141
1758020
1759139
1760137
1760587
1761695
1762642
1762712
1762714
1763332
1763970
1764481
1765911
1766382
1766659
1767011
1768494
1769726
1770729
1771489
1771598
1772102
1772913
1773938
1774995
1776770
1777029
1777185
1778571
1779298
1780225
1781052
1782884
1784438
1785459
1786477
1787199
1787242
1787404
1790111
1790145
1790278
1792646
1792827
1793083
1793402
1793544
1793571
1793673
1795002
1796165
1797223
1797323
1797380
1799183
1801470
1801949
1802652
1803058
1803275
1803782
1803861
1805176
1805387
1806141
1806492
1806839
1807346
1809143
1809187
1809596
1809659
1809790
1809794
1810423
1810555
1810789
1811664
1811852
1811935
1812275
1812652
1814039
1814509
1815034
1815504
1815671
1815768
1815846
1816175
1816525
1816832
1817715
1818077
1818563
1818624
1818840
1820367
1820433
1820642
1822986
1823874
1825335
1825979
1827905
1828206
1828358
1829638
1829988
1831532
1831843
1833087
1833530
1834515
1834739
1834834
1834914
1835190
1835653
1835818
1836499
1836844
1837105
1837505
1837681
1837921
1839547
1840436
1841631
1843006
1843176
1843312
1843491
1843606
1845265
1846833
1847624
1847626
1847863
1849502
1850658
1850916
1850950
1851668
1852065
1852285
1852348
1852683
1853096
1854082
1855466
1855765
1855841
1856050
1856152
1856290
1856850
1857128
1857175
1857283
1858450
1859367
1859750
1861481
1861889
1864270
1864756
1866320
1867080
1867489
1868176
1868255
1868259
1868412
1868421
1868812
1869128
1869796
1869971
1870307
1872076
1872649
1872681
1872834
1873051
1873143
1874121
1874771
1876496
1876572
1876663
1876968
1877631
1878132
1878378
1878971
1879413
1879754
1879996
1880305
1881531
1881684
1881808
1881856
1882124
1882802
1882962
1883025
1883352
1884509
1885896
1886123
1886909
1887182
1887736
1887849
1888597
1889106
1889806
1890193
1890313
1890391
1891372
1892062
1893614
1895412
1895830
1896593
1897194
1897267
1898637
1898642
1899889
1899967
1900017
1900166
1900968
1901728
1902476
1903835
1904085
1904457
1904972
1905527
1905801
1905883
1905890
1906248
1907086
1907467
1908192
1908324
1908670
1908793
1909755
1910208
1910221
1910847
1912290
1912879
1913249
1913518
1913811
1913866
1914850
1914956
1915922
1916078
1916133
1916618
1916754
1919599
1919690
1921110
1921490
1921653
1922559
1922960
1924105
1924270
1924330
1924371
1925143
1925418
1926164
1929534
1930412
1932558
1933550
1936005
1937453
1938616
1939183
1939235
1940787
1941759
1941767
1941931
1942772
1943071
1943373
1943744
1944133
1944651
1945280
1945832
1946416
1947453
1948001
1948038
1948055
1948528
1950338
1950483
1950786
1951103
1951345
1952260
1952585
1953122
1953363
1953803
1953854
1956216
1957008
1958414
1958600
1959444
1960112
1960230
1960325
1960430
1960545
1961536
1961663
1961798
1962415
1963074
1963363
1963744
1963805
1964884
1966202
1966837
1967135
1967500
1967872
1968706
1968969
1969855
1970332
1971066
1971978
1972592
1973038
1973688
1974641
1974728
1975908
1976199
1978693
1978924
1979263
1979298
1979322
1979945
1979994
1980505
1981289
1981771
1983884
1984835
1984857
1986084
1986198
1986584
1986701
1986870
1990153
1990765
1991454
1992295
1992365
1993474
1994682
1995201
1995648
1995668
1996476
1996520
1996642
1998035
1999282
1999768
1999998
2000037
2001331
2001772
2002046
2002625
2003899
2003988
2004831
2005023
2005175
2005665
2005987
2006161
2006733
2007282
2008305
2008488
2011842
2013223
2013529
2013743
2014030
2014922
2016617
2017339
2017555
2018086
2018538
2018924
2019546
2019639
2020639
2020661
2020843
2021221
2021282
2021872
2021905
2023161
2023734
2024341
2025170
2025507
2026004
2026009
2026084
2026103
2026539
2029034
2029071
2029112
2030197
2030340
2030579
2030615
2030756
2030917
2034028
2034131
2034563
2035283
2035746
2036539
2036755
2037171
2037523
2038527
2038994
2039722
2039767
2040636
2041573
2041858
2042333
2042718
2043113
2043437
2044153
2046487
2046976
2047021
2047616
2048156
2050810
2050854
2051198
2053054
2053247
2053828
2054198
2054781
2054798
2055493
2055680
2056048
2056245
2056266
2056758
2057161
2057242
2057252
2058255
2058277
2058668
2059297
2059594
2059953
2060588
2060631
2060915
2060969
2062531
2062869
2063377
2063674
2064621
2065532
2065604
2065790
2065980
2066836
2067421
2067685
2067782
2069835
2070411
2071198
2071500
2072207
2072924
2073013
2073832
2074643
2074837
2074991
2075195
2075328
2075807
2076101
2076631
2077230
2078469
2079946
2080234
2080369
2080403
2080476
2080611
2081128
2081322
2082269
2083445
2084169
2084997
2086811
2089481
2089891
2090394
2090508
2090699
2090861
2091106
2091208
2091355
2091515
2092558
2093547
2093731
2093912
2094243
2095822
2095969
2096098
2097072
2098107
2098238
2098785
2099627
2100520
2102651
2102751
2102752
2103254
2103608
2103954
2105423
2105642
2106266
2106323
2106837
2107880
2108020
2108161
2108214
2108986
2109566
2109995
2110706
2111552
2111577
2111877
2112611
2112886
2113296
2113508
2113914
2114670
2115462
2115895
2116734
2119608
2120325
2120635
2120890
2123761
2124207
2124793
2125241
2125333
2125833
2126071
2126878
2127101
2127276
2127537
2127613
2129199
2129248
2129376
2130524
2131814
2132384
2132702
2133574
2134591
2134750
2135009
2135123
2135588
2136918
2137077
2137334
2137486
2137632
2137902
2138674
2138854
2138881
2139893
2140904
2141656
2141988
2142322
2143735
2143992
2144248
2144543
2144627
2144736
2145780
2146945
2146998
2147056
2147063
2147686
2148128
2148789
2149062
2149604
2149815
2150330
2150788
2151113
2151137
2151820
2151992
2152637
2152725
2153651
2154642
2156196
2157724
2158069
2158268
2159244
2159275
2159370
2159485
2160298
2160827
2160907
2161069
2162065
2163304
2164582
2165463
2165587
2165842
2166158
2167455
2167869
2168035
2168074
2168197
2168333
2168591
2170078
2170767
2170792
2171283
2171765
2172216
2172251
2172270
2172832
2173621
2174355
2174498
2174621
2175198
2175433
2176072
2176221
2176940
2177221
2177851
2177916
2178135
2178666
2178716
2178740
2179241
2179513
2179675
2179848
2179918
2181416
2182035
2182184
2182786
2182905
2183181
2183675
2184962
2185031
2185536
2185651
2186043
2187684
2187913
2188218
2188240
2189571
2190278
2190517
2191105
2191117
2191197
2191887
2191904
2191916
2192037
2192144
2192263
2192739
2192900
2193196
2194347
2194530
2196321
2196937
2198632
2199046
2199477
2199590
2199666
2199798
2201125
2201227
2201584
2201654
2201869
2202394
2202923
2204329
2204391
2204924
2204990
2205176
2205303
2205528
2207923
2208928
2209640
2210722
2213422
2214051
2214410
2215268
2215403
2215418
2215741
2216228
2216785
2216950
2217538
2217893
2218629
2218902
2219193
2219543
2220902
2221736
2221950
2221991
2222264
2222308
2224382
2224663
2224682
2225270
2225416
2226239
2226280
2226888
2226980
2227436
2227499
2227568
2227971
2228672
2229765
2231021
2231023
2231293
2231511
2231531
2231905
2232225
2232303
2233251
2234357
2234599
2234757
2235530
2235638
2236524
2236713
2236738
2237271
2238385
2238693
2238852
2239833
2241894
2242332
2243034
2243586
2243624
2243747
2244264
2245355
2247775
2247818
2247923
2248351
2249121
2249199
2250144
2251354
2251378
2253111
2253128
2253767
2253848
2254211
2254385
2255467
2256215
2257799
2260603
2261361
2264426
2264897
2267531
2268088
2268241
2268624
2268816
2269270
2269628
2270184
2270987
2271890
2272865
2273547
2274705
2274868
2275361
2275717
2277820
2278745
2278965
2279138
2279483
2279759
2279778
2280331
2280666
2282057
2285558
2286536
2287119
2287647
2288347
2288669
2288749
2289064
2289723
2290019
2290286
2290496
2290835
2291730
2292605
2293481
2293545
2294254
2294782
2295204
2295305
2298738
2299577
2300825
2301516
2302065
2302339
2303163
2303258
2304096
2304462
2304564
2304579
2305752
2305998
2306963
2307882
2308850
2308873
2308900
2309322
2309489
2309848
2310595
2313569
2313843
2314614
2315213
2318909
2318957
2319189
2319403
2319433
2319574
2319846
2320004
2320228
2320391
2320442
2321029
2321583
2322726
2323930
2324137
2324582
2324595
2324913
2325549
2326237
2326562
2328963
2329210
2329893
2330142
2330890
2332921
2332922
2334183
2335139
2335884
2336152
2336189
2336495
2336778
2337130
2337553
2338270
2338525
2338816
2339627
2340180
2341567
2341921
2342115
2342167
2342728
2343244
2343360
2343679
2343926
2344154
2345730
2345872
2346139
2347620
2348300
2349611
2350489
2350661
2351396
2352070
2352203
2352557
2352777
2353393
2354082
2354983
2355818
2357958
2360140
2360557
2361562
2361795
2362231
2363056
2363591
2364104
2365388
2365404
2365503
2366674
2368415
2368823
2369832
2369971
2370525
2370800
2370854
2371511
2371561
2371885
2372373
2372529
2372696
2374107
2374513
2374534
2375512
2375831
2376051
2376826
2377357
2378454
2379043
2379560
2380904
2381071
2382063
2382621
2383251
2383473
2384048
2384065
2386564
2386944
2387189
2387586
2389256
2389739
2389859
2390069
2391196
2391470
2391621
2391942
2391976
2392067
2392086
2392168
2393399
2394618
2395176
2396814
2396854
2397055
2397134
2397430
2398926
2399084
2399428
2399712
2400002
2400307
2400514
2402333
2402448
2402473
2404033
2404052
2404059
2404424
2404787
2404795
2405419
2405569
2406398
2407200
2407854
2407998
2408984
2409001
2409265
2409909
2410354
2410434
2410741
2410794
2411084
2411166
2412199
2412614
2413143
2414370
2414452
2414611
2414654
2415179
2416008
2416771
2417464
2418449
2419045
2419182
2420454
2422617
2423417
2423799
2423889
2425500
2426702
2427483
2427959
2428405
2429921
2429998
2430532
2430819
2431525
2431720
2431990
2432124
2433412
2433831
2434367
2434568
2435355
2437418
2438222
2438484
2439112
2440780
2441252
2441334
2442074
2442092
2443619
2444402
2444423
2445259
2445818
2446165
2446406
2448412
2448455
2448637
2449966
2450618
2451092
2451458
2451746
2453405
2453468
2454344
2454413
2455349
2455386
2455690
2455709
2456788
2457332
2457660
2459724
2459788
2460035
2460146
2460956
2461481
2461589
2461630
2461920
2462262
2463763
2463928
2464402
2465075
2465094
2465203
2465497
2466275
2466276
2466690
2467893
2468406
2468722
2468939
2469918
2470269
2470811
2471270
2471450
2471480
2471934
2471946
2472484
2474189
2479432
2481444
2481463
2481532
2481976
2481994
2482512
2482769
2482863
2484124
2486049
2486279
2486766
2486826
2487846
2488278
2488510
2489209
2489246
2490064
2490433
2490768
2490819
2490868
2490957
2491786
2492890
2493765
2494232
2494480
2495032
2495529
2495604
2496191
2496206
2496503
2496558
2497030
2497065
2497211
2498321
2498740
2499157
2499525
2499717
2499779
2500485
2502080
2502650
2503732
2505399
2506355
2507559
2509050
2509764
2510045
2510460
2511434
2511836
2512037
2512268
2512772
2512797
2513104
2514314
2514358
2515198
2516730
2517315
2517439
2517721
2518166
2518792
2519374
2520082
2521028
2521059
2523545
2523911
2525340
2525524
2526598
2526967
2526990
2526992
2527320
2529660
2530064
2531218
2532261
2532446
2533923
2534105
2534207
2536041
2536052
2536476
2536856
2537266
2537573
2538258
2538722
2539149
2541337
2542139
2542420
2542766
2543387
2543394
2544449
2544517
2545677
2546336
2546357
2546477
2546873
2548123
2548341
2548655
2548671
2549799
2549803
2550040
2550616
2550838
2551457
2551506
2552081
2553063
2553396
2555373
2555558
2557818
2558481
2558778
2558839
2560013
2560657
2561021
2561372
2561632
2561750
2563014
2563628
2563968
2564174
2565354
2566568
2567032
2569022
2569876
2570607
2571197
2572440
2573090
2575525
2576587
2577082
2578029
2578314
2579306
2579719
2579924
2580662
2580978
2581619
2583495
2583905
2585536
2585907
2585919
2586127
2586376
2587473
2587497
2588042
2588433
2588786
2589029
2589079
2589219
2589508
2590377
2591765
2592006
2593188
2593207
2593987
2595599
2596629
2597431
2597793
2598033
2598266
2598956
2598965
2599014
2599517
2599959
2600389
2600697
2601223
2602969
2603242
2603552
2603735
2604595
2604899
2604964
2605029
2605817
2607975
2608546
2608896
2609327
2610060
2610108
2610489
2610536
2611023
2611286
2612155
2612215
2612672
2613358
2614515
2614740
2615172
2615454
2615757
2616736
2617227
2617429
2618268
2618940
2619159
2619258
2619977
2620474
2620628
2621766
2622554
2623799
2623979
2625026
2625136
2625920
2627297
2628355
2628856
2629734
2630150
2630191
2630201
2631189
2631852
2633245
2634638
2634669
2635553
2636689
2637459
2637836
2638155
2638178
2638371
2638441
2638688
2639015
2639431
2640210
2640407
2640586
2642414
2643441
2643485
2643490
2645195
2645421
2646022
2646591
2647461
2648674
2648773
2648845
2649534
2649838
2650501
2651230
2651597
2652417
2653264
2653717
2653983
2654681
2654785
2657537
2658818
2659577
2660537
2662609
2664396
2664750
2665252
2666915
2666988
2666996
2667149
2667322
2667363
2667613
2667656
2667767
2669015
2669417
2669592
2670366
2670431
2670632
2671089
2671560
2671719
2671989
2672384
2673444
2673757
2674069
2674220
2674823
2675351
2675620
2675713
2675812
2676185
2677048
2677215
2678045
2678672
2679658
2680361
2681427
2681759
2682616
2683887
2683892
2684104
2684254
2684946
2685249
2685328
2685662
2686935
2687557
2687654
2688483
2688606
2688884
2689752
2690780
2692451
2694075
2695102
2695592
2695772
2695785
2696017
2696547
2697860
2698157
2700472
2700913
2701488
2701792
2703204
2703360
2703675
2705292
2705545
2706069
2706714
2708537
2708738
2709086
2709624
2710325
2710855
2712031
2715186
2716826
2717038
2717412
2717535
2718378
2719571
2720651
2721515
2721548
2721685
2721729
2722910
2723335
2724695
2725084
2725511
2725624
2726541
2727464
2727516
2728526
2728635
2730996
2731058
2731456
2731460
2732046
2733356
2734049
2735516
2736134
2736321
2736585
2737061
2738436
2738459
2740513
2740693
2741132
2741532
2741776
2742133
2742329
2743222
2743826
2744557
2745674
2745873
2747982
2748095
2748291
2748377
2748511
2749051
2749443
2749648
2751059
2753023
2753182
2753701
2754334
2755255
2755729
2757267
2757933
2758156
2758189
2758526
2760008
2761602
2762378
2762889
2763103
2763106
2763344
2763470
2764354
2764446
2765125
2766080
2766973
2767082
2767225
2767633
2768727
2769066
2769925
2770144
2770561
2770569
2770998
2771487
2771489
2771680
2771859
2772354
2774003
2774666
2774965
2775123
2775400
2775831
2776269
2777022
2777045
2778152
2779468
2779504
2779674
2779958
2780068
2780245
2780989
2781435
2781716
2781739
2782480
2782596
2783281
2783288
2783422
2783782
2783890
2784338
2784913
2785212
2785275
2786723
2788465
2788590
2789277
2789448
2789757
2790916
2792336
2792852
2793442
2793488
2795168
2796221
2797530
2798806
2799334
2800072
2800833
2800896
2801182
2801564
2802666
2803220
2804631
2805849
2806056
2806198
2807884
2808365
2808782
2809151
2810085
2810368
2810404
2811534
2812082
2812321
2812824
2814869
2815128
2815263
2815603
2817204
2817419
2817995
2819592
2820587
2820870
2821272
2822670
2822714
2823494
2823714
2824128
2824627
2828405
2828752
2829946
2830102
2831200
2833486
2834307
2835231
2835338
2835420
2837161
2837399
2837558
2838354
2838469
2839217
2839250
2839371
2839711
2839746
2843288
2843931
2844152
2845803
2846644
2846716
2847105
2849003
2849880
2850069
2850733
2850823
2851989
2853437
2853948
2855305
2855685
2856903
2857430
2857892
2859115
2859305
2859503
2859873
2861293
2861747
2862486
2862632
2862670
2863085
2864198
2864411
2864962
2865416
2865830
2866928
2867307
2868267
2868268
2868419
2868845
2868922
2868981
2869172
2869329
2869336
2869453
2869970
2871035
2871468
2871758
2872183
2873044
2874125
2874514
2875240
2876059
2876846
2877878
2878671
2879472
2879745
2880016
2881545
2881722
2882122
2882685
2883315
2883787
2883920
2885380
2885671
2885822
2886068
2887465
2888139
2888984
2889275
2889420
2889622
2889661
2889957
2890118
2890774
2891003
2891356
2891695
2893012
2894170
2894598
2894802
2894838
2894862
2895993
2896502
2896672
2897069
2897281
2897901
2898023
2899662
2899769
2900013
2900533
2901558
2901683
2903665
2904073
2904095
2904559
2905899
2905972
2906115
2907609
2907705
2909161
2909644
2910424
2910441
2910604
2911378
2911897
2912385
2913166
2913493
2913849
2914388
2914438
2914593
2914666
2914758
2914910
2915523
2915952
2917529
2917564
2917708
2917858
2918430
2918907
2919053
2919714
2920908
2921135
2921585
2922096
2922339
2922832
2922915
2923012
2923347
2923751
2923803
2923832
2924067
2924713
2929385
2929463
2929942
2930241
2930821
2931501
2932458
2932914
2933560
2933686
2934776
2935558
2935602
2937717
2938206
2938767
2939559
2939863
2940368
2941264
2941416
2941792
2941799
2941899
2942282
2943816
2946571
2947999
2949859
2949926
2950215
2950656
2951723
2951761
2951839
2951892
2952647
2953137
2953254
2953290
2953506
2953611
2953986
2956233
2956364
2957627
2960914
2961655
2961860
2962650
2963037
2963325
2963920
2964950
2965168
2965486
2965631
2966088
2966339
2966823
2967065
2967163
2967352
2967650
2967932
2968129
2968225
2968832
2969269
2970064
2970618
2971217
2972065
2972541
2973001
2973217
2973613
2973806
2974339
2974503
2974843
2975508
2975767
2976150
2977915
2978469
2978492
2978703
2978751
2980373
2980621
2980914
2981375
2981380
2982213
2982220
2983059
2984127
2984641
2985033
2985985
2986484
2986607
2989210
2990857
2991646
2992204
2992463
2992660
2994005
2994596
2994947
2996652
2996958
2997212
2997982
3001041
3001084
3001381
3002067
3002318
3002453
3003391
3003462
3005153
3005362
3005891
3006766
3006851
3008050
3009201
3009427
3009631
3009732
3009886
3010127
3011910
3011932
3012953
3013034
3013396
3013851
3014620
3017835
3018481
3018927
3019190
3021249
3021574
3021775
3021787
3022361
3023551
3024528
3024540
3026112
3026811
3026956
3027279
3027392
3027464
3028461
3029421
3030380
3030411
3030497
3032624
3032889
3034177
3034247
3034440
3034541
3034682
3034718
3034933
3035732
3036023
3036940
3037132
3038211
3039195
3039410
3039521
3039749
3039815
3040057
3040543
3040723
3041569
3041589
3042037
3042296
3042400
3042412
3042415
3042563
3042779
3043389
3044571
3045594
3046702
3046920
3047077
3047208
3047585
3047976
3048210
3048906
3049212
3049305
3051521
3051778
3051972
3053122
3053351
3053792
3055051
3056424
3057160
3060862
3061003
3062474
3062816
3064081
3064560
3064979
3066091
3066562
3069138
3069283
3069810
3070113
3070454
3070511
3070848
3072575
3074217
3075746
3076850
3078868
3078939
3079630
3079677
3079880
3080297
3081608
3082289
3082676
3082817
3083887
3084433
3085899
3087159
3087722
3088422
3089086
3090663
3091147
3091930
3092033
3092525
3093932
3094591
3095023
3095230
3095519
3096373
3096850
3097197
3097293
3097337
3098509
3098527
3098721
3099393
3099578
3099848
3100134
3100298
3100420
3101649
3101667
3103457
3103655
3103847
3104241
3105911
3107255
3108343
3108869
3109092
3110174
3113058
3114361
3114671
3115318
3115533
3115751
3117470
3118464
3119064
3120884
3121459
3123202
3123810
3124056
3125483
3125946
3126186
3126263
3126398
3127270
3127722
3128081
3128214
3129019
3129080
3129131
3129814
3130124
3130636
3133311
3134444
3135783
3138234
3138906
3139022
3139100
3139376
3139844
3140868
3141654
3143149
3143418
3143465
3144185
3145007
3145310
3147592
3148154
3148419
3148688
3150006
3152222
3153221
3154273
3154665
3154778
3154936
3155264
3156123
3156683
3156903
3157313
3157547
3157698
3158512
3159562
3159720
3160099
3160502
3160606
3161198
3161641
3162325
3162860
3163172
3163270
3164134
3167031
3167279
3167441
3167638
3167816
3167874
3167913
3168321
3168536
3168695
3168838
3169095
3170703
3170810
3171102
3171181
3172458
3172794
3173213
3173743
3175455
3176905
3177533
3177770
3178349
3178358
3179904
3180213
3180534
3181651
3182445
3183396
3183553
3183621
3184085
3184350
3185604
3185852
3187695
3187726
3188221
3188947
3189294
3189482
3189815
3189887
3190058
3190315
3190584
3193305
3195610
3195883
3196241
3196714
3197040
3197206
3199176
3199892
3200029
3200438
3201051
3201361
3201372
3201732
3202196
3203406
3203534
3204170
3204711
3205305
3206172
3206230
3206733
3207208
3207295
3208107
3208739
3208781
3208907
3209476
3209488
3211177
3211295
3211582
3212408
3214436
3215795
3216092
3216684
3218060
3218537
3218682
3219542
3219564
3219921
3220016
3221867
3222032
3222448
3224058
3224444
3224925
3225611
3225755
3225816
3225999
3228732
3228775
3230171
3231245
3231456
3232243
3232611
3233435
3234209
3234247
3234724
3235227
3235273
3236470
3237145
3237269
3237641
3238050
3238080
3238135
3238680
3239251
3239620
3239969
3240184
3240897
3240998
3243041
3243768
3243902
3244594
3244781
3245654
3246091
3246095
3246535
3247956
3248246
3248673
3249037
3249182
3250973
3251104
3251619
3251902
3252933
3253395
3253517
3253865
3255978
3256623
3258353
3258962
3260038
3260946
3261000
3261663
3261918
3262463
3262648
3263418
3265048
3265133
3265422
3266223
3266385
3267427
3268446
3268803
3269645
3269720
3270529
3270713
3271086
3271113
3271161
3271426
3271751
3272130
3272144
3273001
3273050
3273398
3273791
3273971
3274745
3276105
3278760
3279656
3281237
3281829
3282123
3282399
3282440
3283488
3283888
3284330
3288299
3288554
3288908
3289106
3289839
3290406
3290491
3290617
3290955
3291161
3292327
3294761
3296200
3296208
3297591
3298466
3299170
3299252
3299771
3300103
3301168
3301179
3301401
3303843
3305777
3305933
3306126
3307284
3307638
3307785
3309179
3309321
3309632
3310703
3311382
3312591
3313446
3314257
3314790
3315607
3315935
3316724
3317132
3317264
3319532
3319851
3320095
3320277
3320418
3320504
3320637
3320906
3321391
3324824
3324960
3325164
3325498
3325638
3326381
3328154
3328292
3328418
3328428
3328540
3329154
3329385
3329483
3331991
3333525
3333742
3334004
3334606
3334849
3334933
3335506
3336103
3338156
3338169
3338207
3338502
3343571
3343766
3343806
3343862
3344555
3346013
3348093
3348145
3348905
3349430
3350213
3350691
3350897
3351714
3351939
3352731
3353094
3354049
3355814
3356250
3356451
3356798
3357172
3357266
3357714
3358344
3359480
3360591
3361074
3362041
3362674
3365787
3366108
3366374
3366765
3367254
3369907
3370062
3370182
3370203
3370754
3371065
3371424
3371449
3372193
3372816
3373658
3374484
3375483
3375861
3379017
3379263
3379688
3380042
3380045
3380069
3380863
3382046
3382105
3382342
3382810
3382986
3384197
3384711
3384819
3385614
3385851
3386788
3387113
3387587
3387836
3387984
3388595
3389652
3389829
3391394
3391440
3392310
3393167
3393371
3393746
3393857
3394098
3394436
3394693
3396164
3396224
3396238
3396457
3397760
3399103
3399366
3399805
3400190
3400240
3400498
3401372
3401779
3403468
3404660
3404726
3404934
3406709
3407084
3408222
3408702
3409514
3409833
3410207
3410969
3411547
3411755
3412106
3412803
3414174
3414362
3414363
3414677
3414680
3415700
3415968
3416036
3416171
3416396
3420062
3420560
3420684
3420701
3421621
3422764
3422945
3423063
3423234
3423479
3423964
3424152
3424455
3424558
3425186
3425980
3426440
3426531
3427956
3428391
3428543
3428651
3429013
3429515
3429645
3429684
3430405
3431501
3432098
3432520
3433045
3433249
3434847
3435008
3435709
3435969
3436735
3438255
3439104
3439109
3439434
3441412
3442421
3442752
3443183
3445198
3445650
3445940
3446436
3450366
3450601
3450878
3451429
3452619
3453105
3454487
3454761
3454998
3456590
3457156
3457397
3457688
3458593
3458874
3459104
3459240
3460298
3460394
3464899
3465263
3465275
3465287
3465640
3466150
3466478
3466565
3466828
3467000
3467001
3467746
3467960
3468799
3468817
3469192
3470668
3470903
3471670
3472628
3472887
3473424
3473678
3473718
3473729
3473777
3474296
3474511
3474617
3475153
3476267
3477139
3477596
3477628
3478198
3478416
3478958
3479402
3479428
3480900
3481673
3481860
3482141
3482777
3483196
3483309
3483412
3484475
3484664
3485484
3485781
3486393
3487207
3487562
3488996
3489653
3489783
3489950
3490351
3490772
3490791
3490898
3491427
3492383
3492867
3493436
3495183
3495349
3495496
3495744
3495759
3497540
3498328
3498415
3499072
3499401
3499674
3500411
3500445
3500625
3502088
3502120
3502463
3502860
3503326
3503425
3503587
3504086
3504268
3504883
3504974
3505618
3506348
3506621
3507111
3507206
3507226
3508809
3508909
3510148
3510592
3511077
3511079
3512803
3512952
3513256
3513990
3516540
3516925
3516933
3517150
3517517
3518941
3519460
3520031
3520500
3520776
3520953
3521384
3522320
3522508
3524248
3524542
3525033
3525574
3528139
3528405
3528514
3529864
3531415
3531868
3532572
3532957
3533751
3534318
3534370
3535001
3535046
3535316
3535564
3537030
3537994
3538016
3538340
3538577
3539078
3539108
3539463
3539493
3539856
3540589
3541200
3541217
3541331
3542702
3542851
3543671
3544046
3545291
3546126
3547162
3547513
3547709
3548180
3548372
3548731
3552162
3552715
3552746
3553367
3553515
3553813
3553922
3555285
3555557
3555760
3556211
3556347
3556580
3556979
3557001
3557351
3557747
3558752
3559467
3559730
3560089
3560877
3560970
3562206
3563406
3563599
3564543
3564557
3567681
3570102
3571364
3571522
3571570
3572007
3572835
3573269
3574520
3575177
3575973
3576194
3576323
3576424
3576685
3576767
3577334
3577736
3578531
3580545
3581044
3581414
3582404
3582747
3582759
3583692
3584174
3584582
3584705
3585242
3586048
3586191
3586335
3586612
3587399
3588613
3589384
3590096
3590466
3590518
3591442
3592300
3592576
3593268
3593487
3593786
3595453
3596034
3597137
3597140
3597999
3599159
3599402
3599884
3599981
3601806
3602369
3603171
3603400
3603436
3603758
3605274
3607372
3608380
3608948
3609451
3609741
3609863
3610947
3611293
3611378
3612007
3612808
3613595
3614967
3615378
3615916
3616192
3616370
3616465
3616601
3619250
3620467
3620780
3621116
3621133
3622463
3624428
3624789
3625472
3625568
3625824
3626485
3630264
3630429
3630791
3631908
3631981
3632063
3632202
3632731
3633389
3635846
3636381
3636562
3636779
3637790
3637808
3638422
3638654
3638846
3639716
3641332
3642552
3642734
3643010
3643781
3644195
3644292
3644472
3644994
3645340
3645583
3645851
3646385
3647898
3647957
3647977
3649768
3650198
3650883
3651032
3651691
3651865
3652021
3652999
3655622
3655957
3658739
3659178
3659410
3660320
3660901
3661149
3661683
3662116
3662693
3663114
3663437
3663705
3664653
3666960
3668390
3668845
3669183
3669647
3669919
3670646
3671265
3672668
3673455
3673903
3673919
3674032
3674230
3674412
3676493
3677149
3677631
3677985
3678199
3678429
3680003
3680110
3680119
3680441
3680666
3681024
3682037
3682937
3683348
3683491
3684525
3684762
3685515
3686271
3686766
3689252
3689502
3689711
3689809
3689902
3689954
3690983
3692387
3692424
3692869
3694823
3696132
3697128
3697318
3697687
3698083
3698265
3698523
3698801
3699236
3699563
3699583
3701836
3701895
3702402
3702575
3703243
3703270
3704260
3705779
3706078
3706515
3708688
3713396
3714778
3715389
3715990
3716023
3716586
3716951
3717517
3718309
3718458
3718977
3719594
3720013
3720301
3721504
3721711
3723313
3724026
3724112
3724328
3725584
3725896
3725946
3727202
3727341
3728139
3728420
3728430
3728574
3728650
3728853
3729734
3730284
3730846
3731107
3731858
3732685
3733104
3734606
3734625
3734874
3735025
3735044
3735418
3735475
3736055
3738160
3738203
3738515
3738589
3739202
3739808
3739852
3741025
3741899
3742401
3742461
3742717
3744462
3746163
3746360
3746451
3746503
3747700
3748390
3748552
3748623
3748639
3748907
3749076
3749077
3749378
3749557
3750119
3751933
3752110
3752269
3752510
3753102
3753141
3755311
3755555
3756143
3756792
3758288
3758473
3758791
3759660
3759692
3759727
3760243
3760738
3760751
3760935
3761525
3762179
3762647
3763770
3766930
3767561
3768901
3768919
3768958
3769071
3769825
3769895
3770489
3770577
3771189
3771315
3771849
3772236
3773206
3774007
3774097
3776375
3779267
3779874
3779990
3782184
3783353
3783924
3785052
3786010
3787320
3787680
3788551
3789017
3790562
3790802
3791024
3791352
3791865
3792383
3792912
3792968
3792996
3793071
3793556
3793591
3794371
3795142
3795262
3795292
3795297
3796394
3797546
3798054
3799420
3799508
3799571
3799625
3799681
3799975
3800240
3801671
3804214
3805012
3807437
3807590
3807956
3810012
3810073
3810109
3810505
3810630
3813629
3813827
3815115
3815506
3816088
3816156
3816850
3817369
3817764
3819619
3820187
3820457
3821008
3821512
3821644
3822473
3822644
3822978
3823110
3823134
3823419
3824077
3824249
3825526
3825547
3825865
3826738
3827189
3827301
3827790
3829278
3829437
3829641
3830944
3831168
3832690
3832834
3832902
3833240
3833300
3833649
3834535
3834541
3834752
3834945
3835055
3835564
3835925
3836676
3837452
3838918
3840209
3841178
3841612
3841760
3841959
3842430
3842976
3843128
3844685
3844834
3844999
3845116
3845317
3846075
3846521
3846823
3846879
3847510
3848578
3848581
3850418
3851106
3851224
3851974
3852017
3852328
3852742
3852947
3855497
3856597
3861918
3862815
3863335
3863633
3864477
3864841
3865426
3865527
3866101
3866843
3866963
3867937
3868305
3868462
3868941
3869332
3869534
3869574
3870787
3870796
3870916
3870945
3871030
3872041
3872219
3872421
3872914
3873448
3873985
3875575
3876811
3877033
3877251
3877362
3877771
3878290
3879640
3880391
3880740
3881358
3881746
3881981
3882240
3882374
3882675
3882802
3884231
3884245
3884874
3885906
3888687
3889949
3890027
3890618
3892640
3892725
3894359
3894798
3894902
3895002
3895567
3895701
3896144
3897699
3897762
3898885
3899129
3899519
3900096
3900864
3901306
3903333
3904170
3904397
3905814
3907504
3908235
3908297
3908484
3908926
3910163
3911460
3912875
3913296
3913537
3914339
3914411
3914939
3917511
3917863
3918396
3919509
3920699
3920786
3921038
3921143
3921381
3921469
3921487
3922134
3922646
3923975
3925521
3925621
3925740
3926158
3926568
3926958
3927615
3927665
3927994
3930471
3930839
3931244
3931451
3931782
3932206
3932547
3932753
3933013
3933635
3933735
3934187
3934426
3935266
3937128
3937338
3939505
3939637
3941052
3941468
3941619
3942781
3943456
3943566
3943987
3944013
3944338
3945024
3945038
3945765
3945968
3945970
3946606
3946978
3946989
3947417
3947866
3949578
3949660
3949861
3950594
3952454
3952703
3952917
3953261
3953306
3953464
3953794
3953796
3954055
3954384
3954542
3956235
3956965
3958845
3960605
3961427
3961695
3961906
3962004
3962470
3964308
3964990
3965345
3965356
3965660
3965802
3967265
3968024
3969072
3969468
3970603
3973466
3974608
3975055
3975848
3976577
3976661
3976918
3978520
3978797
3979505
3979915
3980397
3980558
3982074
3982442
3982667
3982733
3984684
3984880
3985767
3985816
3987814
3988577
3988910
3989749
3990684
3991204
3991240
3991503
3991572
3991684
3991899
3993028
3993064
3993385
3994639
3995380
3996331
3996457
3997059
3997171
3997681
3997763
3999205
3999468
3999780
4000526
4001139
4004997
4006336
4008466
4009112
4009135
4009380
4009716
4010572
4011391
4012127
4012299
4012316
4012436
4014814
4015163
4015902
4017557
4017945
4019854
4021087
