564
1115
1649
1685
2240
2615
2970
3363
3379
5389
6295
6401
8978
10646
11131
14076
14425
16819
17064
19167
19715
20368
21390
22762
23286
25163
30437
31027
31603
31812
31985
32384
33367
33797
34104
34398
35935
35961
37232
37412
38456
38884
39224
39343
39543
40821
41543
42712
42917
44363
47719
49149
49244
49872
51982
53445
53746
53827
54822
57252
58100
58289
58918
59909
60015
60954
61050
61519
62217
62522
63387
63447
63845
64633
66945
69697
70639
72526
73283
73729
76137
76516
80112
80917
81141
82505
83598
85721
87148
87410
88895
88976
89157
89272
89578
91916
91984
92254
92683
94479
95544
97765
98478
99643
100640
101624
104123
105382
107077
108084
108789
108846
109230
111664
112910
113233
114049
115754
116356
117122
117461
117559
119038
119380
123358
124381
125044
127555
127917
128271
129164
129674
130244
130255
132402
133765
133816
135898
136457
137725
137787
138119
138873
139447
140431
140700
142221
142312
142408
144052
144534
144715
145050
145315
147031
147069
149361
152268
153924
154976
155108
155954
156621
157084
157280
157461
160084
160183
161443
162356
164085
166406
166827
167715
167807
170903
171077
171549
172553
173241
173872
174669
175245
177761
178702
179385
179456
180067
181654
182205
182484
183813
183909
184950
185103
186403
187422
187491
189966
191631
193717
195543
195781
196479
199838
200564
201067
205011
205724
207484
208393
208680
209354
211074
212123
213210
213529
214382
214965
215444
216444
217531
219526
221538
221863
224888
225115
225133
226605
227553
229626
229882
230140
231378
233531
234214
234837
235311
235437
237450
237451
238708
242363
243163
245291
247254
247317
248338
250035
250400
251035
252067
253120
253196
253963
254651
255307
256680
260069
260400
260763
264201
264422
265038
265175
265620
265769
266789
267390
267574
268045
268517
269671
270894
271066
273215
273709
273781
279506
279975
281094
281798
282319
283165
285230
286697
289032
289119
290159
290576
290865
291043
291430
291709
291904
293254
294345
295536
295643
297719
297846
297944
297961
299816
300137
300756
304814
305699
307588
307630
309171
311445
312055
312210
312509
314620
316472
316525
317097
318897
319978
320379
322124
322585
323500
323618
323861
323980
324254
324492
325130
325279
325605
325756
328250
328823
328858
329217
330720
331478
331542
332571
333386
334523
334579
335920
336303
337948
337973
339415
342887
343607
344895
345195
345255
345676
346025
347651
347806
347940
348131
348326
348584
350261
350416
352832
356096
357463
358309
358764
359981
360064
360364
362137
362978
364448
364959
365274
365699
366073
366473
366639
367649
368748
370198
370229
371558
372230
373174
374667
375087
379061
379409
379689
380448
380524
380560
381837
383385
383424
383569
383736
384671
385463
385762
385958
386401
387300
388091
388183
389577
390041
392271
392810
394116
394804
396018
398723
399262
399482
399564
400025
400729
401521
401580
401751
402256
402427
403432
403987
404121
404248
405884
407780
408967
410742
411358
411698
411835
413234
413701
413810
414124
416809
417133
417207
417670
417897
418711
418897
419283
420075
423106
423246
426535
426828
427403
428297
429200
429538
429575
430155
431647
431938
432410
432588
433584
436267
436510
436959
438472
441107
441462
441814
444940
445092
445900
446423
447369
448808
448889
449116
449425
450952
451672
454138
455097
456504
457395
460300
460804
461003
462815
462879
463875
464935
467093
467878
468140
468217
468769
468999
469184
470393
472164
472939
473656
474635
475384
475820
477776
480315
480710
481319
482064
483745
484168
484589
484808
485898
487206
487324
487697
491316
491606
495187
496215
496896
500080
500319
500515
501446
502474
503297
504833
507773
510230
514269
514903
517899
518057
518539
518577
521100
521656
521828
522405
523155
524205
525118
525173
526384
526605
527233
527569
528839
529902
530921
531779
532053
534675
535247
535669
537249
537354
538164
538439
538831
540605
542255
542356
542595
543343
543366
543684
544304
544931
546102
548191
550241
552252
553244
553655
554715
557254
557743
559069
560744
562095
567926
568427
568542
568564
570180
570186
570207
570472
570498
570680
570867
572109
575164
576304
576795
579157
580137
582801
583457
584051
586233
586380
586597
586694
587112
588930
589569
589585
590160
590959
592678
593071
594174
595149
595639
595749
596839
600415
600617
600995
602628
603056
603233
603357
603751
603825
605702
606449
606527
609799
609835
610772
611017
611377
612928
613059
615628
616757
618142
619007
619875
622669
623492
624830
625365
625618
625800
625864
626074
626680
626744
626932
627582
630422
631897
633722
634156
634217
637197
637570
639018
639456
639471
639560
640725
642510
644873
645092
646201
647434
647516
647803
648539
649086
650015
650695
650927
652244
652806
653450
655459
657145
659184
662142
662334
662504
662823
662897
663623
664917
667198
668738
669344
671021
671893
672607
672816
673175
673206
674466
674800
676044
676551
679728
680459
680669
681144
681574
682192
682362
682464
686071
686707
687355
688983
691804
692457
692473
693575
693823
695567
698127
698239
698603
700308
700331
701634
702046
702913
704020
704429
704910
705336
705345
705839
706174
706363
707233
707384
707805
707952
708150
708666
708747
709854
710867
711903
714701
715237
716226
717150
717490
718576
723250
725004
725919
726010
726165
726563
727016
728561
729417
730640
733150
735554
736855
738709
741826
742783
743451
744274
744855
745319
745918
748373
750219
751681
751856
752135
752246
753181
753233
754246
754935
755048
755297
755390
757225
757675
757852
758616
760332
760931
761860
761922
763719
764382
764905
765359
765666
767423
767568
767829
768545
768563
768929
769289
769308
769757
771565
772600
772621
773276
773312
774746
775866
776058
777839
779722
781077
781500
782393
783149
783342
785108
785948
787574
787609
788313
789001
790519
790557
791346
791993
792056
792198
792667
793341
793940
795606
796609
796680
797466
797761
799013
799194
799940
800326
800503
800864
800917
801385
802421
803090
803806
804629
806132
806479
807523
808855
808909
810425
810628
812348
813437
816484
817574
817827
817839
817973
818653
818811
818987
819208
819444
822831
822984
823314
823608
827935
828471
829323
830279
831334
831532
832681
832997
833142
833641
834536
834835
835148
835419
838894
839431
840334
841228
842782
843166
843964
845254
846480
847027
847208
848455
849235
849377
849812
850614
852652
853976
856722
858089
858980
859795
860547
861772
861803
862242
863224
863519
864586
864858
865921
866662
867435
867647
868733
869745
870072
873225
873363
876890
877324
877665
877824
878289
878716
880873
881278
881929
881990
884153
884403
888314
891079
891244
891335
892469
892697
893491
893733
894083
895697
898012
899828
899925
901927
902081
902340
903366
903661
904042
904830
904842
905155
905306
906069
908864
912732
912982
913560
914020
915061
915648
916408
919009
919587
920350
922219
922562
922582
922896
923393
924395
924889
924906
925663
926605
926935
929251
930012
930239
930508
930738
930921
931010
932363
935243
936441
943630
945017
945086
945196
945757
946371
947698
949046
950122
950726
950914
953595
953896
954537
954599
956677
957055
959647
962767
963905
965495
965624
966514
969321
970262
971795
972588
973341
973805
975859
976310
976311
976688
976889
977481
977491
977657
978426
979778
980917
982563
983695
984670
985024
987080
988554
988563
989295
989330
991212
991306
991956
992500
993088
993259
994374
994410
995109
995997
996501
997160
998336
999087
999393
999521
999885
999952
1000818
1001045
1001567
1001834
1003941
1004004
1005159
1005420
1005889
1006946
1008899
1009263
1009913
1009962
1010350
1010587
1011337
1012497
1012646
1014223
1014817
1014922
1015744
1015990
1016632
1016918
1017315
1019278
1019686
1019992
1020288
1021080
1022510
1022844
1023719
1024506
1025679
1026575
1027022
1028866
1030522
1032726
1032820
1033098
1035364
1035413
1035849
1036979
1037305
1039943
1039979
1040209
1040287
1041182
1043332
1045176
1045526
1046749
1048177
1048277
1050719
1054595
1054672
1056456
1058432
1059173
1059398
1060751
1060835
1061113
1061234
1061643
1062152
1062357
1062358
1062698
1062760
1062914
1062994
1063308
1064140
1064157
1064175
1064316
1066415
1067893
1068697
1069761
1069939
1070091
1070164
1073635
1073978
1077815
1078191
1080687
1083104
1083898
1084016
1084716
1086159
1088836
1090522
1090534
1090658
1093666
1094644
1096078
1096950
1096985
1097569
1097733
1098603
1098803
1099750
1099761
1099795
1099990
1100033
1100158
1100824
1101922
1102235
1103924
1104094
1104272
1104872
1107055
1107356
1108039
1110309
1110558
1110788
1112168
1114404
1115234
1115266
1115498
1116057
1117979
1118310
1119034
1120655
1121341
1122537
1122886
1125375
1125510
1128747
1129569
1130418
1131747
1131917
1132042
1135019
1136749
1139469
1139701
1140949
1142204
1142783
1144360
1147093
1147116
1147823
1147841
1148827
1149795
1151011
1151507
1152043
1153739
1155655
1157006
1157077
1157573
1157998
1159142
1159643
1159962
1161668
1162803
1163359
1163581
1163998
1164779
1165009
1165644
1167941
1168498
1169432
1169467
1170619
1172326
1172564
1173497
1174124
1175332
1175901
1176484
1176881
1177787
1178733
1178841
1179448
1180658
1181040
1182167
1182467
1182777
1183200
1183203
1183511
1186053
1186271
1186415
1186463
1189371
1190053
1190453
1190626
1192937
1192959
1196961
1198785
1198821
1199364
1199743
1199762
1200521
1200914
1201690
1203861
1203951
1204385
1205007
1205387
1206415
1207945
1209832
1210239
1213023
1213076
1213097
1213202
1213880
1214410
1215251
1216112
1216231
1216237
1217552
1218182
1218254
1219198
1219949
1220372
1220546
1220804
1221030
1221473
1222455
1222767
1224015
1224200
1224681
1224959
1226377
1226540
1226715
1228172
1228275
1229514
1229740
1230201
1230772
1232467
1232619
1232675
1233170
1234214
1234289
1235883
1236732
1236854
1236865
1237279
1237347
1238836
1239095
1242760
1243117
1243599
1245119
1245427
1246063
1246490
1247121
1248464
1248695
1249445
1251191
1251256
1252688
1255395
1257572
1260602
1261078
1261481
1264489
1265071
1266315
1266613
1266639
1267451
1267726
1268467
1268820
1270542
1270697
1271057
1272272
1273195
1274504
1274606
1275263
1278940
1279173
1279403
1280856
1281012
1283328
1283990
1288421
1289119
1289740
1289770
1290657
1290833
1291069
1291384
1293491
1294552
1294796
1295194
1295477
1297215
1297289
1299145
1300051
1300085
1300212
1300391
1301543
1302397
1302907
1304039
1304607
1304723
1304915
1304940
1305015
1305319
1305839
1308440
1308938
1309689
1311260
1312738
1313582
1314428
1314543
1314941
1315722
1319165
1319586
1320732
1321477
1325466
1328166
1328996
1330492
1333754
1335666
1335885
1336161
1336684
1337816
1338222
1338533
1339512
1340105
1340168
1341052
1341774
1341960
1342089
1342570
1343050
1345079
1345163
1345295
1345721
1346061
1346342
1346767
1347187
1347855
1349515
1350461
1350699
1351447
1352151
1353372
1359667
1360132
1360245
1361381
1362769
1364466
1364538
1365330
1365919
1366271
1368514
1368771
1371162
1372106
1373034
1373628
1373763
1376831
1378574
1378665
1380526
1381855
1383325
1385234
1386668
1386957
1388340
1389336
1391646
1391785
1393405
1393857
1395469
1396972
1398588
1398633
1400674
1401453
1401757
1401934
1402263
1402292
1402835
1403132
1403578
1404217
1406154
1409224
1409737
1409774
1410444
1410647
1411539
1411599
1412688
1413318
1413347
1417752
1419247
1420025
1420882
1421721
1422364
1422463
1422625
1423994
1425437
1425772
1431099
1433583
1434013
1434143
1436357
1436638
1437119
1437539
1437866
1437975
1438495
1439785
1441551
1442600
1442714
1444644
1444904
1445485
1445512
1445622
1446725
1447620
1448434
1448453
1449352
1453290
1453590
1454204
1454436
1455042
1455990
1456034
1456433
1456712
1457271
1457438
1461423
1462611
1463372
1464364
1466094
1466142
1467016
1470337
1471692
1471943
1475644
1477802
1478240
1479916
1481772
1481939
1481980
1482550
1484179
1484298
1484527
1484899
1485021
1485231
1485282
1486004
1486242
1486990
1487343
1487640
1487761
1487777
1488393
1489039
1489320
1492430
1492703
1492749
1494205
1495510
1495883
1496455
1496690
1497173
1500149
1500650
1503771
1504306
1506407
1509045
1512394
1512946
1513995
1514176
1514288
1516287
1516673
1518887
1519972
1520541
1522435
1522908
1523632
1524758
1527782
1528180
1530691
1531382
1531687
1531773
1531807
1532711
1533020
1534259
1535009
1535184
1535798
1537214
1537802
1538613
1538631
1538682
1539399
1539462
1539997
1540523
1540922
1542113
1543224
1543673
1544497
1544788
1545057
1545857
1546846
1548237
1549319
1550893
1551064
1553922
1554137
1555858
1556022
1556737
1557535
1557618
1557995
1559940
1560202
1560479
1561600
1563046
1564032
1564693
1564914
1567467
1568210
1569522
1569532
1570146
1570394
1570838
1573971
1574068
1574259
1576116
1576739
1576962
1578714
1578822
1581604
1586519
1587083
1588220
1588789
1592271
1593059
1594568
1595038
1595571
1597802
1600108
1603402
1603418
1603477
1603930
1605381
1605450
1605496
1605975
1608622
1608839
1610515
1610807
1610858
1611036
1611089
1611335
1611483
1612236
1612378
1612917
1613469
1613973
1615592
1615844
1616189
1617273
1617551
1621679
1622114
1622421
1622905
1622946
1624939
1625270
1625799
1627763
1628599
1629457
1630057
1633819
1634136
1636115
1636957
1637907
1639493
1644482
1650026
1652903
1654122
1654375
1654465
1656474
1657682
1662105
1662788
1663088
1663771
1664032
1666365
1667272
1668319
1668598
1669050
1669709
1670130
1672778
1673188
1674395
1674873
1675976
1676036
1676615
1677257
1678490
1680306
1680755
1683270
1684355
1687469
1687917
1688412
1688963
1689018
1690337
1692851
1693652
1695963
1696190
1697301
1698987
1700879
1701100
1702188
1705651
1706269
1709011
1709039
1709292
1710321
1710365
1714639
1714869
1715603
1716399
1718598
1718834
1719586
1723098
1723294
1724534
1725005
1725339
1725793
1728182
1728225
1728241
1729457
1732658
1732752
1733032
1733125
1733888
1735166
1735610
1736596
1737693
1738411
1738530
1739540
1739888
1740507
1741056
1742229
1743381
1745104
1746305
1746545
1746830
1747026
1747178
1747744
1748635
1751591
1751651
1753042
1753291
1753682
1753941
1754599
1755911
1756686
1756926
1758104
1759784
1760794
1761194
1765276
1765612
1769349
1770244
1770983
1771605
1771639
1771658
1771889
1772745
1773110
1774144
1774691
1777601
1777789
1778189
1779874
1780800
1781380
1787771
1788777
1789951
1792084
1792533
1793196
1793458
1793510
1793607
1793727
1795787
1795809
1796208
1798086
1798203
1799246
1799504
1800188
1802676
1803390
1803737
1804665
1805462
1805544
1809789
1809849
1811178
1812336
1812338
1812659
1813261
1813330
1814503
1814559
1815115
1815286
1815302
1815632
1815763
1816510
1817109
1820479
1821043
1822395
1822974
1823509
1826430
1828427
1828564
1828920
1828927
1828994
1830182
1830449
1831533
1832335
1832871
1835191
1836153
1840615
1841578
1841925
1842553
1843546
1844339
1844901
1844936
1847418
1848339
1850058
1851681
1852744
1852841
1852911
1857911
1860044
1860137
1860189
1861935
1864730
1864761
1864827
1866906
1867519
1868245
1868283
1868776
1872067
1872504
1872729
1872772
1872782
1873933
1877765
1878075
1878276
1878723
1878856
1878922
1879569
1879945
1880014
1882036
1882217
1882364
1882605
1883191
1884108
1885655
1886418
1887202
1887586
1888168
1891541
1892738
1893348
1893870
1894308
1895481
1895499
1896128
1896688
1897713
1900174
1900477
1900578
1902102
1903993
1905680
1906320
1908573
1908810
1909661
1910476
1911465
1911738
1912394
1912647
1914102
1914387
1914488
1915880
1915933
1918450
1919500
1919834
1921736
1921903
1922375
1923063
1925223
1926341
1927463
1927614
1930182
1930447
1930836
1931000
1932558
1932866
1933448
1933853
1934931
1936036
1937206
1938337
1939040
1941438
1942289
1942395
1942499
1943019
1943610
1943649
1944839
1948145
1948190
1949135
1949940
1950211
1950896
1951013
1951151
1952877
1952965
1953293
1953743
1956302
1959035
1959082
1959801
1960300
1960851
1961542
1961740
1964661
1965035
1965713
1966247
1966382
1969649
1969825
1970039
1970557
1971566
1971928
1971954
1973759
1977296
1977788
1977810
1978489
1979101
1979667
1979930
1980077
1980828
1981510
1982380
1985713
1986174
1987191
1990569
1991219
1991359
1991623
1992006
1993610
1994426
1994460
1995179
1996709
1997115
1997122
1999028
2001041
2003075
2003776
2004506
2004732
2008458
2008609
2010560
2011522
2011614
2012816
2013518
2013906
2013938
2014917
2015301
2015951
2016108
2016281
2016652
2017107
2017409
2019939
2020298
2020838
2022174
2022745
2023977
2024257
2026201
2026237
2026564
2027957
2028325
2028973
2030803
2032792
2034328
2036800
2038950
2039857
2039870
2041410
2041889
2041921
2042976
2042996
2045319
2046613
2048780
2049021
2051352
2054953
2055539
2055572
2055759
2056741
2057128
2057624
2057911
2058169
2059142
2059210
2059437
2060464
2061892
2062666
2063512
2063649
2066290
2066394
2067150
2067764
2067947
2068236
2068689
2069867
2070174
2070498
2072931
2073656
2074023
2074162
2075310
2076345
2077161
2077321
2077804
2080355
2081008
2081993
2082296
2082325
2082405
2083878
2084139
2084939
2085395
2085779
2086935
2087100
2087524
2088294
2088488
2089730
2090600
2092981
2095489
2095842
2096838
2099359
2102039
2102353
2102619
2102969
2104288
2104840
2110992
2111715
2112338
2112839
2113509
2114110
2118984
2120319
2122194
2122710
2123482
2123670
2124365
2124377
2125491
2126247
2128510
2128966
2129471
2132198
2132250
2132401
2132582
2132721
2135545
2135841
2136800
2136837
2136976
2137173
2137845
2138682
2139359
2141308
2141454
2142154
2142708
2144136
2144637
2144956
2146115
2146962
2147585
2147645
2150967
2151094
2151477
2152087
2152367
2154679
2155218
2156622
2157001
2158904
2159000
2159534
2159886
2161654
2163768
2166003
2166048
2166074
2167155
2167532
2168037
2168944
2169510
2170223
2171938
2172498
2174882
2175167
2175394
2178058
2178455
2178576
2178642
2179130
2180518
2181752
2182221
2182733
2182985
2183525
2183749
2184049
2184815
2185054
2185930
2186041
2186412
2186768
2187712
2189404
2191983
2192025
2192183
2192288
2193879
2194393
2194762
2195038
2195406
2195859
2196432
2200052
2201472
2204038
2204358
2204638
2205184
2207084
2207645
2208507
2208685
2208919
2210411
2211022
2213341
2214128
2214917
2214970
2215762
2215871
2216275
2216285
2217897
2218077
2218230
2220347
2220957
2222373
2222972
2223068
2224462
2225657
2226206
2226430
2226902
2227566
2227705
2229066
2229112
2229276
2229835
2231908
2234580
2234980
2236189
2236508
2237094
2237975
2238541
2239022
2239353
2239879
2242102
2243545
2243872
2245243
2246170
2246291
2246351
2246453
2247273
2248721
2250495
2252335
2252767
2252769
2252961
2255202
2256382
2256640
2256825
2256828
2257841
2258290
2258907
2259878
2261112
2261637
2261762
2264061
2264639
2266568
2266872
2266972
2267187
2267208
2268199
2269022
2270244
2271615
2271687
2273419
2274525
2274868
2276107
2276141
2277274
2278112
2280616
2284267
2284736
2285082
2286000
2286339
2288760
2289346
2290252
2291099
2291369
2291827
2292134
2293531
2293671
2294402
2295258
2296208
2297886
2298303
2301173
2302420
2303120
2303727
2304068
2304260
2304643
2306863
2308852
2308973
2310666
2310669
2313614
2315644
2315984
2316326
2317543
2319264
2320994
2321982
2324757
2326202
2327473
2328375
2328767
2330805
2331372
2332931
2335697
2337947
2338166
2339786
2342913
2342946
2344011
2347390
2348188
2349060
2349139
2349356
2349797
2350345
2350740
2352382
2352757
2353502
2355591
2356663
2358263
2358571
2359639
2359949
2360262
2361637
2366399
2367257
2368637
2369701
2369793
2371591
2371756
2373009
2373300
2374122
2374791
2377529
2377608
2378227
2378330
2380264
2381338
2381457
2382225
2383137
2383898
2384298
2385185
2386415
2386854
2387036
2388081
2388227
2388338
2389159
2390495
2390496
2390726
2391049
2391278
2391375
2391390
2391564
2392036
2392167
2393184
2393729
2394881
2395176
2395916
2396681
2396982
2397048
2397265
2397377
2397379
2401772
2402042
2404568
2406233
2406356
2407017
2408437
2409028
2409542
2410431
2410517
2410705
2412884
2415469
2416507
2416577
2418559
2419920
2420076
2421047
2422347
2422439
2423120
2423984
2424280
2424463
2425888
2426194
2426557
2426580
2426684
2427967
2430183
2430838
2431177
2431203
2431870
2432666
2433040
2433551
2433806
2433842
2435163
2435530
2435932
2435934
2437015
2440267
2441971
2445704
2445740
2446913
2448471
2448702
2449444
2449740
2450611
2451070
2452095
2453829
2454145
2455100
2455140
2455341
2455505
2455852
2457915
2459336
2462274
2463255
2464996
2466695
2468069
2468151
2469067
2470365
2471379
2473873
2474743
2477561
2478049
2479094
2479168
2479701
2479959
2480346
2480645
2481307
2482135
2482140
2485530
2486110
2487984
2488956
2490052
2490115
2490341
2490541
2491745
2492067
2492164
2493049
2493884
2493958
2495211
2496388
2499438
2500563
2502272
2504024
2504216
2504305
2504890
2505028
2506225
2506325
2507579
2507791
2508119
2508929
2510890
2511031
2511525
2511572
2512274
2512770
2516333
2517109
2517875
2520134
2520511
2520607
2522007
2522541
2523012
2524480
2524516
2524713
2526370
2526555
2526580
2527252
2528326
2528976
2530135
2530639
2530827
2531693
2531774
2531946
2534536
2535044
2535276
2535557
2535900
2536990
2537971
2538994
2539357
2540596
2542268
2542344
2543885
2545033
2545738
2546608
2546822
2547267
2548611
2549092
2551129
2551606
2552637
2553482
2555328
2556401
2557979
2558294
2558456
2560728
2560970
2561156
2561953
2563211
2563478
2565673
2567125
2567379
2570900
2571555
2572080
2572805
2573192
2573413
2573811
2574403
2574719
2576072
2576935
2577775
2577831
2578504
2579100
2581847
2583281
2584284
2585407
2586845
2586926
2587377
2590226
2590975
2592757
2595169
2595970
2596573
2596657
2596900
2598989
2599123
2599321
2600186
2601253
2602178
2602650
2604068
2605013
2605596
2608945
2610596
2612132
2613018
2613089
2613457
2613681
2615483
2616217
2616352
2617201
2617990
2618084
2618326
2619997
2620399
2620534
2622637
2622710
2623285
2623498
2623674
2624497
2626070
2626880
2627422
2627615
2632539
2632800
2636166
2636464
2636732
2637705
2637888
2637939
2638951
2639502
2639711
2640151
2641157
2641331
2642271
2643944
2643977
2646219
2647265
2647558
2649615
2651777
2652477
2652542
2654694
2657784
2658560
2658927
2659624
2660774
2662024
2662112
2662221
2662334
2663921
2664282
2664950
2665541
2665544
2665843
2666344
2666414
2667200
2667603
2667759
2667898
2669158
2669663
2669872
2672865
2673237
2673392
2673763
2676682
2676933
2677269
2677616
2677659
2679371
2679929
2681035
2681047
2682068
2682374
2682399
2682909
2684252
2685686
2686159
2686242
2687131
2688583
2689083
2689399
2692080
2692633
2693310
2694544
2694577
2696996
2697221
2699677
2700475
2700845
2701017
2701913
2702106
2702557
2703331
2703749
2706963
2707293
2708150
2708296
2709686
2711142
2711880
2712934
2713099
2716026
2716101
2716224
2717530
2717693
2718258
2718343
2719129
2720488
2721389
2722887
2723466
2724141
2724430
2724575
2724713
2725009
2725608
2727536
2727538
2729075
2730823
2730836
2730855
2730881
2731286
2732320
2733316
2733523
2734148
2734621
2735719
2736112
2736561
2736932
2737095
2737292
2739624
2740499
2741481
2741734
2742262
2742765
2743326
2744040
2745458
2745615
2746989
2748577
2748681
2749143
2749383
2749592
2749985
2750062
2751047
2751849
2753392
2753924
2755113
2756020
2756931
2762613
2763400
2764040
2764637
2764771
2764923
2766276
2766490
2768097
2768252
2768695
2769919
2772594
2773048
2774071
2776552
2776840
2776924
2777132
2778048
2779038
2782090
2782123
2783580
2783948
2784077
2784689
2785113
2785478
2787671
2787927
2788031
2788178
2788602
2789000
2789346
2790141
2790411
2790568
2791283
2791804
2792770
2793345
2795281
2795555
2795988
2796094
2799463
2800381
2800628
2801368
2801445
2802350
2802545
2805497
2806061
2807504
2808239
2809435
2810915
2811079
2811462
2811487
2812900
2813305
2813868
2814090
2814091
2814295
2814879
2814926
2815060
2816670
2817494
2819170
2819441
2819596
2820660
2822933
2823784
2824190
2825203
2826796
2828303
2828394
2830295
2831522
2832480
2833634
2833860
2834896
2835910
2836902
2837449
2837495
2839631
2840926
2841126
2842068
2843354
2844566
2846793
2847428
2848801
2849520
2850216
2851416
2853495
2855058
2855677
2857544
2859861
2860094
2860190
2860690
2861540
2862247
2863028
2864185
2864206
2864385
2865226
2865330
2865744
2866125
2868502
2868787
2868984
2869350
2869356
2870232
2871766
2872148
2872600
2872677
2872801
2874935
2875203
2878474
2878624
2879409
2879660
2880612
2880861
2880992
2881966
2882062
2882279
2882684
2883653
2884439
2884466
2887419
2888324
2892719
2892923
2893273
2895525
2896623
2898337
2898472
2899539
2900830
2901369
2902071
2902386
2902464
2902851
2903234
2903446
2904222
2904843
2904846
2904921
2905703
2907311
2907614
2907846
2907988
2908484
2909043
2909119
2909135
2909880
2909893
2910712
2911621
2911665
2912868
2912881
2915071
2915696
2915767
2915811
2916222
2917291
2918107
2918615
2919246
2919319
2919336
2920357
2928861
2929477
2934582
2936416
2937356
2937398
2938746
2939045
2939214
2939604
2939679
2940196
2941204
2941855
2942387
2943071
2943890
2944038
2945685
2945765
2946515
2947159
2947651
2948187
2950110
2950385
2951685
2951688
2952423
2952828
2953492
2954356
2956063
2956618
2956805
2956857
2957240
2958057
2959014
2960289
2960803
2962503
2962947
2965075
2965289
2965540
2967124
2967541
2968203
2968616
2968975
2969824
2969884
2970197
2970477
2971826
2973849
2976414
2976418
2977008
2979336
2980054
2980658
2986657
2990102
2990421
2990669
2991308
2991688
2992071
2997058
2998394
2999439
3000870
3002020
3003169
3003507
3003625
3004763
3004799
3006533
3007207
3008327
3009233
3011167
3011192
3011829
3011916
3012384
3013242
3013293
3013405
3013610
3013924
3015478
3016147
3016541
3017517
3019165
3020722
3021180
3021227
3021245
3021791
3022888
3023595
3024535
3024973
3025269
3025979
3026759
3027368
3031021
3032037
3032308
3032379
3033349
3034872
3035614
3035758
3036453
3039259
3039586
3040651
3040878
3040960
3041731
3042143
3044258
3048073
3048175
3048232
3048277
3048492
3050172
3050504
3050851
3051427
3055364
3055719
3056739
3056812
3057957
3058180
3060156
3061387
3061556
3062128
3062505
3062987
3064187
3064438
3066477
3066558
3067072
3068340
3070163
3070179
3070449
3070830
3070897
3071044
3071782
3073994
3076032
3076777
3077132
3077254
3077865
3077958
3078075
3078150
3078636
3078685
3079894
3080018
3080901
3081210
3083004
3085227
3085954
3085989
3087167
3089032
3089117
3089776
3090862
3091986
3093547
3093600
3094716
3095296
3095318
3096753
3097599
3098140
3098498
3098916
3099171
3099679
3100939
3101479
3102880
3104709
3104766
3108363
3109121
3109146
3109831
3110297
3110829
3110902
3113326
3113330
3114488
3114661
3116056
3118182
3120091
3121929
3123524
3125745
3127120
3127421
3128778
3129633
3130662
3131133
3133157
3133232
3134081
3134925
3136283
3136453
3139815
3140183
3141902
3143474
3143690
3143717
3144727
3146043
3146216
3146346
3146478
3146539
3146548
3147148
3148531
3149091
3150880
3151983
3152707
3152714
3153813
3154045
3156686
3156860
3157965
3158243
3158413
3158540
3158976
3160922
3161392
3161519
3162907
3165005
3165354
3165756
3167121
3167830
3168989
3169575
3175698
3176042
3177449
3178914
3184566
3185090
3186240
3186276
3186351
3186835
3188783
3190242
3190311
3191260
3191565
3192755
3193173
3193349
3195005
3195007
3198637
3199336
3199436
3201120
3201560
3202270
3204380
3205532
3207340
3207662
3211359
3213745
3214579
3218673
3218978
3219154
3219655
3222761
3225392
3226589
3226613
3227146
3227304
3227666
3227968
3227993
3228050
3228200
3228220
3228317
3228475
3228557
3230044
3232483
3233510
3233617
3233918
3234045
3234248
3234793
3238157
3240124
3245830
3246672
3247348
3247765
3249280
3249721
3249742
3249969
3253207
3253566
3254025
3254697
3256654
3257923
3258495
3259082
3259266
3261996
3262553
3262928
3263143
3264461
3265651
3265765
3265784
3270164
3270320
3270464
3270571
3270888
3271950
3274682
3276010
3276778
3278529
3279447
3280657
3281378
3283022
3283945
3284474
3284991
3285090
3287347
3288295
3290199
3290597
3291313
3293004
3293798
3295080
3295595
3297324
3298165
3298283
3299174
3299977
3300861
3302221
3302267
3305055
3305158
3305669
3306866
3308272
3310610
3310905
3312638
3313950
3314259
3315210
3315899
3315978
3316277
3317278
3318008
3319931
3320399
3321704
3322921
3324800
3325085
3325830
3326695
3327337
3327433
3327882
3328099
3329462
3329606
3329649
3329892
3330123
3331976
3332288
3332890
3333443
3334561
3337087
3337171
3339464
3339938
3340343
3341056
3341397
3341428
3341593
3344562
3345668
3347259
3348571
3349388
3349748
3349863
3351057
3351297
3352145
3352424
3352990
3354346
3354478
3355313
3356701
3356879
3357356
3358585
3360260
3361618
3362360
3363216
3363347
3364064
3365174
3366250
3366955
3367619
3369367
3371936
3372944
3373674
3373920
3374286
3374545
3375167
3379435
3379486
3380026
3380159
3380782
3381408
3381417
3382319
3382969
3383469
3383602
3384508
3386878
3388224
3389016
3390516
3391279
3391927
3392787
3396094
3396992
3397337
3399115
3399235
3399741
3400664
3401385
3404272
3405279
3407353
3409773
3410004
3411045
3411080
3412460
3412572
3414279
3414739
3415322
3415412
3416230
3417109
3417450
3417540
3418029
3418400
3418406
3418611
3419041
3420743
3421505
3422588
3422679
3424271
3424554
3425617
3425706
3427034
3427128
3428931
3429811
3430293
3430336
3431294
3434392
3434744
3436542
3437548
3438588
3439589
3439732
3439876
3440517
3440643
3441551
3441950
3441962
3443171
3443671
3445069
3445513
3446013
3446447
3448064
3450126
3450272
3450829
3452415
3452572
3453555
3454970
3457606
3458333
3458719
3459392
3462574
3462810
3463054
3463963
3464244
3465136
3465193
3465553
3465792
3467415
3467834
3469330
3471016
3471330
3472038
3473201
3475042
3477792
3478317
3481847
3482226
3483306
3483450
3487216
3487846
3490971
3493767
3494045
3494642
3495409
3496832
3497072
3498942
3499237
3499671
3499729
3500016
3500685
3500776
3500897
3501216
3501676
3502766
3503142
3503327
3503736
3503883
3504847
3508006
3509509
3511351
3514698
3516642
3518538
3520798
3521433
3522412
3522954
3523126
3523783
3524291
3524992
3525416
3527037
3527848
3529234
3529515
3530001
3530056
3530246
3530981
3531587
3532021
3532132
3532528
3534300
3534444
3534618
3535228
3535307
3535850
3535890
3537170
3538941
3539340
3541376
3542028
3542295
3542885
3543724
3544308
3545045
3545740
3545768
3546281
3546515
3546618
3548003
3548536
3548623
3549013
3549206
3550837
3553263
3553535
3553577
3555447
3555776
3556037
3556290
3556766
3558194
3559678
3561793
3562456
3563078
3563995
3565526
3566019
3566815
3566957
3567024
3567870
3568484
3568496
3569058
3569592
3572050
3573061
3574662
3575037
3575300
3576343
3576364
3576409
3576493
3576794
3577451
3577749
3578511
3579168
3581539
3581957
3584026
3584730
3587799
3589766
3590166
3590690
3591518
3593217
3593535
3593583
3593852
3594494
3594927
3595274
3595948
3597060
3597216
3598615
3600154
3601703
3602636
3604825
3604938
3608100
3608532
3608974
3610448
3611002
3612332
3612586
3613326
3614043
3614110
3617287
3617835
3619026
3620444
3620767
3621848
3622253
3624330
3628070
3628576
3629527
3629987
3630151
3630488
3631922
3632162
3632314
3634504
3635529
3636199
3637101
3637265
3637470
3640258
3640947
3641589
3642319
3645112
3645912
3645919
3646954
3647706
3649304
3649641
3650757
3650841
3650913
3652174
3652522
3653405
3653530
3653536
3654477
3655055
3656710
3657506
3657662
3659060
3660664
3660773
3661570
3662271
3662715
3662884
3663791
3665790
3666083
3666796
3667810
3668029
3668066
3670228
3670759
3672230
3672289
3672759
3673089
3674891
3675624
3678100
3679486
3680923
3681401
3683027
3683612
3684127
3685175
3685208
3685491
3685692
3685870
3686430
3686946
3688078
3689126
3690175
3690872
3692446
3692483
3692488
3692696
3693552
3694331
3695998
3696991
3697343
3698977
3700918
3701560
3702172
3702476
3702557
3703871
3706068
3706322
3709707
3710895
3712479
3712925
3714710
3715467
3717904
3720883
3722590
3726774
3728656
3731333
3734066
3735488
3736944
3737182
3737332
3737848
3738701
3741063
3742031
3742919
3744086
3744619
3746239
3746432
3747430
3748674
3748864
3749683
3751065
3752573
3753323
3755624
3756924
3758550
3758852
3759412
3759666
3759671
3760126
3762352
3762503
3763712
3766159
3766246
3766450
3767410
3768675
3768737
3769465
3769958
3770404
3771020
3773280
3775142
3776058
3777831
3779622
3779715
3780269
3780464
3781153
3781327
3781435
3782068
3783540
3784542
3786043
3786935
3788445
3790625
3792249
3793050
3793826
3794097
3794250
3794519
3796325
3796829
3798192
3798365
3798378
3798446
3799435
3800102
3801543
3803519
3803525
3804809
3804861
3805193
3806230
3806896
3806976
3807839
3808265
3808804
3810982
3810985
3811845
3812933
3813387
3813709
3813980
3815249
3815257
3815529
3816159
3818113
3820400
3820689
3821057
3821377
3823457
3823704
3828229
3828256
3829945
3831531
3832661
3833709
3834174
3834211
3835211
3836656
3836931
3837877
3840834
3841159
3843296
3844033
3845769
3846268
3847784
3849034
3851661
3852792
3853551
3853924
3855772
3857409
3859396
3859871
3860412
3861242
3861540
3861839
3863108
3865947
3866231
3867072
3867654
3867767
3868539
3868689
3869925
3870311
3870695
3873720
3877850
3880119
3880340
3880543
3880544
3880664
3880804
3881039
3881464
3884407
3884649
3886977
3887271
3887368
3888355
3888731
3889512
3890502
3890792
3890805
3890814
3890963
3891654
3892562
3892961
3893125
3893923
3895066
3895609
3897487
3898063
3900265
3902224
3902298
3902422
3903032
3904604
3904809
3904892
3906034
3907932
3908274
3908663
3908908
3910463
3910803
3911303
3911751
3911944
3912621
3913486
3916080
3916920
3918414
3918478
3919818
3920890
3922409
3922410
3923975
3924083
3925743
3926216
3926359
3926719
3926724
3926822
3927283
3928922
3929036
3929195
3929511
3931953
3932213
3932700
3932784
3934035
3934545
3934842
3937181
3939657
3939844
3941799
3942344
3942486
3942682
3943957
3945288
3946980
3950001
3951313
3951705
3952245
3952447
3953348
3954834
3955262
3955514
3956059
3956617
3957281
3958055
3958274
3961083
3963812
3964332
3965647
3966670
3967094
3967587
3967908
3968396
3970593
3972947
3973780
3974261
3974540
3975309
3976403
3976741
3978732
3979318
3981242
3981901
3982621
3984217
3984985
3985959
3988338
3988491
3989529
3989906
3991999
3992188
3992219
3993930
3994532
3995217
3995445
3996463
3996732
3996788
3997037
3997918
3999021
3999459
3999834
3999976
4000872
4001958
4002241
4004052
4004787
4005505
4006804
4008126
4009123
4009353
4009705
4010432
4011064
4012331
4013050
4014743
4015174
4015486
4016844
4018518
4018535
4020782
4021270
4021747
4021835
