1856
1952
2075
2206
3568
3778
4783
5526
5561
5920
5990
6282
6755
7488
7771
9630
9637
9867
9916
9970
10197
11594
12068
13432
14900
15070
15241
17559
17696
17765
17896
18124
18714
18756
19613
20353
20492
20732
21581
22454
22550
23445
23464
23526
23933
24188
26119
27473
27953
27995
28623
29053
29141
29296
29583
30226
31447
32234
32619
33372
33706
33921
34423
34427
34867
36174
36257
36362
36990
37886
39274
39678
40123
40648
41702
41754
42066
42353
42671
44397
44568
45523
46871
46937
48033
48262
48298
48419
48995
50139
50194
50848
50870
51031
51450
52062
53218
53397
53708
54484
55069
55205
55446
58182
58301
58341
58615
59355
60056
61324
61483
61934
62218
62939
62981
63194
63575
64008
64229
64701
64977
65083
65967
66024
67010
67526
68788
68798
69724
71916
75285
75705
75781
75832
76673
77239
77545
77604
78294
78576
80771
80817
82044
84521
84545
84647
84814
84926
85073
85359
85504
86936
90067
90829
92427
92794
92875
93342
93528
94136
94605
94642
95139
95998
97406
97509
98311
100032
100947
101396
101907
102275
102951
103296
103981
104994
105264
105677
106179
106577
107122
107843
108106
108509
109405
109930
110123
110508
110563
111017
111123
111707
111875
113133
113200
113874
115365
115738
116157
117249
117810
117969
118157
118352
118425
118914
119049
119363
121077
121684
121844
123910
124048
124317
126165
126235
126573
126921
129171
129500
130245
130468
131028
131392
133206
133466
133576
135120
135547
135843
136247
136476
136558
136623
137049
137389
137945
137976
138140
138398
139386
139453
140229
140236
140832
141684
143263
143494
143799
145354
145883
145898
146506
146617
147995
148541
149578
150262
150799
151851
153640
154204
155069
155226
155354
155516
157480
157983
158593
159064
159452
159936
160319
160943
161339
161362
161531
161749
161828
162095
162292
163334
163502
163913
164175
164308
164376
164823
165335
165363
166009
166255
168681
169033
170071
170387
171272
171383
171830
171879
172099
172185
172491
172835
173254
173960
174066
174750
175388
175461
176115
176452
176525
176872
178041
178468
179244
180303
180457
180560
182000
182276
182695
182740
183787
184399
185094
185274
187228
188083
189142
191784
192967
193830
194855
195068
195158
196482
196622
197732
198028
199719
199755
200265
200669
200705
200936
201172
201471
201681
201924
202828
202928
203316
203823
203996
204052
204231
205134
205380
206000
207525
207708
208003
208049
208998
209083
209256
209386
209524
209634
209956
210282
210360
210367
210591
210984
212371
212437
212584
212868
212963
213227
213383
213719
214114
214396
214869
215273
216654
216968
217574
218245
218329
218650
219322
219432
220030
220090
220312
220704
221858
222500
222775
223600
224479
224594
225312
225735
226232
226828
227880
228372
228502
228668
228784
229320
229617
229745
229933
230052
230195
230902
231153
232167
232566
232612
233998
234150
235156
235679
235890
236011
236309
236750
237469
238468
239521
239609
240615
240997
241397
242930
243087
243530
243716
245476
245734
246187
246241
246619
248237
249057
249456
249700
250636
251106
252079
252421
253002
254383
254530
256111
256253
256701
256712
256795
256882
257079
257256
258133
258152
258269
258650
258747
259224
260190
261293
262086
263073
264508
264632
268497
269075
269429
270230
273968
274536
275081
275550
276134
276902
276967
277017
277121
277339
278033
278585
278766
278821
278999
279274
279915
280676
281331
282626
283396
284194
284262
284660
285594
285616
286254
286402
286918
288215
288594
289342
290091
290765
291239
291602
292878
293817
295364
295374
296829
296979
297364
298222
298474
299158
299233
299455
299476
299811
300974
301170
301865
302054
302424
303620
304171
304792
305867
306533
307193
307314
310116
310928
310946
311692
311702
314034
314232
315255
315429
315991
316108
316187
316645
317152
317816
318114
318445
318593
318678
318983
319646
320434
320797
321884
321927
322721
322739
323762
324067
324128
324854
324979
326458
326525
327091
327434
327598
329075
331424
332308
332368
332431
333007
333555
334292
334814
335576
336195
336756
336835
336939
337818
339772
340113
341251
341455
342362
342481
343951
344283
344515
345751
346276
346894
347046
347260
348510
348892
349286
350024
350655
350703
351361
351412
351742
351773
352332
352693
353835
355835
357086
357641
357726
358718
358991
359387
360261
360377
360830
362523
362750
362829
363279
363344
363462
363467
363642
363723
363776
364104
364676
365201
365532
365554
366677
366883
367559
367712
367847
368008
369012
369055
369253
369643
370559
370654
373472
373693
375458
376639
376899
376977
377479
378166
378396
378928
380089
381148
383089
383547
384053
384224
384269
385552
386510
387145
387522
387817
388188
389003
389287
391337
391433
391694
391870
392533
392900
392974
396230
396233
397339
397431
397698
397845
397920
398081
399419
400211
400335
400942
401592
401741
403845
404847
406643
407652
408657
409367
409610
409660
409882
410341
410747
413075
413647
415488
416430
416495
416632
417533
417980
418011
418354
419607
419783
420144
421032
421186
422427
423044
423333
424160
424445
425491
425673
427614
427874
428180
428665
429031
429037
430026
430170
430703
430809
431140
431303
432261
432663
433764
436528
436655
437754
438473
439693
440128
440132
441964
442396
443693
443821
444354
444620
444721
444859
446064
446902
447670
448332
448868
450947
451124
451757
451874
452719
452957
454179
454490
455538
456098
456363
456751
457118
457902
458233
458510
459013
459314
459369
459814
459849
460053
460078
461594
462001
462079
462551
462745
462898
463019
463241
464009
465640
466334
466580
468417
468646
469609
469687
471006
471589
471892
471996
472172
473742
473849
473870
474381
474946
474947
475607
477390
477765
481626
481726
481846
482126
483026
483135
483482
483532
483589
484013
484524
484904
486601
487636
488281
488290
489002
490146
492053
492059
492339
492364
492372
492787
494002
494258
494870
495455
496348
496990
497360
497822
497846
498372
498974
499615
500331
501062
502084
502112
502818
502934
503045
503314
503693
503873
504054
504124
505479
505606
506740
507950
508253
508348
509314
509952
510250
510648
510807
510898
511627
511997
512873
513106
513383
513510
514609
515806
516081
516409
516806
516916
516996
517371
518825
518976
519421
519761
519946
520726
522163
522240
522271
522469
522664
522976
527436
527818
528109
528204
528962
529205
532093
532569
532596
532650
532730
533396
533873
533967
534276
535561
535584
536222
536827
537970
539084
540990
541333
542563
542970
543019
543252
544469
545177
546772
546936
547066
547248
548348
548545
548711
548935
549424
550229
550375
552291
553245
553793
553803
555004
555522
555873
556254
556403
558284
558915
559112
559402
560873
560959
561115
561710
561881
562680
563390
563690
563946
566593
566881
566968
567216
567415
567917
568105
568290
568349
569424
569448
570334
570347
570449
571495
571762
572922
573705
574527
575493
575585
575654
576327
576472
577447
578195
578241
579350
580808
583886
584537
584735
584893
586901
587096
588092
588511
590688
591001
591392
591536
592018
592291
593519
594152
594468
594950
595220
597176
597570
597771
598010
599118
599613
599625
600103
600666
602668
602895
603065
603359
603712
603829
603976
604258
605658
605855
606147
606557
607636
607751
607831
609501
609804
609944
609980
610541
614883
615816
616573
616612
617108
618228
618738
618945
620600
622301
623481
623556
624283
624868
625017
625598
625798
627758
630942
631572
631884
632084
632096
633787
634367
634922
634993
635569
636521
637516
637806
637856
637904
638336
639726
640226
640983
642869
643048
643824
644391
645052
645579
646041
646546
647111
647451
647763
647906
648618
649428
649773
650821
650952
651338
651426
651984
651993
652091
652498
652530
653149
654160
654229
654401
654424
654646
655919
656756
656779
657362
657568
659647
659906
660198
663395
663482
663502
664337
664715
665178
665643
665873
666090
667036
668002
668755
669847
669998
670719
671527
671588
674013
674380
675381
675970
676512
676520
676755
677753
678472
680720
681202
681215
684827
685421
686701
686844
686994
687541
687840
688320
689284
689888
689941
690031
690094
690398
690414
690508
690519
692057
692301
692918
693040
693536
694275
694994
695769
697354
697713
697736
697872
699326
700624
701725
701837
702133
702260
702524
702913
704321
704734
705403
705663
705841
706199
706359
706371
706571
706933
707233
708110
709063
709442
711096
711709
712023
712181
712273
713153
715081
715222
716798
718735
719921
720089
720438
721538
721704
722225
722356
722612
722663
723475
724101
724302
726833
727524
728548
728729
728809
730618
730652
731244
731773
731863
732014
732842
735682
735736
735963
736801
737765
737792
738415
738700
739293
740200
740299
740437
740460
741004
741186
741323
742357
742661
743409
743722
743888
743990
744446
744544
745306
746584
746694
748117
748779
748940
749936
750672
750868
751092
751460
751536
753010
754258
754332
756069
756600
756679
756890
757182
757375
758157
758454
758469
759310
760957
762507
763062
763065
763267
763297
763383
764197
765171
767695
768132
768847
769191
769668
770269
771186
772471
772719
772864
773003
774331
774677
775853
777453
777479
777520
777637
777688
779164
779338
779473
781139
782096
784597
784898
784905
785228
785481
785653
787085
787888
788202
788600
788769
791896
793037
793740
794687
795480
795501
795615
795951
798052
798615
799102
799656
800926
801163
801682
802090
802335
802871
803312
803786
804180
804931
805219
805865
808743
810295
810411
810422
811134
812464
812639
813822
815485
816145
816573
816662
818794
818896
819057
819485
819665
819913
820411
820421
821271
821667
821760
823085
823262
823605
823880
824943
827457
827525
829395
829935
829992
830070
830500
831537
831586
831637
833205
834235
834921
835405
835767
836865
836886
837608
838183
838286
838640
839175
840362
840563
840819
841954
842501
842722
842893
843215
843891
845124
845134
845755
846069
846362
846877
848911
849053
849711
850596
851057
852116
853201
854187
854965
856402
856541
856665
856927
858925
859120
859889
859896
860725
860898
863272
864376
864380
864427
864730
866455
867496
867718
867974
868044
868478
870403
870456
870788
871047
871164
872595
873025
873300
873399
874369
876044
877374
877564
877980
878169
879835
880296
880540
880957
881233
882131
882952
882997
883056
884129
884773
885043
886024
886103
886614
887138
888356
889525
889635
889642
890252
891275
891752
892711
892881
892896
893184
894027
895805
896118
896757
897874
897981
898623
898687
898868
899269
899288
899468
899604
899680
899700
900427
901030
901433
901668
901886
902568
902996
904303
906294
906297
906357
907110
907596
907919
909707
910342
910401
910410
911783
913195
913819
914060
916782
916802
916905
918635
920933
921224
921479
921837
922472
922589
923133
925066
925822
926280
927198
927281
928087
928727
928814
928868
929357
929777
930918
931578
933402
933660
933952
934720
935078
936686
936741
936815
937492
937538
937636
937795
939346
939622
939947
940021
941229
943756
943908
944007
944011
945501
945815
945942
946576
947216
947529
947613
947660
948037
948161
948873
949564
951065
953235
953328
953348
955134
955260
958113
958204
958290
958593
960655
962093
962896
963130
964116
965272
965417
965590
965614
965824
966333
966346
966412
967085
967797
968177
968598
968799
970231
970288
970470
970859
971604
972359
973309
973544
973729
973822
974207
974292
974348
974569
975166
976208
976514
976523
976864
977622
977835
978206
979687
979718
980206
980276
980373
980665
981131
981313
985410
985535
985874
985909
986607
986802
987550
987783
988048
988495
989280
990412
990485
990580
991411
991863
992784
993136
993763
995369
995416
999675
999864
1000289
1001439
1002461
1003883
1003897
1004808
1005587
1005803
1006596
1006997
1007730
1008945
1009885
1010015
1012442
1014454
1015961
1016439
1016885
1017018
1017119
1017632
1022159
1022642
1023284
1023441
1023559
1024406
1025190
1025389
1025651
1026002
1026093
1026191
1027476
1027818
1028324
1028336
1029167
1030171
1030966
1031472
1035224
1035652
1035706
1036656
1036774
1036806
1038332
1038565
1039261
1039567
1040158
1040875
1042409
1043632
1043927
1044686
1044936
1045570
1046476
1046769
1047880
1047945
1048217
1048743
1050700
1050996
1051168
1051498
1051594
1051749
1052685
1053245
1054585
1055666
1056399
1056940
1056983
1057032
1058251
1059221
1060010
1060049
1060990
1061795
1062879
1064279
1065743
1066098
1066738
1067167
1068041
1068204
1068421
1068798
1068886
1068894
1069134
1069869
1070163
1070445
1072366
1072379
1073007
1073073
1075568
1075621
1075726
1076786
1077296
1077407
1077512
1077664
1078919
1079214
1080633
1080798
1081558
1082332
1082636
1082757
1083791
1084311
1084364
1086267
1087741
1088228
1088537
1089238
1089348
1089852
1091003
1091018
1091388
1091560
1091772
1092143
1092430
1094006
1094021
1094215
1094733
1094796
1095953
1096448
1096682
1097019
1099467
1099731
1101042
1101079
1101142
1101291
1101372
1101636
1102484
1102546
1103662
1103999
1104863
1105351
1106156
1106178
1106530
1107282
1107371
1108611
1109160
1110107
1111352
1111635
1112388
1112470
1112649
1112840
1112977
1113559
1114132
1114283
1114918
1115155
1116665
1118541
1118734
1120054
1121151
1121580
1121787
1122753
1123363
1123862
1125204
1125694
1125933
1126574
1127490
1128377
1128505
1128893
1128926
1129207
1129789
1129866
1130823
1132315
1132364
1132376
1132412
1133076
1133558
1133623
1134242
1134840
1135169
1135917
1136574
1136701
1136886
1137585
1138047
1138781
1139011
1140326
1140490
1140739
1142126
1142978
1143475
1144139
1144253
1144567
1145734
1146326
1146913
1147333
1147402
1147635
1150043
1150191
1150843
1151659
1151750
1152819
1153135
1154078
1154420
1154697
1154713
1154742
1155465
1157756
1157828
1158371
1159147
1159941
1159950
1160037
1160349
1160640
1161135
1161411
1161637
1162732
1162767
1163147
1163192
1163911
1164100
1164155
1164309
1164319
1164554
1165276
1166472
1168150
1169507
1169815
1170214
1170243
1170258
1170765
1171434
1171718
1172278
1173416
1174315
1174810
1174962
1175506
1175508
1175732
1175844
1176044
1176166
1176507
1177802
1178079
1178347
1178387
1178640
1181257
1181645
1182054
1182383
1182748
1183342
1184597
1184692
1185298
1185836
1185935
1186557
1189184
1192183
1192867
1192928
1193092
1193156
1194126
1196449
1196709
1197532
1198233
1198832
1200522
1201321
1201801
1202936
1203214
1203249
1203752
1203992
1204009
1204871
1205492
1205517
1206330
1207119
1207642
1208253
1209688
1210316
1211295
1211732
1211809
1212041
1212676
1213132
1213849
1214952
1215490
1215933
1215961
1216112
1216465
1216520
1217236
1217534
1218059
1219363
1220573
1220859
1222319
1222602
1223127
1223816
1224841
1224904
1225375
1226445
1226504
1227650
1227702
1228369
1229117
1229945
1230064
1230131
1230339
1230425
1230586
1230721
1231324
1231630
1231634
1232840
1233259
1233465
1233482
1233719
1234823
1234858
1235278
1235629
1236078
1237335
1237389
1237762
1237869
1237975
1238409
1239189
1239322
1239460
1239998
1240888
1241109
1241302
1242782
1242859
1243253
1243485
1244395
1246126
1246830
1248808
1248996
1249149
1251667
1252347
1252437
1253191
1253226
1253641
1254515
1255340
1255500
1255903
1257802
1259136
1259525
1259554
1259600
1259604
1260775
1261995
1262265
1262763
1263071
1263954
1264149
1265441
1265991
1266526
1266619
1267108
1267240
1267318
1268148
1269273
1269562
1270542
1270783
1271697
1271716
1273111
1273428
1274430
1276513
1276643
1276847
1277387
1278363
1278686
1278879
1279245
1279516
1280012
1281076
1282551
1282757
1282948
1283051
1283749
1283897
1283971
1284299
1284562
1285011
1285520
1285859
1285936
1286687
1286864
1287158
1287827
1288109
1289262
1289396
1289516
1289615
1290113
1290260
1290485
1290818
1292297
1292930
1292935
1294753
1294856
1295374
1296032
1298593
1299041
1300291
1300984
1301052
1302131
1303371
1303667
1305117
1305176
1305232
1305711
1305962
1306271
1306897
1307278
1311307
1312033
1312054
1312300
1313075
1314220
1314370
1314720
1314834
1315514
1315525
1315538
1316971
1317407
1317422
1317541
1317561
1318943
1318965
1319089
1319179
1319767
1321290
1321532
1323354
1323863
1323975
1324307
1324726
1325229
1325387
1326536
1326723
1327649
1328141
1328481
1329188
1330768
1332177
1332800
1333290
1333304
1333573
1333968
1334223
1334449
1334688
1334929
1335428
1335478
1335694
1336172
1336229
1336744
1337017
1337139
1337767
1337788
1338697
1338755
1338762
1338823
1338884
1339146
1340375
1341323
1342386
1342784
1343139
1343598
1344046
1344304
1345545
1345630
1345829
1348440
1349980
1350302
1350311
1350885
1350995
1351258
1352377
1353266
1353417
1354235
1355499
1356315
1356454
1357492
1357549
1357720
1357921
1359410
1359970
1360209
1361236
1361595
1361935
1362627
1364871
1366412
1366525
1367108
1367440
1369103
1369124
1371215
1372033
1372420
1372522
1372656
1372824
1372955
1374428
1375057
1375141
1375423
1375463
1375792
1375843
1376183
1376415
1377285
1378765
1378954
1378960
1379358
1379933
1382105
1382210
1383599
1384227
1384671
1384888
1385009
1385205
1385790
1385876
1386501
1387920
1387951
1388251
1389861
1390731
1391261
1392206
1392600
1392927
1393096
1393233
1393749
1394176
1395699
1395815
1396567
1396956
1397037
1397056
1397088
1397125
1398367
1398708
1398897
1399039
1399226
1399510
1400072
1400283
1401340
1401362
1401423
1402649
1403315
1404525
1404632
1405875
1406122
1407273
1407475
1408196
1408834
1408997
1412975
1413467
1413808
1414492
1414494
1415969
1416502
1417164
1417691
1418281
1418407
1419042
1419089
1419131
1420053
1420877
1421038
1421467
1421906
1422153
1422784
1423107
1425579
1425697
1427571
1429557
1429905
1430116
1430295
1431914
1432322
1432915
1433274
1434819
1435570
1435799
1435846
1436356
1436774
1437653
1438052
1439068
1439127
1439434
1439626
1441378
1441542
1442457
1442501
1442601
1443903
1444788
1444845
1445961
1446618
1448155
1448368
1449006
1451796
1452161
1453441
1453694
1453824
1454003
1454281
1454315
1455145
1455278
1455792
1457247
1458114
1458421
1460744
1460880
1461009
1461491
1461933
1462133
1462674
1462727
1462873
1463144
1463908
1467147
1467312
1467644
1468120
1468464
1468509
1468907
1468993
1469249
1469453
1469544
1469642
1469764
1470829
1471478
1471851
1472323
1472523
1473365
1475143
1475153
1475447
1476165
1476544
1476733
1477096
1479012
1479912
1479931
1480431
1480899
1481794
1482542
1483186
1483378
1483950
1486766
1486948
1487374
1488189
1488646
1489167
1489996
1491187
1491231
1491280
1491692
1491976
1492093
1492487
1492567
1493458
1493505
1495149
1495905
1496567
1497051
1497244
1497655
1497935
1498600
1499283
1499497
1500313
1500714
1502815
1503258
1503926
1504259
1504634
1504999
1505055
1505884
1506209
1507116
1507220
1507295
1507956
1509777
1510082
1510488
1511049
1511252
1511740
1512297
1514152
1515827
1516147
1516944
1517371
1517406
1517956
1518205
1518270
1518375
1518521
1518600
1518985
1520341
1521345
1521689
1521904
1522011
1522938
1524000
1524885
1524934
1525259
1525325
1525732
1525866
1526464
1526665
1527146
1528622
1528852
1528962
1533335
1533808
1534524
1534854
1535389
1537171
1537302
1538350
1538367
1538678
1539918
1540792
1541158
1541551
1541967
1543185
1543424
1544147
1544874
1545512
1545578
1545695
1546761
1547949
1548406
1548837
1548864
1550679
1550937
1551148
1551191
1551260
1551283
1551406
1551527
1551550
1551623
1551890
1552374
1552733
1554195
1554361
1556247
1557156
1557726
1557787
1557837
1559876
1560282
1561558
1562300
1562334
1563591
1564296
1564656
1564940
1565700
1565714
1566201
1566598
1567396
1568852
1569070
1569507
1571469
1572260
1572315
1572317
1572733
1573610
1573678
1573881
1574219
1574945
1575016
1575055
1575274
1576153
1576513
1576776
1577374
1577394
1577396
1579945
1579992
1580694
1580910
1581016
1581031
1581521
1581719
1582244
1582262
1582408
1583462
1583609
1584852
1585067
1585767
1585941
1586438
1586768
1587040
1587739
1590473
1590662
1591391
1591918
1592316
1592375
1592638
1592760
1593070
1593521
1594833
1595374
1595528
1596252
1596915
1597927
1598462
1598818
1600038
1600411
1600632
1601264
1602250
1603047
1603707
1604246
1605205
1605473
1606261
1606273
1607088
1608490
1608959
1609110
1609260
1612746
1613610
1613792
1614289
1615571
1615774
1616802
1617382
1617757
1618286
1619527
1619728
1619732
1621687
1622137
1622430
1623248
1623358
1623899
1624303
1624663
1625215
1629059
1629104
1630337
1630459
1630868
1631553
1631674
1631847
1633978
1634131
1634173
1635459
1635922
1636308
1637719
1639359
1639826
1640098
1642515
1642709
1642761
1644040
1644346
1645575
1645926
1646164
1646489
1646536
1646571
1646945
1647225
1649467
1649902
1649928
1650081
1651005
1651502
1651674
1651682
1651713
1652302
1652796
1653835
1653933
1653946
1654285
1654945
1655407
1655441
1655762
1656162
1656817
1658139
1658165
1658547
1659108
1659236
1659708
1661451
1661792
1661818
1662280
1662579
1662603
1662924
1664039
1664864
1667326
1668006
1668048
1668175
1670072
1671833
1672798
1673615
1675330
1676889
1679472
1679525
1680037
1680476
1680723
1680759
1681335
1682646
1682928
1682995
1683340
1683795
1684684
1684737
1687150
1687172
1687591
1687630
1689265
1689559
1690226
1690356
1690889
1691972
1692553
1692614
1692634
1692714
1693295
1693504
1693650
1693748
1694337
1695290
1695987
1696519
1696888
1698525
1699616
1700689
1701787
1704189
1704508
1704531
1705014
1705367
1705565
1705865
1706174
1706604
1707144
1707191
1707496
1708143
1708418
1708709
1710488
1710833
1711409
1711791
1711946
1712440
1714532
1714585
1714802
1715407
1716954
1718095
1718243
1718544
1718812
1718927
1719186
1720235
1721233
1721556
1721892
1723587
1724745
1725033
1726419
1726493
1726817
1726926
1727004
1727615
1727666
1727980
1728162
1728884
1729502
1729681
1730037
1730655
1730836
1731507
1731972
1732215
1733141
1734733
1734854
1736339
1736437
1736784
1736858
1738547
1738635
1738845
1738851
1738983
1740620
1740851
1741292
1742449
1742559
1742713
1743076
1743258
1744235
1744288
1745399
1746106
1746724
1747662
1748013
1748196
1748636
1749905
1750199
1750218
1750412
1751134
1751565
1751571
1751749
1752095
1752843
1753213
1753876
1754852
1754966
1755909
1756034
1757533
1758414
1759134
1759228
1760043
1760374
1760682
1761210
1762078
1762651
1762671
1763448
1764130
1765000
1766108
1766418
1766579
1766751
1767262
1767484
1767807
1768536
1768676
1769227
1769316
1769521
1770065
1770308
1770773
1771682
1772340
1772558
1776325
1776340
1776867
1778541
1778657
1778700
1778827
1780583
1780875
1781623
1782576
1782702
1783696
1784443
1784845
1785169
1786614
1786745
1786939
1786996
1787670
1787871
1788649
1789507
1790014
1792767
1792836
1793766
1794263
1794301
1794527
1796041
1796488
1796778
1797110
1797526
1797627
1798408
1799454
1800016
1800549
1800883
1801282
1801414
1803527
1804819
1806611
1806695
1806996
1808095
1808719
1808983
1808992
1809014
1810793
1811391
1811423
1813081
1813127
1814822
1815326
1816021
1816136
1816599
1817291
1818331
1819596
1819633
1820034
1820254
1820928
1820974
1822314
1824117
1824276
1824783
1824881
1825444
1825614
1826299
1826678
1826976
1827495
1827735
1827744
1827805
1828199
1828307
1829676
1829764
1829871
1830609
1830660
1830695
1830835
1831753
1832072
1832918
1833081
1833178
1833363
1833739
1833789
1834265
1834603
1835060
1836805
1836880
1837236
1837404
1837956
1838596
1840277
1840419
1840498
1841719
1842155
1842268
1842414
1842978
1843188
1843218
1843699
1844111
1845334
1845854
1846305
1846481
1848033
1848454
1848738
1849202
1849720
1850637
1851291
1852575
1852576
1852918
1853162
1853752
1853873
1854056
1854257
1854489
1855574
1855689
1855878
1857014
1857059
1857193
1857347
1857927
1858650
1858806
1859457
1859884
1860020
1861578
1862176
1862283
1862312
1864105
1865026
1866210
1866440
1867082
1867086
1868503
1869869
1870826
1871359
1871714
1872807
1873230
1875160
1876264
1876835
1877041
1877086
1880115
1881978
1883403
1883410
1886819
1886892
1887166
1888297
1889080
1889191
1889592
1889593
1890043
1890244
1890522
1891760
1892031
1892610
1892616
1893451
1893919
1894053
1895590
1895840
1896313
1896962
1897764
1898682
1899398
1899788
1900161
1900913
1902251
1902562
1902691
1904487
1904729
1905026
1905771
1906642
1906765
1906891
1907001
1907437
1908341
1908555
1908579
1908811
1909967
1910092
1910294
1911151
1911693
1912667
1913259
1913388
1915034
1915292
1915461
1916236
1916593
1916755
1919195
1919622
1919671
1920821
1922010
1922444
1922915
1923403
1923768
1924447
1924652
1925039
1925231
1926281
1926436
1926984
1928321
1928452
1929436
1930601
1930755
1931089
1932989
1933398
1934069
1934275
1934722
1935298
1935683
1936283
1937013
1937043
1938589
1939265
1940019
1941085
1941306
1941632
1941664
1941926
1942425
1943026
1943276
1944155
1945298
1945621
1946429
1946829
1946905
1947133
1948048
1948227
1948509
1951788
1952621
1953162
1954191
1954864
1955641
1955825
1955903
1955921
1957409
1958699
1959128
1959359
1960968
1962262
1962822
1963051
1963308
1963621
1963739
1964896
1965315
1965506
1965592
1966938
1967691
1968227
1968545
1968809
1969768
1970887
1972422
1972837
1973324
1974100
1974232
1975149
1975211
1975296
1975562
1975801
1976464
1976579
1976762
1977194
1977584
1978058
1978235
1978861
1978923
1979020
1979586
1980849
1981026
1981648
1981803
1982301
1982471
1982560
1982740
1983133
1983966
1984315
1984566
1985400
1986166
1987109
1987110
1987971
1988817
1989268
1990090
1991521
1992289
1992874
1994019
1995064
1996149
1998586
1998835
2001239
2001493
2001981
2002333
2002442
2003292
2003763
2004315
2004435
2004486
2004637
2005692
2005788
2006010
2006664
2007031
2007145
2007341
2007902
2008160
2008383
2009298
2009338
2010735
2011233
2013232
2013533
2014054
2014060
2014817
2016404
2016434
2017126
2017191
2017734
2018510
2018771
2019618
2019885
2020134
2020862
2022528
2022842
2022929
2022954
2023777
2023957
2025110
2025217
2027960
2028319
2028888
2028903
2030037
2030096
2030377
2031449
2031586
2032839
2032982
2033746
2034810
2035507
2036366
2037793
2039380
2039835
2040557
2040748
2040883
2042471
2042619
2042973
2043272
2043858
2044337
2044926
2046187
2046776
2047998
2048104
2049039
2049167
2049659
2050343
2050375
2050921
2050938
2051500
2051515
2052204
2052642
2053562
2054306
2055223
2056083
2056174
2056469
2057398
2057974
2058183
2059975
2060169
2061661
2062772
2063213
2065196
2065404
2066924
2066929
2067628
2070007
2070814
2071129
2072392
2072573
2072734
2073186
2075651
2076228
2076849
2077407
2078167
2080642
2080970
2081852
2082246
2082515
2083222
2083556
2083696
2084736
2084865
2084884
2085907
2086504
2087146
2087296
2087550
2087606
2087813
2089910
2091188
2091478
2091834
2092019
2093049
2093941
2093968
2094349
2094479
2095279
2095365
2095977
2096474
2097144
2099246
2099434
2100026
2102577
2102886
2104764
2105717
2107286
2108217
2108234
2108582
2108668
2109961
2110003
2110836
2112548
2114854
2114985
2114988
2116122
2116392
2117019
2117175
2119572
2120351
2121461
2121931
2121998
2123955
2124566
2124586
2125015
2125140
2125566
2125909
2125964
2126048
2126158
2126184
2126332
2126473
2127514
2128826
2128899
2129092
2129093
2129296
2130219
2130449
2131279
2131900
2132321
2132646
2133333
2133462
2133777
2133963
2134749
2134808
2135293
2135655
2137234
2137473
2137736
2137816
2137829
2138739
2139288
2139437
2139503
2140174
2140456
2142165
2142672
2145482
2146678
2147171
2147680
2150392
2150400
2151651
2151723
2151882
2152068
2152191
2152423
2154195
2154214
2154394
2155828
2157437
2157654
2159495
2160668
2160780
2162362
2162883
2162895
2163618
2163945
2164557
2164636
2164663
2164803
2165007
2165252
2165696
2166222
2166465
2166628
2166673
2168415
2169232
2170348
2170501
2170541
2170661
2171423
2171448
2172668
2174259
2174664
2175064
2175954
2176757
2176813
2177030
2177303
2177640
2177682
2177979
2178537
2178972
2179030
2179469
2179766
2182060
2183472
2183930
2184200
2184694
2184917
2185250
2185376
2186275
2187214
2187465
2187606
2187648
2189265
2190308
2193414
2193676
2193722
2193760
2194263
2194555
2194824
2194875
2195421
2195446
2196479
2197681
2198451
2198480
2198525
2198580
2199101
2199424
2200441
2200624
2201198
2201753
2202006
2202595
2203324
2204015
2204521
2204753
2204808
2205109
2205326
2205980
2206288
2207398
2207821
2209101
2210106
2210281
2211371
2211373
2211409
2211780
2212140
2212160
2212450
2213184
2213525
2213851
2216250
2216528
2217571
2218494
2218719
2219224
2219332
2220406
2220516
2221061
2221308
2221676
2221994
2222300
2222996
2224470
2226004
2226163
2226181
2226767
2226869
2227284
2227285
2227755
2228179
2228504
2229502
2229705
2230393
2230878
2231319
2232255
2232956
2233695
2233914
2234880
2235102
2235407
2236285
2236929
2237005
2237468
2237585
2237791
2238029
2238112
2238377
2238438
2238779
2238823
2239694
2240101
2241015
2241021
2241243
2241325
2241965
2243283
2244906
2246025
2246710
2246903
2247478
2248467
2249229
2250143
2252617
2252912
2254168
2254832
2255037
2255090
2255866
2257498
2258041
2258403
2259128
2261381
2262339
2263287
2263375
2263394
2263424
2263756
2264795
2265105
2265366
2265487
2265647
2265892
2266583
2266877
2267937
2268205
2268966
2269050
2269337
2269475
2269797
2270162
2270575
2270662
2271585
2272598
2272645
2273030
2273211
2273440
2274201
2274355
2275895
2277279
2278440
2278528
2278602
2279963
2280765
2281235
2281374
2281975
2281997
2282683
2282804
2283599
2283979
2284256
2284357
2285767
2286974
2287023
2287028
2288898
2289032
2289622
2289685
2291102
2291198
2292435
2292737
2292975
2293444
2293831
2294070
2294131
2294229
2294304
2295020
2295966
2296165
2297153
2298013
2298118
2299322
2300620
2300950
2301544
2302856
2303827
2303894
2305420
2305754
2306946
2307435
2307606
2307978
2308265
2308324
2308717
2308872
2309983
2311574
2311626
2312728
2313095
2313268
2313298
2313789
2314909
2316809
2317403
2317620
2317623
2317743
2317815
2317885
2318370
2319184
2319972
2320197
2320974
2321624
2321803
2322146
2322268
2322302
2324854
2325084
2327298
2327784
2328534
2331027
2331284
2331423
2332537
2333981
2334008
2334507
2335437
2336795
2337159
2338637
2339126
2339292
2339317
2339617
2339707
2340405
2340752
2341610
2343635
2344021
2344339
2345533
2345672
2346161
2347010
2347258
2347410
2347444
2347907
2350070
2351251
2351800
2352754
2353355
2355147
2355976
2358357
2358806
2360128
2360245
2361060
2361496
2362184
2362931
2363802
2365152
2365348
2366315
2366351
2367095
2367466
2367933
2368197
2369202
2370655
2372541
2372784
2372845
2373825
2374022
2374080
2374291
2374319
2374497
2374562
2375673
2376525
2376925
2378267
2379357
2379402
2379424
2380293
2381633
2381799
2382464
2382532
2382720
2383129
2383671
2384221
2385121
2385975
2386091
2386123
2386719
2388064
2388445
2388618
2388806
2389375
2389962
2390871
2390975
2391334
2392241
2392368
2392372
2392490
2393212
2394498
2394515
2394537
2394886
2395029
2395699
2396225
2396387
2397584
2397858
2399621
2399781
2400277
2400825
2402139
2402671
2402788
2403179
2403346
2403587
2403627
2404202
2404860
2407038
2408909
2410004
2410308
2411728
2411809
2411874
2412669
2412964
2413470
2413690
2414119
2414247
2414701
2416596
2416677
2417319
2418582
2418987
2420813
2421926
2422527
2422578
2423780
2424311
2425619
2425633
2426518
2426619
2426781
2428112
2428321
2428942
2429451
2430191
2430479
2430680
2430932
2430944
2431073
2431761
2431879
2431885
2432453
2433145
2433245
2434114
2434406
2435687
2435905
2436190
2436801
2437328
2437630
2437651
2438065
2438834
2439161
2439567
2440205
2441635
2441995
2442007
2442269
2442450
2442567
2443429
2443483
2443510
2444575
2444656
2445028
2445066
2445342
2447231
2447381
2447498
2448006
2448219
2448617
2449708
2449794
2450004
2450551
2450711
2450952
2451395
2453114
2453301
2455033
2455173
2455917
2455998
2456792
2457160
2457489
2457713
2459296
2459981
2460089
2460162
2460776
2461119
2461686
2461988
2463361
2463721
2468192
2469294
2469671
2470293
2470337
2473507
2473653
2476178
2477087
2477670
2478171
2478839
2479350
2479427
2479441
2479722
2479858
2480434
2480653
2481120
2481172
2481430
2483180
2483292
2484535
2485164
2485200
2487166
2487259
2488770
2488772
2488901
2488948
2489653
2489742
2490024
2490882
2490903
2491510
2491683
2492290
2495199
2495441
2496359
2496541
2496650
2496811
2497230
2497543
2497609
2498989
2499102
2499225
2499443
2500729
2500908
2500910
2501649
2501651
2502080
2502112
2503677
2504026
2504298
2504798
2505063
2505166
2505198
2507277
2507819
2508339
2508421
2508741
2508961
2509182
2509953
2510806
2511305
2511534
2511783
2512485
2512758
2512948
2513528
2514143
2514434
2514773
2515031
2517063
2517888
2518412
2518680
2518904
2519177
2519877
2520122
2520612
2520627
2521242
2522245
2522845
2524551
2525066
2525453
2525931
2525973
2527413
2527480
2527648
2528182
2528678
2531069
2531076
2531428
2531610
2531960
2532155
2532585
2532715
2533612
2534146
2534828
2535018
2535515
2535788
2535934
2536125
2536402
2537184
2538316
2538672
2538920
2539052
2539191
2539197
2539200
2539265
2540862
2543232
2543678
2543946
2544051
2544404
2546095
2546796
2547059
2547086
2548237
2549106
2549483
2550074
2551026
2551128
2551412
2551778
2552407
2552574
2552683
2554374
2555499
2555835
2557056
2557675
2559447
2559458
2559655
2559658
2560258
2560744
2560758
2561358
2561607
2561677
2562027
2562428
2562697
2562965
2563214
2563863
2564503
2564818
2565159
2566938
2567236
2567442
2567469
2569178
2570515
2570937
2571919
2572466
2572751
2573053
2574914
2574923
2574990
2575575
2575826
2575994
2577067
2577282
2577362
2577794
2578001
2579483
2579516
2579787
2580946
2582316
2582317
2582507
2582732
2582787
2582829
2582996
2583456
2583854
2584319
2585332
2585796
2585886
2586640
2587192
2587492
2587900
2588569
2589064
2589790
2590379
2591811
2592796
2592987
2593174
2595301
2595607
2595868
2596085
2596144
2596247
2597427
2599177
2600968
2602417
2602558
2602745
2602852
2604681
2604956
2605145
2605791
2605898
2606209
2606349
2608527
2609531
2611047
2611114
2611538
2611730
2611918
2612698
2614411
2614630
2615392
2616258
2616554
2616696
2616775
2618252
2620057
2620691
2621618
2621822
2622053
2622184
2622516
2622694
2623011
2623311
2623600
2623794
2624424
2624470
2624818
2624860
2625037
2625781
2626810
2626890
2627300
2628123
2628397
2628463
2629093
2629939
2629973
2631176
2631683
2632688
2633442
2634836
2635116
2635392
2635438
2635842
2635929
2636733
2637592
2637771
2637965
2638333
2638390
2638682
2638789
2639297
2640806
2640951
2641571
2642072
2642609
2643352
2643792
2645185
2645344
2646355
2646733
2646821
2647262
2647576
2649427
2651494
2651820
2653137
2653730
2653905
2653955
2653962
2654209
2654791
2656009
2656087
2656455
2656523
2656835
2657855
2658249
2658595
2659473
2659858
2660096
2662866
2662984
2665052
2665672
2667719
2667751
2667813
2668512
2668713
2668940
2669326
2671720
2672395
2673110
2673358
2673399
2673792
2674079
2674091
2674648
2675017
2675154
2676568
2676895
2677859
2677862
2678393
2680342
2680737
2681930
2683291
2683567
2683711
2684023
2685534
2686056
2686976
2687179
2687203
2688130
2688278
2688945
2689160
2689460
2691095
2691297
2692168
2694678
2695767
2695875
2696222
2696970
2697744
2697806
2698052
2698101
2698111
2698713
2699077
2699220
2699410
2699911
2700501
2700719
2701268
2701382
2701518
2701925
2702505
2702750
2702765
2702924
2702998
2703582
2704487
2705604
2707546
2708292
2708576
2708845
2708895
2709400
2710735
2712241
2713248
2713492
2713839
2713909
2714051
2714208
2714395
2714472
2715343
2715378
2715632
2716132
2717512
2717823
2717942
2719046
2719359
2720337
2721117
2721351
2721403
2722161
2722918
2722954
2723829
2723894
2726439
2728571
2728674
2728827
2730225
2730416
2730474
2731152
2731533
2731705
2732354
2733583
2733698
2734418
2734993
2735198
2735216
2735526
2736964
2739112
2739172
2739359
2739827
2740353
2740626
2741172
2741793
2741956
2742085
2742583
2742937
2744125
2744464
2745090
2746011
2746298
2746736
2747261
2747879
2748228
2748367
2749114
2749425
2749668
2749790
2749969
2750039
2752649
2753819
2753821
2753919
2754361
2756411
2756830
2757479
2757707
2758363
2758646
2759505
2760757
2760987
2762894
2763044
2763699
2764123
2764727
2765983
2766857
2766956
2767782
2768143
2768330
2771174
2771640
2772303
2772395
2773706
2773979
2774718
2775533
2776245
2776284
2776612
2776645
2776717
2777122
2777450
2779300
2779648
2781220
2781423
2782858
2783796
2783825
2784446
2786057
2786468
2786518
2787859
2788986
2789681
2789738
2790169
2790358
2790741
2790784
2791113
2792260
2792734
2793137
2793677
2794044
2794668
2796021
2796563
2796749
2796842
2797767
2797919
2797954
2798654
2798721
2799020
2799924
2799938
2800459
2801211
2801227
2803301
2803392
2803845
2803846
2804031
2804825
2805745
2807393
2807705
2807792
2807906
2808430
2808939
2809372
2809931
2809980
2811106
2811224
2812364
2812490
2812738
2813329
2813417
2814086
2814580
2814688
2815061
2816400
2817581
2817641
2817755
2818347
2818492
2819027
2819340
2819477
2820094
2821269
2821278
2821557
2821760
2822969
2823047
2823511
2824291
2825314
2826312
2827890
2830027
2830578
2832462
2832786
2832815
2833194
2833552
2833776
2833981
2833990
2834138
2834632
2834702
2835034
2835251
2835387
2835412
2835894
2836423
2836616
2836646
2836649
2837079
2837578
2837622
2839114
2839363
2839655
2840483
2841023
2841189
2841355
2841917
2842540
2843262
2843747
2844346
2845839
2845907
2846038
2846914
2847606
2848014
2848628
2849854
2850553
2851638
2852359
2853281
2855070
2855308
2855552
2856026
2856349
2856789
2861101
2861311
2862398
2862600
2863367
2863403
2864810
2865720
2865810
2866886
2868191
2868547
2868833
2870128
2870227
2870522
2870848
2870895
2870971
2871479
2872418
2872993
2873520
2873671
2873892
2873986
2874092
2875425
2875841
2876296
2876744
2877810
2878306
2878844
2878940
2879518
2879758
2880758
2882025
2882209
2883177
2884765
2885013
2885283
2885630
2886442
2886457
2886596
2886620
2886998
2888844
2889923
2890157
2891923
2892128
2893389
2894675
2895736
2899102
2901785
2901972
2902169
2902282
2902493
2902624
2903630
2903652
2903772
2904795
2906582
2906738
2907552
2908502
2909523
2910012
2910335
2910501
2910710
2910726
2911169
2911650
2912040
2912159
2912528
2913535
2913899
2914028
2914475
2915341
2915376
2915429
2916092
2917141
2917329
2917766
2918385
2918939
2920562
2920774
2921080
2922095
2922700
2923788
2924400
2924438
2926053
2926128
2927147
2927480
2927748
2928203
2928270
2928310
2930246
2930684
2930950
2930955
2931338
2931503
2931595
2931655
2932159
2933289
2934232
2934367
2936985
2937849
2938180
2938453
2938697
2939452
2940651
2940879
2942184
2942602
2942615
2942954
2943450
2946512
2947304
2948841
2948952
2949182
2949410
2949725
2949850
2950191
2953038
2953837
2954647
2955330
2956311
2957346
2957765
2957783
2958906
2959650
2959781
2959988
2960019
2960182
2961575
2961772
2961862
2962061
2962648
2962688
2962726
2965305
2965992
2965999
2966057
2967686
2967827
2967856
2969265
2969268
2969816
2970138
2970282
2970609
2973138
2973406
2973413
2974280
2974560
2974973
2975196
2976469
2976638
2977130
2977195
2977853
2978366
2978528
2978932
2979530
2979709
2979745
2980349
2982644
2984634
2984706
2984808
2985205
2985771
2986049
2986303
2986429
2986512
2986549
2986688
2986719
2987056
2987146
2987150
2987371
2987789
2989844
2989972
2990785
2992130
2992194
2992441
2993652
2994289
2994365
2994884
2995102
2996647
2996899
2997139
2997295
2997507
2997682
2998598
3000731
3002626
3003048
3003142
3004096
3004888
3006679
3007153
3007381
3007980
3008534
3008780
3008933
3009246
3011274
3011644
3012034
3012816
3013109
3013786
3014047
3014125
3014607
3014711
3015584
3016411
3016763
3016773
3016889
3017233
3018167
3018291
3019134
3019337
3019910
3020752
3021182
3021962
3022314
3022791
3022822
3024104
3024659
3024913
3025351
3025979
3026863
3027867
3028630
3028905
3029172
3029628
3029650
3031923
3032995
3033112
3034371
3034534
3034648
3034943
3036354
3036666
3036757
3037589
3037970
3038623
3039242
3040065
3041057
3042411
3042768
3043065
3043106
3043341
3043395
3044308
3044539
3046285
3047559
3047857
3048104
3048320
3050629
3050990
3051653
3052832
3055613
3056441
3056744
3057048
3057641
3058589
3059500
3059591
3060553
3060898
3060949
3061222
3061318
3061342
3061545
3062421
3062484
3062829
3063119
3064373
3065451
3066628
3066849
3068259
3068803
3068862
3069130
3069542
3070340
3071093
3071175
3071413
3071547
3071827
3071883
3071911
3072042
3072189
3072329
3073309
3073502
3073746
3074045
3076688
3076748
3076768
3078954
3079335
3080726
3081048
3081261
3081531
3081926
3082244
3082258
3082844
3083102
3083495
3083768
3084059
3084406
3084967
3086638
3088105
3088728
3089589
3090542
3090708
3090785
3091241
3091519
3091816
3092862
3093047
3093057
3093127
3093764
3095657
3098314
3098808
3099043
3099313
3099789
3100049
3100146
3101124
3101711
3103831
3103892
3104160
3104618
3105048
3105205
3105333
3107159
3108164
3108721
3109344
3109437
3109553
3109707
3110309
3110425
3111591
3112143
3112631
3113654
3114362
3115176
3115230
3115406
3115509
3115705
3115784
3116083
3116334
3116380
3116432
3116799
3116817
3117049
3117534
3117575
3117646
3117747
3117992
3118157
3118455
3118534
3118788
3119261
3119320
3119401
3120048
3121900
3121964
3122494
3123171
3123270
3124581
3124642
3124711
3125311
3125737
3126187
3126358
3126533
3126929
3128207
3129014
3129415
3131126
3131387
3132091
3132646
3132663
3133256
3133456
3133468
3133830
3134154
3134656
3135337
3135358
3135423
3135941
3136801
3137695
3139528
3139688
3142431
3143926
3144077
3144285
3145257
3145524
3145732
3146486
3146545
3146634
3147034
3147439
3147777
3148021
3148048
3148434
3148929
3149178
3150337
3150535
3151170
3151673
3151674
3151897
3152660
3152765
3153109
3153434
3154295
3154706
3155466
3157337
3157925
3158828
3159615
3160443
3161002
3161554
3162389
3162499
3162786
3162986
3164018
3165146
3165445
3165483
3166287
3167869
3168142
3169654
3170225
3171342
3171568
3171844
3172777
3172974
3172986
3173041
3173230
3174705
3174992
3175613
3175615
3175780
3175935
3176616
3177195
3177434
3178517
3178678
3179894
3180462
3181261
3182362
3182800
3182976
3183543
3183875
3185202
3185912
3186507
3186553
3187721
3188679
3189051
3189060
3190747
3191316
3191326
3192956
3193985
3194080
3194887
3196199
3196427
3196431
3196971
3197181
3197336
3198627
3198992
3199310
3199900
3200238
3200681
3200911
3201560
3202560
3202703
3203523
3204366
3204393
3207399
3208513
3210255
3211034
3211581
3211664
3212195
3212762
3213048
3213123
3213145
3213358
3213961
3214490
3215593
3217490
3218122
3218198
3218496
3218615
3218802
3218956
3219059
3219152
3220418
3221182
3221463
3221951
3224212
3224447
3224456
3224633
3225180
3225508
3226251
3226337
3226547
3226603
3228020
3228087
3231020
3231108
3231642
3232540
3233403
3234356
3234483
3235087
3235426
3235601
3236218
3236460
3237853
3238047
3238112
3238649
3239015
3239099
3239397
3240001
3240111
3240598
3241035
3241405
3241924
3243008
3243060
3244492
3244695
3244974
3245252
3245430
3245578
3246175
3246582
3246823
3247537
3247920
3248117
3248321
3248420
3249049
3250274
3250762
3250942
3251596
3252455
3253445
3253646
3254172
3255085
3255516
3256542
3256792
3256972
3257085
3257123
3257868
3258985
3259146
3259934
3261657
3262352
3263187
3263796
3263849
3264218
3265133
3265150
3265321
3265891
3266893
3267453
3267504
3267743
3269153
3269370
3269584
3270317
3270878
3271351
3271407
3271566
3272429
3272555
3272701
3273387
3273964
3276187
3276542
3276641
3278587
3279110
3279228
3279353
3279877
3280029
3280097
3280250
3280326
3281770
3282038
3282181
3282506
3282570
3283600
3283827
3284383
3284694
3286301
3287129
3287678
3287708
3288300
3288382
3289343
3291091
3291121
3291886
3292645
3292657
3294372
3294497
3295306
3295331
3295687
3296281
3296555
3298429
3298450
3298924
3299821
3300181
3300530
3300558
3301137
3303062
3303081
3303131
3303447
3303973
3304278
3304630
3304850
3305283
3305716
3306605
3306736
3306860
3307133
3307318
3308082
3308481
3308850
3308895
3309163
3309733
3309756
3310331
3310344
3312139
3312453
3313224
3313225
3313229
3314195
3314294
3314816
3315155
3315236
3315324
3315753
3315859
3316134
3316316
3316590
3317085
3317331
3317510
3318225
3319468
3320200
3320260
3320326
3320463
3321175
3321454
3321963
3322714
3323612
3324641
3324832
3326139
3326251
3327143
3327415
3328370
3328827
3329216
3329600
3330516
3330926
3331643
3332306
3332667
3332890
3333591
3335315
3336027
3336366
3336396
3336706
3338407
3339533
3339792
3340495
3343259
3343277
3345760
3345779
3346158
3346982
3347279
3347346
3348085
3348851
3349757
3349918
3351025
3351174
3352694
3353932
3354733
3354958
3357011
3357800
3360897
3362115
3362298
3362435
3362482
3362605
3363002
3363356
3363529
3363544
3364476
3364550
3364592
3365307
3366133
3367039
3367678
3367819
3367838
3368423
3369346
3369679
3371016
3371268
3371329
3371681
3373838
3374080
3374492
3375969
3376568
3376905
3376982
3377362
3377399
3377553
3378474
3380223
3380374
3382878
3383251
3383574
3384553
3384933
3385792
3386140
3386240
3386703
3387084
3388020
3388085
3388359
3389913
3390675
3390831
3391372
3391391
3394559
3395101
3395681
3395917
3395941
3395997
3396153
3396492
3396690
3397851
3397972
3398314
3398389
3398825
3399256
3400310
3400493
3400541
3400688
3401584
3401623
3402046
3402387
3403943
3405216
3405530
3406727
3407483
3407589
3408256
3409533
3409661
3409975
3410581
3410852
3411647
3411706
3412350
3412440
3412544
3412902
3413581
3413654
3414184
3414240
3415660
3416141
3416499
3416696
3416854
3417297
3418224
3418423
3418819
3419024
3419175
3419262
3419605
3419697
3419770
3420877
3422464
3423147
3423657
3423897
3424633
3427380
3428234
3428299
3429103
3429601
3429622
3431613
3432562
3433003
3433645
3433742
3435946
3436078
3436090
3436467
3436617
3436993
3437008
3437485
3437664
3437809
3438094
3439194
3439485
3440011
3441345
3441984
3442003
3442344
3442753
3443012
3443033
3444426
3445035
3445141
3445256
3445812
3446155
3446331
3446930
3447309
3448075
3448570
3449791
3449955
3451752
3452525
3452594
3453573
3453714
3453759
3454097
3454735
3456078
3456727
3458676
3458994
3460486
3460608
3461471
3461489
3461761
3462813
3463145
3463690
3463889
3464248
3464792
3464840
3465463
3465811
3466158
3466208
3466414
3466425
3466477
3466856
3467463
3469032
3469265
3469512
3469565
3469772
3469816
3470519
3470774
3470790
3470871
3471490
3472849
3473784
3473978
3474005
3475123
3475438
3475813
3476327
3476470
3476863
3477027
3477044
3477969
3478977
3479266
3481208
3481211
3482367
3483092
3483110
3485596
3485701
3488106
3488316
3488594
3489227
3489475
3490122
3490501
3491256
3491957
3492108
3492440
3492986
3494605
3494720
3497057
3497983
3498161
3499571
3499947
3500135
3500177
3502209
3502343
3502460
3502874
3503703
3504721
3505595
3506122
3506274
3506479
3507115
3507143
3508245
3508741
3509026
3509568
3510148
3510202
3511042
3511504
3513338
3513448
3513526
3514150
3514313
3514329
3515395
3515914
3517171
3517463
3518913
3519183
3519808
3519919
3520156
3520164
3521017
3521439
3521531
3521871
3521998
3522053
3522910
3523818
3525130
3525757
3525867
3526203
3527142
3527617
3528269
3528771
3529144
3529998
3531193
3532215
3533350
3534173
3535534
3536102
3539257
3539642
3539655
3540461
3541609
3542528
3543576
3545581
3546136
3546247
3546403
3546411
3546643
3546730
3547639
3548345
3548581
3548896
3550033
3550100
3550330
3550534
3551247
3551331
3552141
3553207
3553446
3554113
3554531
3554540
3555120
3556034
3556882
3557651
3557697
3559227
3559395
3559737
3560317
3560910
3560976
3561280
3561677
3562906
3564381
3564620
3567078
3567727
3567757
3567847
3568195
3568338
3568583
3569429
3570024
3570358
3571270
3571900
3572799
3573633
3574925
3575483
3577099
3577835
3577863
3578489
3579215
3579255
3579815
3581272
3581715
3583348
3583764
3583807
3583865
3584069
3584248
3584759
3585341
3585965
3586376
3586557
3586971
3589079
3589399
3589777
3589938
3591468
3592165
3592252
3592949
3593321
3594594
3595147
3596115
3596604
3598789
3598878
3599920
3600155
3601531
3602008
3602350
3602498
3603165
3603201
3604404
3605090
3605531
3606866
3607485
3608034
3608477
3608498
3609242
3609837
3610339
3611309
3612948
3613025
3613408
3614245
3614788
3614928
3617175
3617222
3617371
3617761
3619486
3620425
3621371
3623858
3624498
3624890
3625371
3625689
3625845
3625988
3626974
3628220
3628467
3628636
3628736
3628943
3629096
3630737
3631012
3632245
3632704
3634921
3635070
3635253
3635913
3636104
3636513
3636903
3637781
3638033
3638807
3638867
3640795
3641438
3641864
3642766
3642770
3643564
3643942
3644911
3645293
3645353
3645548
3646360
3646411
3648075
3648287
3648929
3649004
3650006
3650216
3650837
3651361
3651723
3652206
3653435
3654517
3655154
3655727
3656257
3656325
3657091
3658026
3660430
3660650
3661123
3661304
3663200
3663226
3663896
3665880
3666683
3667189
3668266
3668291
3668425
3670987
3671086
3671268
3671608
3671841
3672645
3672880
3673026
3673259
3673338
3674163
3674608
3674685
3674814
3675664
3675813
3676869
3677072
3677338
3681355
3682015
3682029
3682253
3683351
3684276
3685096
3685379
3686184
3686473
3686572
3687133
3687148
3687193
3688235
3688341
3688439
3688532
3688747
3688875
3689387
3689414
3690169
3691747
3691752
3692292
3692448
3692853
3693614
3693642
3694149
3694190
3694670
3695965
3696194
3697024
3697408
3697567
3697675
3698029
3698131
3699525
3699609
3700096
3701355
3705213
3705297
3705600
3705906
3707069
3707476
3708069
3708274
3708669
3708784
3708824
3709229
3709382
3709412
3711235
3711917
3711954
3712574
3714075
3714584
3714973
3715363
3715709
3718486
3719289
3719520
3720521
3720563
3720935
3721615
3722135
3722647
3722762
3723068
3723266
3723888
3724296
3724736
3725006
3725448
3726404
3726574
3726850
3727036
3727213
3727599
3728125
3728859
3729018
3729045
3729651
3730218
3733028
3733894
3733924
3734926
3736020
3736332
3736752
3738601
3739535
3739675
3739694
3739830
3740773
3741058
3741783
3741842
3741852
3742375
3742687
3743201
3743519
3744634
3744741
3745692
3746302
3746562
3747064
3749606
3749630
3750255
3750546
3751477
3751656
3751671
3751862
3752875
3755207
3755565
3755846
3755958
3756860
3757038
3757733
3757794
3757931
3757993
3758332
3758755
3758759
3760582
3761533
3762720
3762935
3763078
3763135
3764335
3764392
3764616
3764779
3765332
3766136
3766369
3767342
3767960
3768106
3768361
3768587
3771230
3772010
3772494
3773624
3773650
3773806
3775037
3775051
3775189
3775813
3776204
3777066
3777282
3777647
3780299
3780341
3780409
3781038
3782404
3783120
3783581
3785265
3786002
3786890
3787413
3787433
3788073
3788142
3788272
3788686
3789186
3789568
3791054
3791298
3791727
3791794
3792856
3794275
3795074
3795697
3796220
3796283
3797175
3797453
3798597
3798605
3799192
3800868
3801329
3801475
3801574
3803285
3803287
3803809
3804381
3805390
3805613
3806297
3806369
3807530
3808674
3809039
3809935
3810772
3812108
3812171
3812484
3812642
3813015
3813520
3813641
3814039
3814042
3814479
3814565
3814951
3815798
3815999
3816173
3816321
3816952
3817026
3817497
3817612
3818107
3818133
3818194
3818915
3819559
3819855
3820809
3820855
3821039
3823273
3823632
3823890
3824549
3825661
3825960
3826070
3827501
3827969
3828457
3829216
3829427
3829456
3829502
3829866
3831612
3832705
3832893
3833821
3836165
3836665
3837280
3839187
3839489
3840015
3841623
3842348
3842463
3843239
3844544
3844939
3845143
3845216
3845300
3846010
3846249
3846527
3848246
3849957
3850083
3850278
3850333
3850512
3850987
3851678
3852683
3852713
3852885
3852914
3853578
3853698
3853753
3853828
3854965
3855149
3855832
3856892
3857486
3857772
3858016
3858312
3858879
3858888
3858977
3861228
3863000
3863229
3863325
3863687
3863749
3864739
3865329
3866189
3866322
3868827
3869532
3870921
3871976
3872112
3873430
3873446
3873771
3873799
3873848
3873994
3874041
3874239
3874783
3874901
3875275
3876089
3876107
3877106
3877340
3877741
3880246
3880317
3880419
3880668
3880923
3881032
3882057
3882239
3883473
3884494
3885064
3885219
3887458
3888218
3888795
3889055
3891218
3891877
3892039
3892497
3892652
3892653
3893651
3894991
3895609
3895794
3896281
3896853
3897324
3897328
3897774
3897964
3898305
3898320
3898347
3898466
3898672
3899211
3899364
3899935
3900854
3901503
3901711
3902381
3902456
3902789
3903392
3903793
3903926
3903990
3904190
3904360
3904569
3905011
3905022
3905253
3905792
3906294
3906643
3907001
3908195
3908644
3908819
3908912
3910120
3910209
3910709
3911008
3912773
3913449
3914288
3914510
3914536
3914549
3915464
3916421
3916572
3916931
3917232
3917383
3918710
3918933
3919889
3920841
3921026
3921268
3923366
3923843
3925175
3926272
3929056
3930603
3930788
3931060
3933140
3933429
3933736
3935333
3935459
3936282
3936792
3937266
3937448
3937625
3938436
3938544
3938832
3939219
3939537
3939886
3940251
3940344
3940380
3940454
3940593
3941228
3942852
3943064
3943152
3943211
3943877
3943909
3945029
3945178
3945242
3945772
3946124
3946563
3947452
3947557
3947712
3947811
3947841
3948056
3949387
3949917
3951320
3951378
3951602
3951757
3951829
3952592
3953450
3954190
3955158
3955374
3955740
3956204
3957686
3957840
3959585
3959626
3960274
3960688
3960774
3961181
3962029
3962297
3962683
3963983
3964858
3966013
3966849
3967053
3968749
3970349
3970761
3972673
3975263
3976402
3977143
3977254
3977398
3978563
3979662
3980265
3980922
3981121
3981283
3981822
3982262
3982424
3982731
3983510
3983687
3987067
3987236
3987740
3988350
3989238
3989578
3990104
3990370
3990466
3993086
3993487
3993508
3993856
3994436
3994445
3995368
3995718
3995819
3996228
3996262
3996935
3997002
3997958
3998356
3998553
3999775
4000740
4001817
4002367
4002990
4003099
4004052
4006193
4006266
4006598
4006617
4007905
4007913
4008365
4008462
4009729
4010259
4012401
4012898
4013172
4013575
4014328
4014978
4015571
4016729
4017034
4017241
4017948
4018484
4019593
4020406
4020447
4020499
4022067
