588
989
1043
1880
1995
2260
2500
2844
2869
6364
8974
9933
10064
12661
14254
16556
18315
19699
20107
21474
23656
24676
24902
25321
25798
25827
26288
30289
31356
31806
31925
31970
35022
35051
35284
37275
38438
38461
39252
39569
40005
40666
40857
41196
41908
42598
43083
44016
44174
45157
45825
45850
45959
47317
47607
48231
49078
49860
51848
52714
53311
54590
54623
58342
58519
58562
63718
64639
65744
67056
67077
67570
67608
67643
67943
68429
68689
68963
71393
73517
74801
76758
77857
78568
78774
79703
80774
81683
82223
82387
83090
84258
84555
84949
85185
85699
88122
88546
89230
89459
89803
90816
91435
91624
92120
95120
97063
97375
98839
99970
100050
100300
100312
101982
103006
104028
106044
108060
109236
109942
110209
111095
112939
113029
113108
113445
115849
117232
117963
118553
120315
121233
123130
123303
123935
124147
125136
126020
126075
126245
126296
126927
127249
127273
128122
128907
130026
130087
131379
131736
133872
133878
134155
135728
136168
136254
136352
136369
136735
136785
137526
139751
139764
141641
142377
142980
144226
144624
145032
149015
149030
149589
155426
158033
158748
160343
162765
163844
164535
165360
166616
167004
167799
171650
171682
172641
172648
174131
174349
174464
174539
174701
174965
175580
177674
177753
178087
178165
179266
179428
180182
180876
180988
181376
181542
182185
183700
183771
183786
184467
184542
185233
186123
187808
188581
189162
189409
189426
189610
190863
191478
193962
194981
196361
198334
198385
198757
199797
200732
200922
201507
201526
203565
204165
207227
208071
208371
208861
208908
210590
211029
211311
211959
212409
213529
213734
213986
214816
217720
217997
220043
220589
220649
221626
223351
223533
223746
224268
225743
226797
227385
230050
230190
232599
232783
233417
234153
235202
235244
235662
236035
236052
236358
237007
238131
240899
241557
242231
242506
242896
244697
245651
246545
247278
247694
248734
249171
250085
251879
251885
253083
253789
255662
256089
256245
256878
257586
257729
257958
258185
258895
260907
260993
261074
261558
261732
262764
263489
263796
264095
264356
267497
267641
268134
268395
269715
273510
274042
275101
275607
275853
276305
276490
278281
284070
284855
287178
287444
289351
290617
290628
291632
293081
293200
293465
294035
294177
294535
295084
296688
297475
298049
298117
298717
301763
302663
303740
304173
304656
305074
306502
307657
308658
311269
311294
311670
313854
316103
321542
324854
326023
328316
330241
332109
332142
332786
333141
333502
333524
334988
335602
337290
338855
339289
339581
340945
341035
341499
341518
345676
345859
346991
348845
349227
351734
354751
355351
356038
356156
357728
357885
358243
359278
359812
359919
360444
360705
361347
361534
363922
364302
364725
365213
365337
367802
368999
369574
369854
369953
370844
371549
371685
372502
372914
375017
378973
379427
379525
379735
380248
381384
382333
382860
382967
383911
385607
388075
390748
391007
391557
392460
392938
393783
394083
397243
397472
397719
397829
397835
398120
398390
400706
403067
403619
404020
404164
405598
406247
406568
407463
408909
409454
409463
410862
410882
410940
412860
413054
413689
414998
417166
417169
418988
423373
424245
424634
424659
424900
425456
427356
427493
429299
429657
430796
431619
432066
432688
433329
434173
434515
434770
437620
438586
439172
439219
439614
440123
440529
441965
442612
442664
443715
444323
445558
447007
449070
449918
450807
451260
452966
453754
454422
455626
457326
458233
459072
459481
460233
461160
462528
463687
464330
464787
464918
465333
465917
466449
466640
467217
469597
470160
470205
470366
470984
471463
471758
473208
475305
476190
477273
477663
477957
478248
478345
478803
479422
479826
480624
480627
481115
481214
481348
481353
482202
482977
485916
485945
486876
487312
487507
489040
489971
490289
490425
491832
492178
493247
494261
494413
495398
495950
498042
498302
501359
502309
502616
505595
506864
507230
508169
510125
510375
510978
511155
511270
512126
513430
513530
514441
515877
517195
517225
517234
517241
517316
517443
518155
518197
520882
521893
522362
523230
527040
527155
528592
528755
529073
532253
532656
533027
533975
534522
535124
536116
536590
538468
538850
539583
541251
541938
542044
543237
544410
545083
546219
546839
547506
548112
548805
550127
554006
554037
555837
556042
556339
557658
557667
558064
560769
562393
562553
562753
563626
564076
564722
565308
565419
565979
566092
566776
566929
567373
567910
569258
569894
570575
573066
573903
573969
574457
576096
578019
578020
578238
579109
579895
580493
580532
580660
581116
581364
582011
582282
582501
583124
583680
584150
584273
584532
586345
586698
588693
589443
589547
591181
591796
592196
592439
592880
593373
595881
597513
598088
598742
600121
601212
602122
602676
603495
603675
604715
604772
605785
607046
607840
607932
608776
609081
609197
609464
610773
611275
611990
612786
613526
614560
617029
617413
618843
620498
621742
623053
625562
625613
626891
627773
630541
634453
635205
635238
636200
636486
636802
639876
640431
640953
642069
642299
643680
645880
646078
647502
647890
649442
649779
652233
653721
654426
655350
656294
660728
661787
662148
662219
662382
662598
662977
665548
668105
668622
669122
673346
673679
673804
675317
675470
676379
676951
677152
677673
677890
678091
678418
680275
680295
681003
682288
684077
684296
684605
685706
685924
687201
687309
688248
688738
689219
689330
691611
692171
692586
693013
693170
693188
693454
694627
695576
696157
697222
700101
700752
701844
704712
705013
705481
706070
706270
706420
707196
708252
709048
710031
710647
710863
712139
713099
714137
714215
714377
714644
714813
715503
716468
716474
717328
718153
718474
718921
719093
719703
720557
720990
722600
724575
725575
725924
726740
728785
729004
729949
730463
730706
730829
730845
731175
731472
731865
732080
732520
734002
734029
735901
737277
738205
738748
739479
739581
740283
742078
744265
745660
745776
746279
746323
747256
747559
749030
749646
750908
752023
752094
752350
752635
753905
756318
756426
762163
763388
764051
764559
765098
766915
767080
767082
768462
768502
768728
769417
770935
771210
771548
771625
772319
772955
774467
778063
778085
778450
780400
780524
780967
781528
782287
782917
783262
784017
784361
784378
786176
786459
786724
787052
787181
790114
792160
792410
793152
793185
793541
793719
794108
795591
796638
796958
797667
797813
800297
801337
801912
802873
803289
803577
804811
805984
810690
812037
813278
814752
816507
817445
817588
818081
818817
819754
819947
820826
821296
821355
821671
823085
823201
824720
825022
825487
825546
830135
830177
831693
835319
835407
836147
836512
836877
837372
840304
842870
843145
843400
846063
846086
846503
847474
850883
851339
852078
853318
853628
857325
860094
860322
860586
860727
861579
861980
862637
864254
865494
865993
866359
866460
868352
873429
875034
875497
877262
877385
877879
878555
880146
885279
886497
887264
887556
889326
889331
889716
890036
890365
890670
890691
891328
894378
895393
895400
895978
897325
897516
899011
899974
900054
900545
900566
905297
905759
906451
907230
907517
908101
908329
908528
909189
910409
910464
912844
915673
916303
917253
917955
917996
918449
919173
919174
919462
921151
921766
923110
923474
926314
926645
926739
927230
927817
927830
927934
928001
928346
928737
928870
930781
931516
932246
932502
933982
936482
937090
938016
939839
940222
940873
942723
942946
943413
943606
945632
946437
951448
951617
953453
953490
955100
956095
956522
957625
958241
958369
959492
960206
962638
963238
964488
966055
966195
966674
967995
969495
969896
973325
973789
974063
974152
974340
975841
976629
976724
977551
978337
978342
980163
980408
981539
981727
982489
982912
987528
987670
989148
990347
991819
992575
992929
994702
994877
995229
998195
998217
998583
1000102
1000870
1001726
1002593
1002686
1002710
1003112
1003636
1003749
1004945
1006439
1007827
1008160
1008423
1010358
1011940
1012703
1012978
1013369
1014270
1014603
1016712
1017124
1017664
1017834
1018117
1018656
1018687
1019454
1019611
1019729
1020517
1020904
1022040
1022236
1023109
1024020
1026010
1026243
1027466
1027800
1028424
1028650
1029529
1029999
1030462
1030519
1030987
1031211
1031471
1031664
1031729
1032356
1033914
1035879
1036458
1036501
1038345
1038747
1038839
1038956
1040688
1040960
1041679
1041928
1042728
1044658
1045292
1045383
1048231
1049376
1049432
1050963
1051815
1052184
1053884
1054070
1055468
1055996
1057445
1057705
1058198
1058422
1059049
1060935
1061062
1061798
1061996
1062794
1063269
1063613
1065813
1067443
1067548
1068724
1068898
1069177
1069624
1069698
1070692
1071862
1072139
1072815
1073235
1074289
1075472
1075784
1076743
1077042
1077786
1077909
1079961
1080272
1080513
1081403
1082249
1082758
1084100
1084259
1086288
1086677
1087916
1088438
1089316
1091587
1093512
1093821
1094877
1095983
1096681
1097313
1097867
1098465
1100289
1100582
1100953
1102865
1103091
1103428
1103977
1104320
1108639
1109113
1109760
1111740
1112658
1113197
1113291
1113510
1114375
1114703
1114821
1114851
1116123
1116730
1124277
1124509
1126407
1126685
1127181
1127342
1128285
1128672
1129617
1130039
1131640
1133848
1133907
1134630
1135137
1137687
1139573
1140468
1140674
1141522
1142800
1143548
1144198
1144224
1144503
1144701
1144754
1145270
1147224
1148194
1148637
1149303
1149910
1149930
1150468
1150543
1150669
1153148
1153742
1154224
1154524
1154850
1157283
1157432
1158275
1158542
1158831
1160676
1160743
1161471
1162738
1163451
1163658
1163935
1165571
1165604
1165680
1165880
1166659
1166782
1167599
1168212
1168327
1169806
1170526
1171827
1171939
1173700
1175168
1176223
1177013
1177038
1177345
1178273
1179921
1180071
1180426
1181594
1182798
1183998
1186737
1186808
1186894
1186944
1187225
1188452
1192137
1192558
1193830
1195844
1197168
1197404
1199249
1200540
1201706
1202450
1203433
1203864
1204154
1204244
1205903
1206825
1210503
1211783
1211884
1212468
1212687
1213362
1213940
1214881
1215121
1215796
1216364
1216415
1216499
1218906
1221059
1221271
1221752
1222136
1222303
1223307
1223913
1224981
1225119
1227372
1227979
1228068
1228335
1229686
1236234
1236642
1237351
1238868
1239000
1239327
1239726
1239897
1242451
1244234
1244449
1244738
1246214
1246224
1251605
1252422
1254104
1255494
1255990
1256293
1257153
1258082
1258150
1258531
1260815
1263926
1264637
1264968
1265323
1266420
1268938
1270708
1271147
1271882
1272606
1273064
1273361
1273777
1275368
1276854
1276924
1277744
1280156
1281929
1281996
1282532
1285398
1285659
1287233
1287351
1288481
1290479
1290662
1290893
1293672
1295463
1295748
1296946
1297120
1298694
1298802
1299579
1301327
1302359
1302438
1302711
1303178
1304165
1304536
1305273
1306833
1307033
1307689
1308349
1311799
1312924
1313226
1314978
1315771
1317264
1318235
1319427
1320514
1320568
1323611
1324158
1324166
1324373
1326865
1327246
1330541
1331785
1332244
1332662
1333308
1334560
1335039
1336004
1336121
1336191
1336354
1337348
1337934
1343994
1344335
1345177
1345477
1345558
1346206
1347263
1349804
1350506
1350609
1351303
1351818
1352865
1354915
1357269
1357985
1359324
1360457
1360826
1361138
1363873
1364014
1364657
1366412
1367709
1368099
1371703
1373718
1373949
1375290
1375422
1377726
1378340
1379897
1381070
1381380
1382542
1382939
1384496
1384698
1387649
1389787
1390099
1390278
1390846
1391990
1392988
1393807
1398511
1400453
1401295
1402343
1402965
1403197
1403860
1409939
1409941
1409960
1410474
1410524
1410716
1410882
1411520
1411821
1412430
1412540
1414433
1414584
1417364
1417624
1418856
1419132
1419748
1419854
1422314
1422581
1423550
1425666
1426193
1426508
1426976
1429473
1430312
1432159
1433356
1433699
1438265
1439463
1441306
1441794
1441963
1443960
1444225
1444513
1444691
1445222
1445698
1446010
1446823
1448192
1448714
1449267
1449741
1450035
1450114
1453777
1453852
1454565
1455632
1455864
1456417
1457744
1457999
1458953
1459143
1461295
1462282
1462353
1462501
1463107
1463972
1464819
1469182
1469311
1469748
1471785
1472162
1472322
1472619
1472840
1473466
1473840
1474663
1475496
1477130
1478038
1480108
1482466
1483396
1484961
1485232
1488053
1488462
1490546
1490590
1491130
1491903
1492161
1493789
1495112
1495449
1495724
1496217
1497234
1497840
1499373
1500236
1501770
1502798
1505364
1505869
1506535
1508726
1509548
1509576
1511550
1511888
1512044
1513162
1513173
1513482
1514108
1514664
1514854
1516004
1516005
1516453
1518362
1518846
1520201
1520439
1521284
1522028
1522557
1522747
1522866
1524830
1526909
1527719
1529486
1530594
1531481
1532321
1532420
1533506
1536423
1537523
1538359
1538519
1540249
1541654
1542191
1543866
1547476
1547881
1547887
1549025
1550975
1551777
1552509
1553542
1553615
1553905
1554771
1556434
1556438
1556733
1557605
1557612
1558162
1558710
1558784
1559027
1559544
1560941
1562220
1562864
1563429
1564125
1565243
1565337
1565406
1565561
1566074
1567459
1568220
1568467
1571110
1571939
1572802
1573091
1573746
1574102
1574770
1575578
1576576
1577282
1577818
1580207
1580304
1581815
1582217
1583885
1584227
1584538
1584737
1585198
1586611
1587913
1587995
1588026
1588497
1588899
1589029
1589048
1590857
1593730
1593842
1595662
1596323
1597040
1597329
1600546
1600663
1600734
1600877
1603091
1603313
1603435
1604520
1604717
1605609
1606980
1607070
1607189
1608267
1608477
1609535
1609897
1610107
1610335
1611199
1611314
1613296
1613631
1613657
1615760
1617661
1618378
1618398
1618920
1618968
1619211
1620420
1622316
1622845
1623246
1623797
1625662
1625921
1626320
1626517
1626629
1627076
1629393
1630295
1631222
1631352
1631891
1631899
1631915
1633085
1634288
1634456
1634568
1636804
1637991
1639342
1640650
1642204
1643665
1644297
1645622
1646245
1650061
1650619
1650863
1655691
1658270
1658912
1660260
1661086
1662648
1662983
1663504
1665155
1666514
1666678
1667190
1667413
1668440
1668546
1668700
1669320
1670706
1670733
1671024
1671030
1671061
1672097
1673421
1676780
1677544
1678464
1679318
1679837
1680220
1681847
1682399
1683657
1684017
1684815
1687249
1687352
1690717
1691645
1692215
1693471
1694517
1694927
1696342
1697863
1698309
1699489
1700326
1700371
1700506
1700608
1700803
1702287
1702883
1703027
1704250
1706178
1706582
1706955
1708475
1708643
1708852
1710365
1710694
1710828
1711507
1711800
1713155
1713347
1713371
1713738
1714823
1719639
1720011
1720058
1723634
1724511
1725128
1725289
1726077
1726152
1727067
1728866
1729911
1730488
1730562
1731269
1733089
1733200
1733598
1734305
1735617
1736015
1736809
1737959
1738785
1739592
1739781
1742831
1744222
1748358
1748762
1749170
1751121
1752006
1752315
1753066
1753768
1754803
1755397
1756225
1759750
1761412
1761908
1762320
1763888
1765568
1765727
1766390
1767108
1768165
1769094
1770012
1770673
1773276
1773277
1773363
1773408
1773826
1775678
1776389
1776935
1777706
1778653
1778687
1779507
1780781
1780823
1782334
1785343
1785668
1785811
1786294
1789185
1789577
1789727
1792570
1792594
1796327
1797052
1797254
1800308
1801198
1803035
1804917
1805259
1807025
1808188
1808769
1809442
1809827
1810471
1816332
1818620
1818747
1819063
1819386
1820938
1821067
1823635
1824162
1824429
1825372
1826060
1826314
1826949
1827770
1828747
1829625
1832360
1833349
1836276
1836451
1839402
1840425
1840900
1841152
1841682
1842698
1843359
1844235
1844618
1844857
1844959
1845363
1845411
1849232
1849366
1849999
1850036
1851374
1853893
1854752
1854768
1856671
1856782
1859894
1860259
1861283
1862430
1863578
1863645
1868058
1869883
1871078
1871086
1872830
1874372
1875027
1876895
1877367
1878446
1878780
1879465
1879665
1879938
1880049
1881952
1883397
1883710
1883859
1884025
1884067
1885947
1888214
1888570
1889739
1889797
1892044
1893320
1893470
1894637
1894737
1895190
1895908
1896820
1898822
1899197
1899242
1900656
1900711
1901319
1902441
1903320
1903805
1904590
1905498
1905953
1906242
1906278
1906353
1906900
1908197
1909957
1910026
1911318
1913132
1913461
1915598
1916897
1919493
1920008
1921089
1921425
1923243
1924081
1924920
1928350
1929034
1930463
1932922
1932925
1933283
1934773
1936998
1937754
1938302
1939790
1940788
1941143
1941948
1945502
1945589
1947711
1948136
1948473
1950215
1950937
1951046
1951641
1951951
1953677
1955040
1956903
1957393
1958188
1960049
1961671
1962954
1963095
1963611
1964396
1964545
1966112
1966238
1966523
1966569
1967769
1968084
1969882
1970350
1970766
1972303
1972306
1972849
1973899
1974968
1977062
1977082
1977154
1977212
1977375
1978720
1979017
1979055
1979650
1979789
1981955
1982417
1982698
1983749
1984221
1984542
1986298
1986580
1986601
1987148
1987241
1989018
1989144
1989983
1990446
1991147
1994253
1995502
1996832
1997802
1998543
1998756
1999613
2000736
2002588
2002696
2003380
2004290
2007450
2007804
2011971
2012041
2012769
2013351
2013368
2013650
2015710
2015728
2015890
2015914
2017054
2021958
2023740
2023911
2024255
2024570
2027492
2028819
2029088
2030268
2031027
2031144
2031468
2032145
2033481
2034419
2034459
2035030
2035783
2036194
2036260
2037241
2037544
2038083
2038579
2039278
2040179
2041202
2041847
2042452
2042480
2043001
2044003
2045948
2046609
2046677
2047066
2047201
2047814
2049572
2049662
2050330
2052248
2052470
2053157
2053736
2053941
2054403
2055061
2055276
2055287
2057146
2057373
2058628
2059131
2061515
2061791
2063542
2063580
2064213
2064393
2064964
2065300
2065651
2067318
2069621
2071273
2071337
2071627
2071754
2071889
2072049
2072148
2073694
2075774
2075813
2076191
2076297
2077670
2077778
2080028
2080454
2080602
2080678
2081314
2081467
2082989
2083658
2084846
2085679
2086167
2088030
2088119
2088669
2089673
2089753
2089854
2090454
2091586
2091695
2094658
2097454
2098118
2100173
2100741
2101525
2102459
2104565
2105772
2108118
2108511
2108522
2109305
2109907
2110047
2112038
2113322
2114398
2115451
2115492
2115918
2116439
2116940
2117967
2119023
2121156
2122195
2122287
2122452
2122493
2123132
2123911
2124584
2126016
2127648
2127845
2128616
2129318
2129423
2130200
2130974
2132020
2133089
2133101
2133635
2134361
2135120
2136280
2137420
2138021
2140885
2142539
2142752
2144254
2145502
2146754
2147385
2147495
2147814
2148611
2148902
2149159
2149327
2149709
2150106
2150216
2151367
2152111
2153442
2154214
2154534
2154878
2156403
2157660
2158164
2158460
2158507
2159642
2160297
2161155
2161503
2164428
2166033
2169637
2170084
2172063
2172988
2173677
2174249
2175049
2175171
2176303
2176473
2177007
2177843
2179801
2180344
2180429
2181675
2182577
2183061
2185704
2186259
2186581
2187684
2188190
2189757
2190071
2191509
2191782
2191815
2193274
2194585
2194589
2195378
2195452
2195744
2196044
2196242
2198907
2199700
2199930
2200477
2201514
2202317
2202729
2202755
2203993
2204290
2205582
2205847
2206163
2206456
2206778
2208258
2210679
2210900
2212549
2212613
2215079
2215831
2219019
2219033
2219211
2220356
2220420
2222331
2222373
2223444
2223945
2224007
2224614
2225701
2225806
2225905
2225978
2226158
2226380
2228552
2228599
2229627
2229766
2231856
2232101
2233330
2233929
2235930
2236495
2236674
2238888
2239442
2240627
2241086
2241122
2241247
2242633
2242771
2243388
2243874
2244982
2245066
2245271
2247126
2247749
2248756
2251137
2251476
2252380
2252834
2254808
2254921
2255665
2257406
2257858
2259446
2259669
2259736
2260462
2261169
2262991
2265338
2265845
2266012
2268370
2269135
2270603
2271316
2271633
2274762
2277775
2281799
2284426
2284474
2285145
2285191
2285347
2285468
2286738
2287498
2288340
2288876
2289555
2289711
2290312
2290803
2292728
2292923
2294665
2295436
2295926
2296277
2298233
2298440
2299473
2299832
2300769
2301114
2301412
2303846
2305090
2305239
2306556
2308785
2309087
2309683
2313731
2314510
2317156
2319103
2319191
2319600
2320219
2320806
2321331
2321352
2323482
2324841
2327622
2327628
2328651
2328983
2331798
2338408
2338930
2339251
2340042
2340332
2345520
2346185
2348494
2349811
2349813
2350258
2350733
2350967
2351280
2351495
2352811
2353558
2354238
2354442
2355127
2355564
2356076
2357280
2358362
2359645
2359761
2361881
2362126
2364293
2365463
2367214
2367258
2367438
2367528
2367744
2370905
2371677
2372578
2374569
2374661
2375392
2375488
2375697
2380694
2381854
2382069
2384084
2391920
2392371
2393306
2393533
2394561
2396749
2398218
2399233
2400676
2400742
2401736
2403094
2404329
2404397
2404517
2404877
2407039
2408667
2410341
2412136
2412564
2412566
2413953
2414008
2416264
2417220
2418635
2420725
2422206
2422727
2423181
2423371
2424280
2424879
2426516
2427922
2431685
2431916
2431964
2432142
2433029
2433287
2433414
2433677
2434819
2435289
2435687
2436394
2436871
2441227
2441231
2441659
2442047
2442373
2443795
2444107
2444623
2444872
2444959
2445467
2445854
2447574
2448178
2449205
2450122
2451468
2451614
2453479
2456434
2456691
2460822
2461272
2462195
2462883
2462895
2462903
2463386
2467176
2468012
2468170
2468972
2471217
2471229
2472853
2473339
2474258
2474342
2475763
2476680
2477067
2479145
2481060
2481555
2482224
2485478
2486165
2486393
2487763
2490223
2491012
2491944
2496332
2497690
2497993
2498460
2498578
2498633
2499406
2499720
2500214
2500822
2501059
2502858
2503866
2504093
2505643
2507525
2507886
2508952
2509108
2509881
2510495
2511451
2512309
2513960
2514012
2514657
2515382
2516707
2516956
2518607
2522702
2523143
2524825
2525041
2525778
2526668
2527706
2527783
2529844
2530228
2530541
2531923
2531986
2533531
2533653
2533979
2534334
2534809
2535367
2535890
2536722
2538212
2539042
2540591
2542135
2542727
2543241
2543937
2545451
2546472
2548403
2548612
2552425
2552897
2555554
2556213
2557167
2557529
2560269
2560791
2560945
2563133
2564168
2564759
2565408
2565869
2566984
2567027
2567459
2567701
2567773
2569077
2569640
2569747
2570698
2571689
2572068
2574275
2574476
2575362
2575890
2577395
2577452
2578158
2578578
2578616
2578722
2579677
2582295
2583292
2583300
2583415
2583541
2583844
2584938
2586031
2586705
2589184
2590005
2590094
2591553
2591995
2593589
2594354
2594380
2596648
2597060
2597742
2599158
2600947
2601179
2603100
2603373
2604737
2605913
2607406
2609107
2610479
2611678
2612886
2613015
2613502
2614097
2614481
2615771
2618334
2619520
2620317
2621457
2622077
2622093
2624051
2624080
2626420
2626574
2628137
2628571
2629105
2630214
2630991
2631600
2631957
2632084
2632840
2632887
2634212
2634281
2634289
2634729
2636260
2637802
2638864
2639999
2640017
2640442
2640886
2642327
2642408
2643434
2645017
2645139
2646795
2648794
2649101
2649280
2649736
2650252
2651338
2652525
2654975
2655009
2656890
2657319
2657534
2657776
2658018
2660221
2660797
2661957
2662327
2662511
2663172
2664487
2664930
2665627
2666253
2667688
2668825
2668952
2669062
2669480
2670520
2670810
2675962
2676496
2677146
2678507
2681657
2682100
2684433
2684767
2684777
2685230
2686254
2686890
2688109
2688260
2688274
2688327
2689348
2689874
2689891
2690838
2691203
2691807
2693213
2693933
2694295
2694431
2694699
2696413
2697155
2699085
2699551
2700090
2702472
2702898
2703267
2705871
2705935
2707231
2707509
2707558
2707684
2708172
2710775
2712488
2714275
2714619
2715309
2715468
2716526
2717991
2718639
2718967
2719302
2720325
2720405
2720420
2721852
2724542
2725083
2726389
2727121
2727949
2728353
2729278
2730045
2731982
2732719
2733271
2735152
2735727
2737196
2738331
2741493
2742267
2742584
2742788
2742919
2744178
2744812
2745175
2745599
2746019
2748220
2750605
2751098
2751299
2751314
2752134
2752296
2752335
2753724
2755208
2756818
2761797
2762808
2764789
2765385
2766679
2767573
2768044
2771903
2773827
2773956
2774570
2774863
2775210
2777940
2779654
2779807
2779904
2780495
2781202
2784565
2784907
2785582
2786262
2789070
2789862
2791754
2793662
2795048
2796051
2796481
2798277
2798792
2799738
2801103
2801526
2803583
2803794
2803986
2804644
2805882
2806557
2808606
2809569
2809846
2810030
2810619
2810916
2811081
2811160
2811967
2811983
2813100
2813175
2814619
2816356
2816376
2817148
2817383
2819750
2823161
2823921
2824317
2825098
2825431
2825616
2826028
2826149
2826587
2827246
2827452
2827851
2830246
2831416
2833011
2833170
2834961
2834968
2835362
2835756
2835899
2837273
2839532
2841048
2841935
2844914
2845132
2846986
2847765
2850155
2851226
2851503
2853336
2853873
2855157
2855357
2855853
2856064
2856088
2856707
2856952
2858689
2859569
2860087
2860324
2860763
2862271
2862805
2863957
2866998
2868918
2869616
2869629
2869829
2870378
2870414
2871269
2871960
2872497
2872882
2875527
2875618
2875630
2877429
2877970
2878329
2879683
2879801
2881187
2881962
2882547
2883492
2884118
2884259
2884411
2885076
2886305
2887986
2889780
2890875
2891055
2891136
2893521
2894186
2895149
2895180
2895221
2896019
2897079
2897650
2897916
2900612
2900704
2900856
2901572
2902633
2902696
2903929
2904476
2905070
2906363
2906692
2906760
2908186
2911260
2912438
2912671
2913183
2913762
2914512
2915095
2915940
2917019
2918721
2919900
2922368
2923139
2923789
2924031
2924186
2925321
2926403
2926435
2927742
2928221
2928837
2930143
2931245
2931947
2931949
2936136
2936344
2937735
2939242
2939778
2940352
2941898
2943675
2945343
2946167
2949145
2951257
2953200
2953283
2953350
2953484
2955487
2955732
2956948
2957633
2959482
2962470
2962513
2962599
2963120
2964079
2965094
2966745
2967376
2968739
2968810
2970314
2971525
2971635
2971989
2972427
2973327
2973861
2974126
2976270
2976982
2977524
2977772
2979333
2981624
2982401
2982877
2983926
2984023
2985670
2986912
2987007
2987059
2989660
2989748
2991813
2992430
2992952
2993662
2994461
2994642
2995923
2996399
2998761
2999467
2999813
3001008
3001573
3002078
3003291
3003405
3006099
3007987
3008915
3009318
3011083
3011982
3012690
3013572
3015237
3015293
3016057
3016290
3016291
3018245
3018265
3020552
3020954
3021037
3022777
3022798
3023231
3023958
3025079
3025486
3026366
3028768
3035166
3035344
3035730
3036548
3036752
3037478
3038502
3039548
3039946
3040875
3041531
3041729
3044135
3044159
3044764
3045527
3048710
3050366
3050972
3052324
3052402
3053418
3053522
3054210
3054905
3056431
3056569
3056731
3057632
3058363
3059211
3060444
3060615
3060674
3060882
3061145
3061301
3061825
3061904
3061989
3063189
3063625
3064025
3064331
3064450
3064662
3065108
3066492
3066570
3066739
3069215
3072432
3072690
3073285
3073947
3073994
3074725
3075017
3075158
3075815
3076437
3079636
3079799
3079899
3080092
3080851
3080944
3083443
3084179
3084392
3084532
3085518
3086801
3087059
3087260
3087326
3087469
3087623
3089274
3089275
3089558
3090027
3090890
3091503
3092050
3093874
3097698
3098098
3099554
3099709
3100427
3100535
3100726
3101749
3102103
3102142
3102474
3102629
3104505
3104578
3104739
3104941
3108933
3108958
3109016
3109278
3112133
3113196
3113992
3114237
3115026
3116237
3116238
3117532
3118845
3120132
3120648
3122396
3125260
3127286
3127429
3127784
3127841
3128911
3129656
3129822
3131026
3131284
3131886
3132277
3133378
3133755
3134832
3136920
3139240
3139243
3139280
3140012
3140929
3141098
3142275
3144503
3145186
3146490
3146779
3146978
3147383
3147465
3149799
3149932
3151735
3153430
3155426
3156396
3156528
3156848
3156898
3157701
3157727
3158240
3159570
3160784
3160943
3163094
3165129
3165802
3167752
3168277
3169207
3169353
3171984
3173828
3175486
3175507
3177422
3177738
3177758
3179995
3180526
3180674
3181872
3182411
3183989
3184918
3190563
3190673
3192057
3192332
3195331
3195823
3195856
3196533
3199385
3199403
3200011
3200531
3202652
3202933
3203536
3203955
3205565
3207076
3207460
3207696
3208327
3208753
3209058
3209120
3210361
3210457
3210847
3210854
3211845
3212354
3213041
3215556
3215849
3217180
3217415
3217866
3217955
3218167
3218689
3221207
3221682
3222650
3224101
3224120
3225543
3226065
3227771
3230508
3230593
3231264
3231351
3232014
3232197
3234265
3237741
3240596
3241129
3242199
3244299
3244935
3245783
3247240
3248306
3249244
3251175
3251312
3252253
3252350
3254939
3255886
3256718
3257541
3259473
3263355
3263668
3264366
3264542
3268583
3269229
3269347
3270919
3271005
3271720
3272415
3274043
3274319
3274378
3275644
3276793
3280186
3282989
3283254
3283286
3285827
3286217
3287324
3288575
3291227
3291384
3291559
3292119
3292598
3293579
3294858
3295155
3295610
3296125
3297391
3297605
3297736
3298231
3298241
3299274
3299368
3299933
3300032
3300465
3300554
3302367
3303173
3305151
3305355
3305757
3305940
3307087
3307450
3308387
3308530
3309329
3309919
3310130
3311263
3311734
3314442
3314951
3316214
3318100
3320802
3322398
3322551
3322753
3324255
3327691
3328662
3330143
3331289
3331481
3331739
3331834
3332428
3334505
3334894
3336399
3338064
3338253
3338918
3339248
3340057
3340303
3340744
3341937
3342591
3344196
3344230
3344537
3344692
3345737
3346872
3348133
3349042
3351773
3351808
3352062
3353688
3354798
3358203
3358407
3358791
3359212
3360003
3360405
3360669
3361890
3362519
3363791
3363988
3364455
3365823
3367719
3369603
3370342
3371032
3372081
3372673
3373707
3377096
3379869
3380412
3382121
3382578
3383124
3384416
3386022
3386210
3387753
3387879
3388389
3389393
3391042
3391411
3392436
3392501
3393241
3394770
3395233
3397426
3398224
3399166
3399201
3399356
3399365
3399801
3399879
3404573
3404989
3406826
3406846
3407375
3407864
3409351
3409654
3409926
3410590
3410716
3410797
3411978
3412011
3416207
3416639
3417419
3417735
3418618
3418693
3418696
3418754
3419134
3419910
3422105
3422331
3422561
3423670
3424593
3424995
3426758
3427612
3428299
3429248
3430841
3432438
3432947
3432967
3435485
3437480
3438137
3438435
3438573
3439222
3439359
3439511
3439609
3440010
3441791
3442303
3443471
3445310
3449039
3452084
3453667
3454502
3456252
3456421
3456956
3457370
3457613
3458391
3458599
3458870
3459198
3459517
3459579
3461549
3464022
3464547
3464846
3465616
3465748
3466212
3466426
3467411
3468898
3469010
3469566
3470183
3471020
3471380
3472832
3475020
3475232
3476566
3477319
3478187
3478790
3479145
3480908
3481058
3481454
3482030
3483046
3484416
3484976
3485876
3486826
3487771
3488766
3490496
3490678
3495725
3499873
3503411
3503502
3504087
3505444
3506479
3506931
3507525
3509297
3513293
3513365
3515857
3516834
3517617
3518889
3520346
3520537
3522957
3524112
3524438
3524868
3526495
3527945
3528989
3529036
3529483
3529947
3530310
3531625
3532072
3532430
3533114
3533853
3534200
3536754
3537419
3538057
3538388
3538775
3540021
3541070
3542365
3542910
3542912
3544335
3544721
3545131
3548306
3549477
3550588
3550999
3551176
3552119
3552362
3553531
3554001
3556224
3556542
3556576
3558569
3558783
3559217
3559923
3560547
3562892
3563287
3563289
3564011
3564520
3564653
3564834
3565280
3567447
3567458
3570489
3572135
3573529
3573779
3575337
3575807
3578389
3578481
3579276
3579543
3580089
3580179
3580332
3580395
3583239
3583787
3585409
3585504
3585647
3586706
3588387
3590973
3592595
3593661
3595248
3595641
3595798
3596976
3597083
3598097
3600614
3600767
3604097
3605097
3606990
3608471
3608629
3609307
3609772
3610213
3610555
3611582
3611862
3612614
3613073
3613652
3613700
3613765
3615492
3616938
3617638
3618544
3618681
3621736
3621788
3622993
3623042
3623885
3625335
3626049
3626450
3626964
3626975
3627162
3627745
3629071
3629196
3630045
3630306
3631790
3631986
3632460
3633880
3634845
3634932
3636834
3637532
3640327
3640784
3641361
3642341
3643150
3643842
3645315
3646708
3647800
3647840
3648622
3649956
3650026
3650604
3652240
3652433
3653880
3655373
3656270
3657494
3658962
3659115
3660931
3662786
3664768
3665465
3665774
3665852
3666903
3667233
3667385
3667954
3668011
3668116
3670777
3671565
3674613
3675990
3677483
3679737
3682866
3683153
3683332
3685232
3685659
3687101
3688866
3688869
3689907
3690042
3690879
3691148
3692102
3697045
3697313
3697841
3697968
3699030
3702669
3703894
3704600
3706238
3706376
3706903
3707860
3708483
3709115
3709522
3710543
3711006
3711975
3714310
3714974
3715529
3715827
3716172
3716312
3716618
3717751
3718362
3718940
3719449
3721642
3721654
3722602
3722658
3723774
3724167
3727591
3728773
3732167
3733329
3734766
3734871
3735022
3736423
3737506
3737620
3738020
3738523
3738870
3738888
3739458
3740629
3740920
3741469
3742573
3742987
3744924
3746415
3746657
3747873
3748513
3749497
3754624
3754761
3755685
3756535
3759812
3759940
3760237
3762773
3763112
3763743
3765454
3767496
3768567
3769093
3769138
3769219
3769646
3769866
3770109
3770165
3770229
3771276
3771390
3772623
3773194
3774474
3775706
3777338
3777511
3778159
3778548
3778833
3780151
3780198
3780235
3781146
3782944
3784511
3784920
3785055
3787892
3788458
3790280
3791075
3791797
3793422
3793585
3794350
3795434
3796836
3797797
3799025
3800932
3801239
3802302
3803571
3803880
3804194
3804846
3805681
3806337
3808737
3809931
3811469
3811666
3811768
3813741
3814409
3815892
3816271
3816438
3817006
3817133
3818058
3819152
3819715
3819917
3820327
3822566
3822985
3823047
3823896
3824409
3827067
3828096
3828233
3828527
3829037
3829176
3829970
3829984
3830266
3831535
3831812
3832513
3833218
3833329
3835705
3835789
3836836
3838594
3841700
3842976
3844028
3844439
3846096
3847003
3847559
3847892
3848120
3849018
3849890
3851148
3851793
3852023
3852947
3855664
3855814
3856252
3856523
3856806
3857416
3857591
3858192
3860016
3861278
3863940
3865214
3865310
3866534
3870118
3870302
3872662
3873673
3874594
3877389
3878018
3878653
3879129
3879298
3879623
3879785
3880185
3881403
3881965
3882916
3883929
3884021
3884163
3885868
3885895
3888001
3890116
3890307
3891102
3891826
3892103
3893207
3893840
3893862
3894427
3895086
3895131
3895171
3896733
3897112
3897132
3898711
3899853
3900121
3900646
3900810
3901334
3902531
3902961
3908684
3909429
3910564
3910795
3913139
3913239
3915070
3915169
3916820
3917279
3917360
3917549
3918168
3920906
3922056
3923522
3924056
3925183
3926603
3926884
3927097
3929175
3929418
3929959
3930594
3933112
3933329
3934728
3934935
3935072
3935566
3935959
3936449
3937467
3938861
3939278
3939899
3940037
3940345
3941429
3941452
3942776
3944453
3945714
3947898
3948343
3949086
3949869
3950880
3950927
3951194
3952241
3953512
3954175
3955279
3955368
3959452
3959531
3960022
3961111
3961990
3963476
3964363
3965566
3965735
3966858
3967006
3969063
3970997
3977885
3977983
3982401
3982759
3984447
3984854
3985127
3985971
3986038
3986330
3987303
3988136
3989856
3989933
3991080
3992636
3992986
3993160
3993858
3996188
3996860
3997708
3997823
3998395
3998600
4000352
4001565
4001667
4002415
4003516
4004414
4004575
4004646
4004731
4006016
4006093
4007567
4007736
4007866
4008897
4009253
4014074
4014116
4014925
4015263
4015405
4015927
4016749
4016973
4018379
4019307
4019868
4020110
4020632
4021526
