430
441
701
803
863
984
1240
1263
1556
1808
1820
1858
2806
3090
3681
4917
4960
5588
5851
5981
6161
6748
6942
7170
7470
8115
8820
9022
9353
9778
9933
10086
10252
10757
11149
11488
11648
11661
11828
11876
12418
12708
12951
13145
13440
13651
13854
13900
14085
14291
14316
14466
14714
14867
15459
15914
15932
16288
16475
16597
16753
16832
16947
17199
17324
17415
17556
18111
18158
18725
18744
19180
19306
19499
20271
20508
20539
20609
20751
21402
21666
21667
21857
21940
22896
23061
23283
23908
23925
24275
24453
24873
24931
25239
25543
25674
26615
26709
26734
27297
27405
28339
28704
28724
28964
29053
29149
29271
29647
29736
29859
30122
31177
31316
31438
31590
31652
31715
32149
32665
32879
32945
33152
33231
33785
34592
34755
35056
35278
35585
35823
36272
36554
37419
37882
38090
38271
38272
38348
39268
39456
40250
40414
40575
40790
40791
41208
41285
41645
41864
41940
41943
42167
42806
43647
44151
45363
45740
45962
45982
47020
47062
47165
47690
47764
47778
48606
48738
48823
49258
49572
49594
49661
49834
49972
50409
50568
50767
51789
52248
52460
52718
52768
52914
53411
53659
53951
54315
54689
54785
55179
55502
56156
56488
56533
56647
57081
57314
58673
59048
59266
59449
60006
60047
60405
60982
61506
61980
62290
62339
63150
63216
63258
63853
63933
64203
64251
64484
64600
64920
65168
65290
65942
66292
66605
66892
67380
67482
67830
68363
68591
68857
69089
69576
69815
70486
70786
71277
71342
71695
71787
72166
72271
72391
72401
72452
72525
73139
74374
75054
75208
75428
75616
75821
75875
75899
76471
76534
76976
77204
77336
77434
77657
78281
78507
78976
78987
79123
80384
80865
81242
81342
82050
82382
82902
83116
83195
83526
83668
83857
84014
84299
84544
84943
84988
85402
85951
86435
86570
86593
86713
86998
87078
87161
87211
87328
87694
87826
88043
88428
89011
89100
89234
89353
89722
90257
90444
90483
90653
90727
90909
91857
92904
93948
93980
94065
94857
95475
95569
96091
96125
96579
96616
96647
96939
97014
97336
98096
98312
98947
99285
100093
100311
100951
101050
101746
101825
102037
102112
102122
102182
102505
103017
103317
103547
104369
104796
105034
105061
105586
105588
105835
106536
106744
106764
107380
107396
107886
108419
108541
108899
108949
110428
110953
111056
111753
111763
111914
112549
113064
113644
113952
114526
114701
115340
115347
115695
117593
117800
117805
118570
119150
119169
119233
119586
120082
120878
121189
121570
121588
121603
121649
121885
122038
122069
122125
122697
123139
123267
123476
123495
123521
123872
125454
125760
125891
126666
127355
127363
127704
127860
128189
128480
128511
128572
129048
129526
129699
130590
130995
131287
131359
131524
131921
132600
132619
132832
132999
133143
133544
133610
133614
133866
133955
134708
134756
134797
135035
135047
135216
135429
135607
135776
135785
135976
136331
136687
136780
137344
137797
137886
138055
138090
138505
138774
139042
139710
139740
139988
140134
140860
141114
141321
141390
141392
141509
141812
142070
142293
143106
143198
143531
143755
143837
144022
144125
144981
144993
145360
145524
145806
145865
146328
146637
146781
146932
147184
147303
147744
148742
149003
149072
149435
149509
149676
149874
150116
150272
150386
150555
151547
152359
152523
152688
152882
153672
153740
154181
154294
154658
154763
155106
155205
155287
155575
155616
155961
157060
157779
158011
158301
158556
159147
159572
159597
160349
160455
160643
160868
161146
161451
161538
161781
161791
161859
162672
162743
162916
163076
163168
163526
164521
165331
165829
166508
166530
166629
167191
167235
167315
167380
167437
168628
168923
169849
170085
170142
170426
170740
170760
170913
171117
171424
172035
172773
172855
173988
174153
174160
174341
174420
174823
175225
175479
175605
175678
176319
177170
177719
178106
178380
178676
179581
179773
180708
180845
180883
181505
181653
182678
182947
183219
183243
184174
184397
184639
184676
184771
185414
186013
186767
187519
187624
187948
188307
188928
189563
190395
190632
190988
191262
191417
191510
191937
192242
193439
193500
193712
193857
193899
193997
194391
194393
194803
194917
194921
195077
195260
195593
195938
195951
196938
197074
197548
197558
197714
197716
197832
197993
198018
198547
198617
198709
199081
199089
199445
200308
200352
200612
200670
201859
201982
202142
202669
202792
203285
203314
203524
203784
203953
204228
204235
204258
205144
205213
205256
205597
205694
206523
206542
206925
208209
208382
208566
208678
208843
209598
209770
210459
210732
211414
211581
213054
213221
213546
213847
213957
213972
214331
214694
215760
215805
215817
216011
216050
216117
217293
217749
219162
219386
219547
220436
220465
220477
220588
221053
221102
221347
222130
222247
222379
222398
223286
223772
223895
224011
225568
227021
227733
227779
227885
228246
228317
228471
228535
228760
229191
229455
229845
230062
230595
231144
231182
231437
231483
232029
232087
232321
232455
233800
233950
234494
234638
235009
235373
235451
235459
236256
237177
237367
237497
237702
237791
237907
238578
238941
239267
239377
240664
240972
241108
241900
241969
242073
242188
242305
242430
242957
242960
243070
243081
243142
243303
243316
243424
243472
243656
244506
245120
245210
245497
245773
245907
246283
246363
246399
246411
246420
246630
246934
247231
247393
247726
248013
248343
248879
249105
249143
249407
249767
250258
250437
250605
250741
251097
251507
251736
252089
252437
252467
252641
252663
252995
253141
253491
254668
254857
254861
255068
255707
256091
256103
256868
257085
257844
257959
258089
258351
259375
259614
259652
259795
259976
260109
260162
260197
260293
260532
260551
260631
260817
260836
261152
261462
261604
261897
262377
262420
262555
263482
263764
264448
264661
264772
264969
265119
265314
265689
266517
267028
267577
268066
268600
268813
269179
269262
269579
269791
270007
270291
270599
270715
270725
270992
271010
271012
271223
271710
272453
272543
272547
272618
273535
274224
274356
274691
274709
274899
275486
276137
277147
277459
277489
277986
278508
280312
280818
281515
281763
282007
282012
282249
282509
282602
282660
283585
283646
283763
283899
284011
284072
284747
285102
285142
285506
286362
286369
286471
286759
287289
287445
287787
288093
289355
289991
289996
290067
290301
290365
291119
291231
291324
291330
291668
291711
292860
292924
293425
293468
294291
294310
294896
296294
296884
296992
297238
297492
297559
297637
297645
298403
298489
298559
299061
299114
299159
299894
299968
300403
300526
300557
301166
301309
301371
301494
302031
302078
302150
302188
302195
302822
302908
302957
303880
303974
304078
304945
305806
305976
306439
306475
306831
306868
307204
307553
307618
307680
307905
308118
308301
308324
308493
308595
308853
308926
309010
309229
309380
309550
309600
310454
310873
310907
311406
311590
311661
311737
312226
312297
312325
312413
312453
313439
313638
313707
314062
314184
314655
314963
314976
316185
317349
317367
317744
317761
318090
318105
318675
318912
318929
319061
319218
319787
319797
320064
320082
320333
320559
320748
320899
321057
321712
321827
322218
322358
322775
323077
323288
324648
324851
325491
325859
326030
326206
326491
326997
327358
327546
327699
327977
328257
328756
328854
328938
328962
329000
329374
329517
329702
329764
330089
330994
331127
331361
331728
331905
332687
332931
333069
333133
334072
334198
334541
334575
334719
336706
336770
336936
337240
337691
338168
338764
338849
339042
339195
339327
340155
340211
340935
341227
341313
341791
342852
342875
342884
343275
343456
343575
343880
343935
344134
344139
344543
345431
346027
346274
346426
346681
347438
347667
348116
348176
348297
348433
348486
349132
349715
349922
349935
349951
350057
350386
350552
350785
351014
351210
351349
351534
352342
352990
353151
353276
353470
353559
354828
356267
356324
356775
356820
356918
357045
357244
357464
357725
358298
358496
358594
358787
359467
359830
360341
360472
361397
361520
361610
362626
363001
363406
363488
363692
364145
364231
364482
364485
364728
365373
365903
365950
366096
366358
366491
366689
367052
367276
367919
368207
368746
368768
368861
369462
369737
370067
370198
370592
370630
370641
370776
370913
371566
371575
371647
372025
372459
372697
372750
372931
373142
373255
374225
374244
374974
375334
375471
375563
375570
375664
375879
376282
377097
378126
378406
378644
379623
379740
379799
380044
380053
380735
380838
381112
381234
381478
381666
381723
381784
382133
382836
384030
384409
384566
384659
384689
384711
385062
385105
385401
386193
386394
386410
386540
387126
387728
387755
387839
387959
387967
388278
388785
389748
390118
390147
390164
390273
390398
390678
391216
391238
391751
392183
392277
392402
392411
392696
392733
392990
393033
393080
393552
393959
394030
394061
394244
394374
394615
395555
396456
396579
396633
396652
396872
397598
397703
397991
398529
398795
398807
399564
399656
400137
400187
400439
400442
400866
401309
401345
401415
401811
402264
402973
403215
403803
403844
403936
404085
404388
405176
405191
405231
405310
405406
405896
406263
406529
407389
407617
408752
409775
410167
410661
410928
411480
411538
412045
412457
412551
414664
415024
415086
415407
415473
415610
415685
416149
416339
416391
416407
416662
416860
418190
418408
418765
419010
420160
420163
420321
421250
421343
421498
421852
422043
422057
422235
422263
422677
422853
423096
423125
423213
423835
423929
424481
424647
424678
424973
425319
425501
425942
426236
426382
427097
427915
427947
428070
428624
428794
428870
429588
430515
430853
431187
431191
431277
431368
431833
431895
432382
432473
433071
433095
433277
433364
433808
434294
434445
434453
434923
435045
435286
435301
435634
435845
436174
436304
436437
436460
436519
436563
436851
437012
437875
438610
438706
438732
438746
438842
438859
439959
440026
440217
440590
440705
440715
440841
440901
441196
441737
442023
442119
442145
442379
442619
442687
443091
443246
444022
444034
444117
444275
444326
444975
445034
445126
445640
445866
446120
446126
446232
446438
446452
446600
446657
446979
447830
448226
448344
448812
449016
449235
449857
450597
451073
451133
451780
452156
452389
452829
453137
453177
453241
453670
454155
454196
454276
454588
454788
454953
455321
455852
455958
456237
456842
457078
457382
458056
458509
458912
459324
459961
460529
461388
461429
461740
462005
462045
462391
463149
463512
463612
463910
464094
464200
464268
464778
464780
464833
464845
465065
465475
465640
465675
466608
466713
467118
467759
468185
468778
468796
468846
468889
469047
469127
469382
469544
470497
470608
470777
471000
471090
471105
471236
471595
472000
472706
472838
472942
473211
473418
473681
474053
474096
474117
474649
474694
474789
475089
475302
476009
476064
476631
477034
477100
477209
477518
477532
477876
477987
478202
478386
478411
479330
479391
479579
479714
480037
480054
480535
481355
481598
481702
481857
482162
482197
482485
482791
482975
483535
483657
483702
484177
484496
484780
485020
485115
485316
485594
485788
485950
486258
486354
486586
486785
487262
487943
488235
488418
488457
488617
488702
488791
489441
489909
490244
491443
492020
492086
492389
492415
493225
493264
493563
493856
493919
494222
494691
495096
495102
495643
495854
496992
497107
497371
497382
497432
497608
497617
497665
497754
497977
498508
498785
498845
499324
499581
499678
500370
500781
500884
501383
501685
501768
502520
502854
503270
505365
505680
506126
506288
506349
506497
507026
507223
507296
507949
508256
508808
509213
509487
510201
510354
510505
510605
510738
511019
511066
511318
511831
511943
512135
512189
512900
513689
513765
514207
514379
514809
515974
516132
516503
516877
517252
517380
517548
517644
518095
518235
518314
518358
518600
519567
520475
520725
520751
521601
521709
522044
522068
522838
523038
523151
523348
523404
523586
523859
523915
524194
524467
524754
524909
525405
525966
526096
526167
526648
527139
527658
527934
528055
528061
528204
528205
528279
528317
528425
528692
528826
528925
529382
529447
529568
530051
530161
530317
530581
530750
531122
531688
532145
532251
532513
533017
533055
533467
533575
533890
534328
534871
534913
535150
535654
535984
536009
536095
536593
536968
537775
537820
537929
538343
538613
538751
538785
538825
539349
539673
539851
540361
540705
541038
541286
541422
541597
541619
542050
542214
542625
542849
543192
544310
544340
545188
545715
545717
545731
546442
546598
546921
546940
547297
547826
547871
548068
548428
548703
548716
548784
549016
549412
550428
550493
550679
551131
551294
551530
551642
551744
552344
552667
553135
553170
553605
554500
554613
554614
554746
554773
554789
554927
555047
555116
555947
556069
556329
556509
556572
556729
556870
557061
557320
557828
559779
561852
562004
562677
562814
563512
563576
563657
563700
563708
564111
564426
564597
564624
564747
564788
564942
564973
565502
565902
566054
566086
566211
566784
567071
567094
567754
567932
568210
568354
568779
568953
568992
569347
570698
570971
571279
571560
571971
572278
572714
573243
573305
573594
575011
575042
575052
575627
575675
575960
576151
576321
576363
576547
577610
577665
577771
577872
577966
578102
578265
578410
578985
579178
579401
579874
579941
580086
580213
580468
580908
580950
581565
581598
581611
581714
581960
581992
582084
582492
582578
583386
583584
583617
583652
583670
584279
584541
584566
584771
584859
585023
585034
585154
585351
586121
586473
586860
586920
587090
587179
587622
587866
588108
588186
588277
588683
588802
589064
589335
589680
589771
591152
591330
591683
591836
592161
592484
592650
592895
593029
593510
594274
594478
594601
595533
595550
596429
597093
597492
598119
599296
599376
599439
599936
600832
600954
601245
601867
601900
602017
602071
602469
602674
604463
605109
605168
605308
605472
605775
606239
606479
606757
606945
607015
607183
607580
607935
609346
609513
609683
609791
609981
609982
610058
610852
611638
611973
612101
612128
612689
613120
613698
614500
614993
615092
615272
615349
615694
615911
616000
616460
616914
617005
617497
618166
618453
618551
619084
619134
619587
619931
620690
621028
621173
621200
621343
621446
621494
623202
623260
623708
623956
624332
624632
624818
624967
625618
626067
626130
626239
626460
626475
627578
627904
628077
628119
628194
628521
628588
628746
628814
629096
629723
630479
630517
631100
631206
631616
631714
631928
633588
633741
633778
633787
634410
634802
635639
635964
635972
636661
636850
636853
636917
637132
637158
637559
638428
638735
638743
639021
639202
639301
639334
639748
639931
641044
641220
641848
641885
642118
642417
642446
642531
642688
642764
643032
643163
643310
643342
643362
643649
643952
644170
644322
644339
644877
644991
646024
646273
646417
646494
646801
646853
647458
647518
647598
648184
649036
649046
649222
649536
649541
649780
650354
650647
651086
652073
652438
652570
652669
652773
653287
653580
653878
655310
655445
656032
656035
656355
657212
657539
657610
657860
658559
658612
658828
659277
659512
659757
660245
661153
661380
661465
661790
662495
662564
662895
663043
663610
663958
664406
664975
665049
665160
665793
665938
666053
666089
666092
666323
666383
666409
666607
666735
667051
668156
668260
668427
668673
668850
669272
669718
670015
670181
670411
670584
671006
671329
671452
672145
673113
673134
673514
673610
673837
674149
674320
674321
674580
675015
676047
677424
678524
679065
679081
679289
679622
680005
680106
680245
680265
681238
681270
681320
681704
682015
682154
682217
682512
682546
682604
682740
683335
684228
684701
685035
685496
685674
686212
687149
687497
687597
687618
688555
689338
689528
689588
689730
689841
690048
690214
690684
690725
690833
690912
691318
691431
692190
692458
692501
692769
692927
692941
693426
693952
694302
694593
694670
694894
695835
696074
696378
697366
698591
699028
699291
699339
699618
699641
700189
700371
700668
700930
701560
701794
701966
702484
702622
702729
702829
702959
703394
703510
703597
703604
704026
704184
704521
704685
705033
705246
705877
706394
706697
706759
706901
707381
707395
707590
707921
708139
708477
708668
709152
709674
709773
710088
710112
710220
710652
710908
711363
712236
712362
712998
713098
713972
714053
714178
714202
714305
714724
714782
715067
715944
716090
716235
716252
716368
716649
717535
718120
718218
718980
719171
719232
719359
719884
720977
721357
722455
722547
722598
722746
722776
723357
723688
724047
724153
725351
725675
725891
726988
727084
727726
727770
728043
728255
728361
728576
728981
729851
730079
730376
730698
730831
730848
732132
732379
732702
733155
733516
734035
734250
734422
734454
734519
734580
734925
735437
735695
736049
736435
736453
736677
736936
736968
737039
737179
737933
738091
738630
738896
739186
739282
739482
739689
739695
740064
740137
740363
740481
740603
740973
741466
741969
742092
742423
742492
742948
743380
744095
744138
745563
745853
747918
747995
748643
749178
750027
750046
750688
750861
750997
751045
751360
751788
752069
752558
752660
753109
753507
754027
754042
754182
754540
754670
754682
755818
755865
756147
756707
756737
757265
757503
757688
758207
758405
758532
758971
759090
759986
760093
760567
760578
761058
761083
761845
762769
762778
762919
763566
763574
764388
764443
764570
765265
765305
765754
765768
766758
766849
767165
767212
767623
767719
767923
768275
768504
769063
769080
769369
769772
769882
770315
770358
770667
771143
771245
771649
771979
772056
772311
772560
772864
774988
775203
775235
775804
776530
776569
776894
777159
777638
777666
777750
777904
778066
778526
778534
778555
778776
779222
779569
780231
780532
780798
780896
781412
781452
781655
781884
781955
782070
782640
782966
783493
784107
784377
784530
784764
784807
785806
786090
786158
786528
787691
787739
787790
788100
788620
790118
790618
790795
791192
791353
791578
791871
791928
791970
791971
792014
792700
792744
793103
793439
793909
794073
794210
795351
795561
795580
796294
796501
796922
797074
797480
797485
797721
798115
798736
798946
798955
799792
800168
800408
800527
800636
800846
801191
801608
801718
801802
801930
801972
802644
802881
803207
803296
803577
803917
804324
805292
805351
805799
805971
805992
806729
806860
807160
807230
807356
807460
808118
808983
809081
809097
809351
809509
809991
810603
810647
810908
810925
811299
811677
811972
812490
812763
812835
813052
813054
813251
813379
813591
813759
813796
814208
815681
815876
816016
816353
816419
816454
816700
816780
816809
816945
816960
817128
817180
817428
817681
817712
818162
818643
818836
818958
819150
819238
819421
819660
819814
820138
820975
822343
822570
822572
822867
823106
823482
824347
824470
824593
824715
824812
824828
825152
825311
825551
826734
827004
827095
827998
828038
828151
828164
828964
829567
829611
829954
830005
830130
830511
830775
831655
832187
832203
832207
832297
832770
833508
833885
834063
834172
834213
834525
834979
835205
835276
836246
836360
836612
836993
837056
837170
837257
837596
837690
838027
838239
838671
838881
839170
839750
839774
839840
840035
840160
841673
842432
842513
842658
842923
843063
843625
843722
843817
844320
844519
844675
844834
845013
845420
845479
845871
846574
847689
848491
848496
848608
849096
849125
849932
849966
850218
850250
850493
851696
851855
852322
852803
853197
853321
853361
853423
853552
854077
854775
854884
855044
855070
855072
855189
855345
855561
855706
855816
855832
856109
856421
856897
857307
858985
859398
859683
859960
860563
860751
860963
861062
861171
861758
861872
862184
863451
863454
864133
864232
864519
864782
864801
865702
866062
866624
866835
866903
867051
867520
868079
868240
868261
868473
868500
868566
868579
868666
868799
869187
869268
869574
869625
869918
870171
870205
870357
870437
870549
871538
872154
872494
873151
873432
873436
873609
873639
873991
874068
875424
875425
875537
875539
875691
876337
876624
876895
877269
877309
877355
877614
877693
877870
878389
878430
878444
878606
878959
878991
879739
879956
881015
881512
881979
882150
883156
883732
884525
884572
884754
884811
884979
885672
885731
886545
887162
888285
888455
888481
888542
889014
889623
889650
890351
890653
891776
892078
892977
893003
893272
893287
893459
893601
893667
894125
894205
894240
894393
894713
895033
895481
895616
895709
897236
897397
897436
897814
897815
897837
898422
898506
898515
899299
900275
900306
900406
900612
901220
902694
902990
903076
903159
903562
903737
904008
904139
904144
904462
904806
904852
905366
905431
905433
905732
906024
906151
906225
907087
907297
907731
908041
908801
909116
909375
909446
909469
909992
910229
910787
911000
911194
911677
912102
912670
912923
913849
913912
913975
914455
914712
915094
915334
915353
915902
916104
916630
916942
917148
917245
917323
917457
917460
917778
918183
918206
918392
918566
919732
920283
920321
920453
920663
921009
921360
921426
922102
922331
922416
922548
922610
922947
923628
924201
924467
924853
925048
925140
925596
925759
925780
926094
926185
926211
926598
926761
927256
927451
927906
928066
928177
928770
928912
929058
929862
930332
931026
931178
931538
932190
932615
932749
933623
934144
934357
934445
934560
935159
935164
935671
935722
935947
936158
936176
936377
936439
936640
937760
938246
938307
938315
938535
938853
939238
939306
939413
939726
939861
940294
940523
940533
940765
940871
941583
941726
942547
942786
944022
944073
944094
944469
945173
945388
945632
945773
945991
946523
946618
947044
947946
948125
948297
948382
948488
948921
949109
949297
949833
949949
950153
950458
950748
950760
950822
951039
951142
951512
951704
951724
951727
951904
952155
952622
952763
953973
953986
953990
954112
954895
955440
955456
955614
955664
955705
956193
957208
957257
957314
957729
957832
958096
958208
958238
958372
959601
959990
960376
960502
960729
961187
961567
961791
962093
962374
962425
962447
963121
963519
963820
964399
965419
965553
965956
966156
966244
966470
967083
967361
967373
967383
967725
968211
968289
968979
969284
970002
970224
970274
970848
971075
971354
971568
972044
972276
972357
972644
973303
973310
973415
973478
973480
973518
973545
973581
974419
974485
976079
976151
976463
976594
976604
976662
976817
976954
977065
977744
978016
978233
978298
978411
978741
978797
979005
979269
979855
980718
980974
981234
981374
981674
981885
982115
982273
982729
983451
983632
983722
983931
984277
984325
984378
984487
984570
985145
985406
986788
986841
987305
987525
987779
987781
988095
988105
988402
989841
990205
990370
990895
990999
991495
991867
991886
991940
992086
992344
992393
992571
993031
993172
993265
993324
993868
993976
993979
995134
995224
995313
995823
996051
996519
997269
997431
997542
997558
997689
998746
998838
999496
999622
999885
1000091
1001346
1001402
1001597
1001927
1002293
1002318
1003244
1003364
1003889
1004870
1005887
1005914
1006082
1006216
1006534
1006772
1006878
1007188
1007457
1007513
1008492
1008580
1009066
1009242
1010308
1011342
1011535
1013567
1013821
1013974
1014371
1014646
1014652
1014852
1014936
1015596
1015916
1016605
1016872
1016874
1017640
1017747
1017757
1017947
1018670
1018712
1019557
1019971
1019991
1020262
1020361
1020528
1021331
1021666
1021696
1021801
1021936
1022006
1022055
1022275
1022518
1022700
1023150
1023435
1023474
1023933
1023962
1024336
1024370
1024786
1024913
1024929
1024942
1024985
1025346
1025366
1025457
1025494
1025817
1026176
1026540
1027372
1027650
1027668
1027694
1029726
1030168
1030318
1030372
1030763
1031091
1031181
1031305
1031735
1031810
1032005
1032221
1033567
1033686
1033717
1033763
1033780
1034337
1034416
1034477
1034591
1034689
1035002
1035213
1035506
1035611
1036124
1036143
1036289
1036487
1036937
1037264
1037549
1037743
1037780
1037882
1038377
1038714
1039292
1039618
1039817
1039828
1039858
1040785
1041105
1041399
1041435
1042767
1042869
1042979
1043052
1043446
1044548
1044792
1044851
1044936
1045649
1045761
1046005
1046107
1046250
1046337
1046423
1046861
1047279
1047389
1047490
1047779
1047847
1048446
1049020
1049082
1049530
1049876
1049992
1051029
1051393
1051585
1051731
1051866
1051927
1052057
1052079
1052124
1052137
1052142
1052267
1052347
1052764
1052863
1053256
1053394
1054097
1054211
1054316
1054755
1054875
1055647
1055661
1056022
1056790
1057222
1057304
1057372
1057466
1058194
1058921
1058978
1059628
1060303
1060530
1060568
1060743
1060781
1061512
1061781
1062265
1062387
1062595
1062770
1062798
1062903
1063566
1063764
1063953
1064340
1064709
1065034
1065064
1065263
1065330
1065358
1065660
1066221
1066239
1067628
1067687
1068010
1068359
1068441
1068669
1069362
1069566
1069813
1070016
1070309
1070776
1070866
1071037
1071131
1071594
1071605
1072613
1072627
1072816
1073036
1073081
1073242
1073315
1073327
1073355
1073445
1074243
1074388
1075049
1075722
1075928
1075954
1076099
1076278
1076714
1076732
1076739
1077057
1077154
1077310
1077880
1078080
1079177
1079329
1079396
1079465
1079536
1079648
1080327
1080496
1080707
1080818
1081248
1082426
1082646
1082753
1082862
1082962
1083016
1083358
1084025
1084288
1084454
1084500
1084824
1085174
1085262
1085360
1085362
1085442
1085606
1085625
1086821
1086981
1087490
1087494
1087731
1087863
1088434
1088759
1090229
1090247
1090969
1091360
1092450
1092451
1092477
1092917
1093016
1094182
1094265
1094575
1094622
1095115
1095123
1095142
1095482
1095635
1095958
1096595
1096699
1096968
1097195
1097210
1097447
1098215
1098440
1099277
1099298
1099369
1100286
1100932
1101038
1101139
1101621
1102103
1102123
1102769
1103019
1103610
1103954
1104622
1105010
1105166
1105197
1106103
1106114
1107215
1107248
1107802
1107970
1108164
1108580
1108865
1109074
1109527
1110092
1110511
1110937
1111123
1111253
1111923
1112234
1112959
1112960
1113271
1114167
1114354
1114404
1114759
1115668
1115698
1116467
1116842
1117053
1117159
1117173
1117542
1117608
1117900
1118453
1118492
1118566
1118826
1118987
1119243
1119308
1120271
1120477
1120483
1120653
1120930
1121076
1121169
1121254
1121504
1121779
1121860
1122288
1122778
1122963
1122979
1123098
1123111
1123485
1124189
1124289
1124409
1125040
1125341
1125462
1125499
1125589
1125750
1126170
1126201
1126484
1126576
1127150
1127569
1127624
1127848
1127903
1128093
1129677
1130307
1130625
1130720
1131077
1131746
1131826
1132178
1132773
1132828
1132836
1132866
1132871
1133281
1133775
1134132
1134186
1134495
1134512
1134833
1135010
1135050
1135457
1135878
1136242
1136263
1136417
1136681
1136803
1136848
1137447
1137622
1137973
1137986
1138034
1138373
1138693
1138713
1138895
1139110
1139615
1139876
1140060
1140340
1140613
1140682
1141329
1141370
1141613
1141619
1142047
1142052
1142276
1142331
1142378
1142418
1143038
1143629
1144225
1144743
1145078
1145734
1146114
1146179
1146186
1146231
1146610
1147251
1147462
1147937
1148455
1148580
1148600
1149276
1149361
1149439
1149960
1149962
1150522
1150821
1150845
1150859
1150889
1151869
1152725
1152765
1152783
1153422
1153484
1153500
1154805
1155088
1155111
1155349
1155372
1156102
1156234
1156584
1156886
1156999
1157247
1157353
1157903
1158022
1158526
1160033
1160886
1161046
1161401
1161841
1161857
1162143
1162439
1162533
1162725
1162818
1163007
1163192
1163297
1163384
1163626
1164346
1164373
1164594
1164898
1165177
1165403
1165417
1165750
1165914
1166036
1166419
1166998
1167176
1167830
1168422
1168760
1170330
1170420
1170488
1170521
1170528
1171368
1171612
1172088
1172575
1172613
1172687
1172719
1172964
1173151
1173299
1174187
1174780
1174892
1175853
1175880
1176129
1176367
1176664
1176836
1177155
1177196
1178126
1178301
1178517
1178750
1178977
1179249
1179632
1179758
1180337
1181271
1181418
1182013
1182020
1182172
1182182
1182186
1182400
1182526
1183393
1183483
1183560
1183999
1184188
1184210
1184312
1184441
1184550
1184718
1185527
1185730
1186020
1186128
1186308
1186521
1186928
1187236
1187501
1189433
1189903
1190672
1190799
1190837
1191308
1191898
1191971
1192133
1192292
1192330
1192421
1192559
1192659
1192835
1192967
1193731
1193772
1193843
1194404
1194422
1195111
1195448
1195666
1195705
1196221
1196298
1196560
1196853
1196961
1197662
1197676
1197958
1197962
1198432
1198599
1199007
1200913
1201583
1201614
1201914
1201965
1202234
1202514
1202678
1202812
1203141
1203416
1203465
1203685
1203691
1203950
1204558
1204992
1205717
1205785
1205815
1206060
1206411
1206472
1206519
1206563
1206629
1207118
1207544
1207562
1208094
1208424
1208807
1209380
1209386
1209646
1209791
1210086
1210186
1210192
1210222
1210280
1210715
1211241
1211398
1211818
1212000
1212331
1212483
1213051
1213305
1213314
1213460
1214750
1215289
1215678
1215760
1215767
1215850
1215918
1217407
1217551
1217707
1218084
1218626
1218725
1219969
1220221
1220492
1222842
1222953
1223400
1223698
1224133
1224474
1225398
1225838
1226204
1226212
1226739
1226858
1227304
1227379
1227623
1227624
1227651
1227760
1227946
1228001
1228068
1228283
1228508
1228776
1228966
1229464
1229688
1230728
1231025
1231326
1231356
1231424
1231788
1231828
1232484
1232616
1232821
1232825
1234550
1234767
1235146
1235190
1235583
1236235
1236527
1236582
1236842
1236871
1236884
1237227
1237353
1237648
1237765
1237844
1238522
1238994
1239392
1239419
1239642
1240549
1240776
1240927
1241031
1241248
1241489
1241537
1241603
1241695
1241799
1242435
1243170
1243478
1244055
1244154
1244501
1244509
1245188
1245310
1245995
1246807
1247852
1248035
1248104
1248334
1248344
1248435
1248654
1248749
1248797
1249282
1249793
1249984
1250313
1250485
1250901
1251333
1252313
1252524
1252883
1253492
1253755
1253925
1254403
1254452
1254520
1254700
1254889
1255276
1255495
1255615
1255809
1256122
1256274
1256434
1256784
1256819
1256966
1257434
1257795
1258314
1258368
1259487
1259611
1260342
1260534
1260787
1260833
1260862
1261245
1262705
1262933
1262954
1263057
1263091
1263395
1263513
1263668
1264278
1264612
1264750
1265339
1265603
1265796
1266389
1267458
1267852
1268197
1269450
1269774
1269867
1269923
1270195
1270279
1270326
1270368
1270752
1271220
1271256
1271635
1271902
1272253
1272656
1272731
1272895
1274148
1274392
1274579
1274745
1274906
1274969
1275045
1275085
1275106
1275204
1275653
1276107
1276828
1276841
1277228
1277321
1277429
1277444
1278361
1279697
1279753
1279923
1280057
1280108
1280520
1280567
1280585
1280763
1281244
1281591
1281802
1282213
1282491
1282550
1283232
1283536
1284073
1284181
1284348
1284712
1285032
1285973
1286099
1286259
1286326
1287452
1287497
1287891
1287912
1288147
1288178
1289247
1290140
1290236
1290800
1291289
1291601
1292461
1292686
1293002
1293237
1294649
1295010
1295310
1295395
1295491
1296317
1296718
1297137
1297205
1297239
1297391
1297587
1297726
1298775
1298827
1298978
1299546
1299565
1299961
1300288
1300306
1300334
1300448
1300587
1300616
1301003
1301675
1301913
1302344
1303416
1303898
1304129
1305276
1305307
1305359
1305443
1305505
1306650
1307091
1307311
1307574
1307891
1307987
1308097
1308373
1308591
1309134
1309308
1309386
1310938
1311062
1312087
1312148
1312326
1312338
1312892
1313044
1313268
1313377
1314521
1314961
1314988
1315525
1315565
1315993
1316266
1317099
1317177
1317472
1317727
1317844
1318073
1318398
1318420
1318494
1318896
1319324
1319639
1319652
1319976
1320177
1320987
1321003
1321612
1321838
1322385
1322527
1322723
1322981
1323022
1323060
1323128
1323434
1323469
1323809
1324027
1324232
1324270
1325087
1325639
1325702
1325761
1327077
1327175
1327202
1327274
1327749
1327759
1327937
1327960
1328776
1328943
1329092
1329578
1329624
1329710
1330634
1330812
1330919
1330945
1331220
1331654
1332118
1332177
1332424
1332586
1332661
1332885
1333450
1333519
1333532
1333764
1335300
1335473
1335912
1336092
1336146
1337085
1337184
1337889
1337987
1338168
1338212
1338579
1338585
1339010
1339188
1340054
1340494
1341337
1341554
1341755
1341963
1342497
1342745
1342850
1342991
1343180
1343659
1343883
1344083
1344112
1344416
1344530
1345195
1345344
1345637
1345790
1346162
1346236
1346956
1347463
1347699
1348063
1348618
1348662
1349086
1349572
1349898
1350123
1350211
1350253
1350715
1350722
1350862
1351019
1351414
1352417
1353095
1353270
1353856
1353937
1353948
1354275
1354566
1354670
1355697
1355863
1356251
1356665
1357245
1357524
1357569
1358249
1358615
1359066
1359104
1359257
1359504
1359927
1360027
1360811
1361061
1361294
1362237
1362432
1362895
1362988
1363055
1363141
1363189
1363246
1364082
1364472
1364482
1364616
1365021
1365051
1366752
1367637
1368163
1368235
1368305
1368654
1369281
1369568
1369705
1369739
1370045
1370116
1370317
1371522
1371721
1371933
1372229
1372839
1373002
1373118
1373876
1374112
1374273
1374537
1375331
1375736
1375946
1376474
1376708
1376797
1377196
1377301
1377800
1378002
1378122
1378191
1378947
1379365
1379646
1380095
1380287
1380610
1380953
1381475
1381674
1381896
1382030
1382240
1382423
1382845
1382852
1383325
1383373
1383801
1383908
1383921
1384301
1384896
1385031
1385118
1385651
1386819
1387018
1387271
1387358
1387396
1387406
1387719
1387722
1387850
1388099
1388411
1388525
1388566
1389255
1389821
1390997
1391532
1391724
1391997
1393752
1393792
1394158
1394166
1394956
1395042
1395228
1396151
1396613
1396624
1396959
1397213
1397726
1398185
1398516
1398645
1399152
1399917
1399923
1400188
1400416
1400444
1400570
1400761
1401535
1401658
1401778
1402523
1402744
1402938
1402942
1403168
1403258
1404308
1404964
1405008
1405045
1405454
1405478
1406562
1408373
1408375
1408549
1409303
1409692
1410170
1410182
1410841
1411303
1411311
1411999
1412124
1414142
1414157
1414202
1414280
1414520
1415164
1416214
1416236
1416507
1416702
1417244
1417455
1417511
1417647
1418678
1418995
1419200
1419217
1419319
1419738
1419992
1420889
1421161
1422212
1422395
1422612
1422682
1422901
1423475
1423648
1423824
1424172
1424443
1424720
1425204
1425325
1425607
1426394
1426533
1427442
1427800
1429469
1429910
1429965
1430187
1430416
1430470
1430918
1431261
1431373
1431834
1431842
1432884
1433377
1433888
1434411
1434564
1434795
1434999
1435633
1435934
1436358
1436467
1436559
1436577
1436944
1437276
1437426
1437486
1437780
1438232
1438334
1438359
1439006
1439259
1439598
1439845
1440098
1440267
1440493
1440527
1440781
1441333
1441503
1441685
1442643
1442883
1442917
1442994
1443566
1443682
1444152
1444236
1444508
1444764
1445223
1445555
1445804
1446003
1446012
1446076
1446752
1446824
1446998
1447253
1447301
1447563
1447724
1447946
1447988
1447993
1448273
1449760
1450017
1450396
1450591
1450629
1450637
1451534
1451679
1452563
1452728
1452924
1453086
1453357
1453533
1454003
1454075
1454765
1455138
1455525
1455931
1456638
1457727
1457757
1458075
1458103
1458180
1458216
1458224
1458995
1459601
1459855
1460793
1461553
1461563
1461796
1462417
1462438
1462487
1463461
1463559
1463590
1463628
1464035
1464043
1464503
1464628
1464795
1465456
1466168
1466510
1467429
1467454
1467676
1468380
1468434
1468494
1468902
1468960
1469079
1469255
1469299
1469483
1469897
1470006
1470825
1470937
1472191
1472349
1472484
1473013
1473267
1473398
1473498
1473524
1474025
1474300
1475137
1475642
1475750
1475954
1476616
1476641
1476704
1476765
1477374
1477799
1477880
1478511
1479200
1479302
1479317
1479321
1479611
1479827
1479853
1480184
1480438
1480535
1481427
1481430
1482464
1482946
1483123
1483605
1484128
1484215
1484396
1484406
1484484
1484729
1484946
1485730
1485802
1485809
1486319
1486377
1486479
1486556
1487772
1488031
1488850
1489237
1489251
1489705
1490295
1490403
1490892
1491056
1491266
1491397
1492032
1492918
1493545
1493610
1494369
1494722
1494767
1494824
1495598
1495770
1496397
1496524
1497273
1497315
1497382
1497847
1497952
1498088
1498344
1498966
1498978
1499387
1499438
1499494
1499932
1499935
1499992
1500379
1500425
1500531
1500760
1500794
1501197
1501786
1502114
1502635
1503989
1504511
1505080
1505095
1505364
1505504
1505547
1505613
1505797
1506352
1506372
1506909
1506920
1507289
1507421
1507619
1507630
1507889
1508015
1508558
1508676
1508716
1508897
1509007
1509137
1509399
1509628
1510028
1510064
1510557
1510841
1511041
1511333
1511348
1512832
1512883
1513487
1513678
1513778
1514070
1514248
1515096
1515406
1515682
1517589
1517836
1518292
1519409
1519442
1519786
1519830
1520063
1520528
1521038
1521164
1521938
1522370
1522385
1522438
1522754
1522777
1524215
1524274
1524678
1524781
1525250
1525566
1525727
1525824
1525885
1525925
1526320
1527467
1527697
1527828
1528070
1528072
1528192
1528945
1529142
1529165
1529275
1529300
1529544
1529565
1530120
1530235
1530314
1530935
1531189
1531209
1531633
1531821
1531850
1532242
1533845
1533958
1534133
1534261
1534288
1534585
1534986
1535235
1536968
1537147
1537289
1537751
1537866
1538223
1538302
1539168
1539507
1539792
1539863
1539889
1540054
1540712
1540755
1540964
1541393
1541633
1541726
1541796
1543050
1543076
1543529
1543811
1544087
1544389
1545329
1545575
1545998
1546188
1546388
1546701
1546781
1547187
1547221
1547245
1547576
1548681
1548829
1549443
1550229
1550277
1550732
1550968
1552355
1552527
1552971
1553101
1553981
1554219
1554437
1555217
1555616
1555771
1556096
1556165
1557579
1557641
1557900
1557965
1558816
1558873
1559646
1559890
1559905
1560748
1561149
1561516
1561603
1562197
1563617
1564026
1564561
1564951
1565167
1565768
1566025
1566044
1566857
1566867
1566911
1567431
1567855
1568000
1568102
1569178
1569396
1569746
1569897
1569952
1570044
1570069
1570333
1570578
1570820
1570960
1571293
1571512
1571515
1571684
1571877
1572074
1572234
1572676
1573145
1573204
1573946
1574006
1574024
1574533
1574601
1574745
1575553
1577148
1577257
1577368
1577470
1578082
1578406
1578583
1579307
1579514
1579666
1579836
1579839
1579912
1580180
1580210
1580381
1580924
1580932
1581078
1581536
1581699
1581709
1581712
1582009
1582038
1582330
1582808
1583170
1583736
1583864
1584545
1584776
1585118
1585354
1585804
1585843
1585962
1586112
1586472
1586588
1586620
1586640
1587059
1587141
1587412
1587747
1588259
1588340
1588504
1588532
1588769
1588937
1589154
1590098
1590965
1591438
1591565
1591814
1591990
1593932
1593978
1594169
1594674
1595583
1596079
1596347
1596597
1596904
1597171
1597234
1598331
1598496
1599058
1599065
1599089
1599123
1599128
1599425
1600403
1600602
1600736
1600965
1601154
1601243
1601277
1602403
1602515
1603694
1604065
1604470
1604516
1604595
1604639
1604781
1605280
1605720
1605814
1605872
1606797
1606858
1607056
1607706
1608188
1608873
1608895
1609095
1609168
1609624
1609725
1609874
1609931
1609972
1610035
1610106
1610514
1612140
1612611
1612668
1613125
1613348
1613734
1614109
1614550
1615082
1615471
1615540
1616726
1616982
1617633
1617659
1617697
1617892
1618029
1618045
1618595
1618929
1618964
1619083
1620144
1620371
1620907
1621454
1621499
1621516
1621689
1621694
1621943
1622142
1622246
1623206
1623623
1623695
1624242
1626376
1626467
1627070
1628163
1628387
1629820
1629965
1630065
1630321
1630645
1631143
1631197
1631829
1631882
1632591
1632745
1632796
1632943
1632955
1633852
1633910
1634062
1634350
1634607
1634611
1635079
1635151
1635246
1635392
1635725
1636003
1636048
1636414
1636475
1636929
1636958
1638451
1638654
1638709
1638938
1639172
1639241
1639942
1640033
1640420
1640503
1641011
1641320
1641894
1642513
1642662
1642779
1642783
1642867
1643095
1643229
1643411
1643657
1643977
1644013
1644154
1644640
1646245
1647094
1648199
1648507
1648814
1648823
1649192
1649263
1649495
1649777
1650541
1651693
1651962
1652017
1652054
1652373
1652528
1652741
1652839
1653000
1653271
1653457
1653507
1653999
1654356
1654580
1654691
1655564
1655786
1657044
1657580
1657588
1657657
1657834
1659505
1659981
1660123
1660802
1661203
1661405
1662359
1663273
1663704
1663906
1664434
1664465
1664652
1664785
1664817
1664877
1665483
1665568
1665607
1665611
1666136
1666359
1667032
1667063
1667303
1667489
1667878
1668048
1668145
1668307
1668785
1668803
1668977
1669020
1669459
1669464
1669500
1669504
1669909
1670181
1670582
1670962
1671080
1671104
1671632
1671895
1672046
1672555
1672574
1672666
1672782
1673699
1675016
1675441
1675788
1675981
1676049
1676230
1676483
1676572
1676840
1676888
1677049
1677197
1677285
1677440
1677928
1678744
1678886
1678970
1679352
1679567
1679608
1679839
1680055
1680187
1680346
1680516
1681486
1681653
1681740
1681870
1683038
1683209
1683317
1683711
1684016
1684133
1684263
1684264
1684672
1684676
1684937
1685322
1685380
1685717
1685869
1685909
1686293
1686351
1686693
1686982
1687095
1687183
1687204
1687711
1687929
1688404
1688513
1688584
1688805
1688977
1689703
1689908
1690386
1690485
1691073
1691158
1691279
1691355
1691658
1692149
1692871
1693269
1693547
1693650
1693723
1693735
1693837
1694202
1694824
1694881
1695174
1695728
1695820
1696306
1696495
1696530
1696545
1696853
1697524
1697525
1698097
1698110
1698376
1698487
1698512
1699060
1699276
1699638
1699695
1699986
1700198
1700434
1700626
1701185
1701606
1701932
1702108
1702374
1702781
1703090
1703699
1703994
1704148
1704467
1704605
1705163
1705241
1705487
1705498
1705520
1706206
1706429
1707123
1708036
1708372
1708408
1708441
1708467
1708761
1708953
1709133
1709151
1709205
1709262
1709385
1710313
1710428
1711019
1711035
1711209
1711436
1711452
1711477
1711501
1711605
1711618
1712287
1712368
1712607
1712676
1713206
1713276
1713599
1713637
1713842
1714193
1715457
1715535
1716216
1716659
1717353
1718410
1718701
1719909
1719972
1720667
1721055
1721181
1721404
1721683
1721868
1721978
1722041
1722463
1722579
1722816
1723056
1723108
1723116
1724135
1724142
1725360
1725516
1726001
1726954
1727010
1727253
1727343
1727571
1727619
1727656
1728106
1728483
1729375
1729864
1730571
1730635
1731188
1731641
1731651
1731795
1731814
1732440
1732903
1732923
1733383
1733400
1733453
1733483
1733740
1734002
1734704
1734746
1734997
1735118
1735801
1735948
1736244
1736327
1736583
1736589
1736720
1736878
1737121
1737135
1737417
1737729
1737878
1738277
1738353
1738406
1738443
1738967
1739036
1739309
1739636
1739946
1740032
1741217
1741262
1741518
1741844
1742050
1742440
1742501
1742798
1743900
1744202
1744881
1745659
1745814
1745829
1745902
1746290
1746965
1748110
1748537
1748913
1749140
1749212
1749336
1749627
1750046
1750425
1750887
1751045
1751208
1751412
1751620
1752167
1752248
1752486
1752702
1752831
1753223
1753393
1753403
1753963
1754755
1754980
1755083
1755226
1755262
1755281
1756324
1756459
1756786
1756808
1756837
1756943
1757135
1757368
1757479
1757573
1757677
1758059
1758254
1758324
1758863
1759133
1759495
1760326
1760458
1761061
1761081
1761262
1761658
1761697
1761907
1761967
1762005
1762051
1762437
1762533
1763073
1763841
1764344
1764423
1764826
1765225
1765490
1766332
1766494
1766731
1766821
1766887
1767397
1767791
1768237
1768588
1768758
1769244
1769266
1769268
1769498
1769702
1769793
1770302
1770614
1770751
1770861
1770943
1771037
1771785
1771905
1772037
1772149
1773313
1773394
1773555
1773890
1774140
1775078
1775080
1775249
1776746
1777299
1777333
1777827
1778313
1778471
1778515
1778585
1778765
1778927
1779173
1780166
1780493
1780502
1780940
1781257
1781455
1781603
1781764
1782111
1782283
1782381
1782648
1782884
1783130
1783222
1783890
1784870
1786380
1786680
1787083
1787401
1787454
1787878
1788444
1789127
1789814
1790135
1790575
1790795
1792163
1792537
1792828
1792926
1793126
1793140
1793212
1793364
1793498
1793781
1793786
1794091
1794917
1795115
1795932
1796064
1796809
1796864
1796950
1796978
1797043
1797147
1797187
1797292
1797461
1797958
1798022
1798078
1798481
1798571
1798609
1798636
1798740
1798936
1799535
1799786
1800144
1801223
1801316
1801410
1801852
1801907
1802046
1802061
1802323
1802970
1803883
1803889
1804081
1804489
1804708
1804739
1804847
1805127
1805809
1806045
1806108
1807166
1807167
1807774
1808013
1808090
1808148
1808317
1809220
1809541
1810384
1811176
1811259
1811311
1811538
1812131
1812210
1812755
1813523
1813686
1813924
1814144
1814891
1815704
1816370
1816786
1817386
1817895
1817952
1818210
1818224
1819123
1819154
1819743
1819760
1820122
1820156
1820638
1822264
1822495
1822671
1822970
1823081
1823402
1823470
1824150
1824723
1824949
1824994
1825287
1825293
1825309
1826511
1826587
1826970
1827040
1827296
1827308
1827409
1827608
1827721
1828072
1828502
1829362
1829608
1829697
1829848
1829957
1830115
1830151
1830302
1831131
1831360
1831480
1831909
1832024
1832348
1833419
1833811
1833851
1834007
1834134
1834392
1834553
1834689
1834722
1834840
1835371
1835880
1836227
1836477
1836521
1836707
1837188
1837378
1837508
1837604
1837851
1838002
1838271
1838573
1838728
1838822
1838934
1839515
1839576
1839596
1839743
1840416
1840466
1840851
1841264
1841487
1841977
1842528
1842949
1842952
1842973
1843428
1844157
1844192
1844645
1845078
1845096
1845553
1846305
1846532
1846578
1847172
1847346
1847887
1848031
1848137
1848749
1849253
1850911
1851081
1851226
1851442
1851800
1853169
1853401
1854458
1854484
1854700
1854985
1855044
1855671
1856208
1856657
1857338
1859464
1859904
1860483
1860799
1861294
1861448
1861478
1861886
1862015
1862369
1862682
1863104
1863165
1863956
1864024
1864149
1864286
1864452
1864535
1865163
1865275
1865506
1865760
1865781
1865943
1865988
1866066
1866074
1866518
1866795
1867541
1867586
1867595
1867655
1867742
1867763
1867778
1868195
1868240
1868402
1868671
1868716
1869154
1869202
1869431
1869656
1870011
1870177
1870237
1870353
1870915
1870985
1871454
1871530
1871707
1871807
1871983
1871995
1872553
1872563
1873106
1873501
1873916
1874324
1874889
1874942
1875229
1876643
1876751
1877128
1877351
1878148
1878733
1879334
1879436
1879948
1880416
1880422
1880801
1881671
1882228
1882382
1882895
1883399
1884527
1884629
1884761
1885219
1885452
1885745
1885824
1886456
1886687
1886705
1887136
1887232
1887377
1887595
1887780
1888183
1888371
1888666
1889166
1889402
1889516
1889973
1890040
1890041
1890229
1890345
1890643
1891250
1891911
1891956
1892023
1892100
1892383
1893432
1893532
1893659
1893944
1893998
1894147
1896612
1896630
1896867
1897152
1897161
1897229
1898080
1898144
1898468
1899004
1899057
1899140
1899326
1899368
1899678
1899741
1899805
1900175
1900212
1900336
1900571
1900954
1901143
1901645
1901869
1902122
1902772
1902833
1902871
1902914
1902996
1903121
1903502
1904226
1904265
1904495
1904607
1904643
1904791
1904831
1905052
1905123
1905284
1905922
1906190
1906290
1906401
1906502
1907057
1907336
1907972
1908990
1909124
1909309
1909563
1909724
1909805
1909929
1910501
1910840
1911262
1911315
1911943
1912310
1912380
1913008
1913070
1913970
1914224
1914867
1914903
1915148
1915202
1915259
1916306
1917892
1918482
1918492
1918531
1919085
1919302
1919391
1919520
1919602
1919991
1920092
1920263
1920615
1920639
1920756
1921150
1921702
1922127
1922772
1923407
1923416
1923516
1923701
1923829
1924032
1924321
1924415
1924626
1924954
1925191
1925193
1925440
1925499
1925503
1925690
1925812
1926112
1926186
1926447
1926959
1927342
1927715
1928240
1928572
1929056
1929558
1929699
1930237
1930562
1930877
1931063
1931121
1931361
1931601
1931731
1931807
1933372
1933459
1933475
1933927
1935611
1936047
1936179
1936364
1936821
1936896
1937123
1937831
1938591
1938638
1938674
1938689
1938873
1939852
1940846
1941330
1941468
1941672
1942344
1942348
1942351
1943334
1943450
1943629
1946754
1947292
1947389
1947580
1947593
1948090
1948198
1948390
1948541
1949802
1949874
1949996
1950774
1951086
1951210
1951334
1951781
1952013
1952216
1952486
1952608
1955138
1955914
1955976
1956324
1956447
1956677
1956767
1957172
1957219
1957676
1959108
1959340
1959691
1959702
1959777
1960319
1960402
1960633
1960743
1960767
1960896
1961188
1961805
1962001
1962027
1962204
1962211
1962217
1962288
1962619
1963035
1963098
1963241
1963673
1964144
1964150
1964467
1964742
1964949
1965288
1965547
1966030
1967000
1967101
1967409
1967890
1968105
1968198
1968308
1969145
1969252
1969923
1970335
1971055
1971238
1971323
1971353
1971824
1971880
1972142
1972286
1972378
1974020
1974706
1974767
1974827
1974888
1975237
1975248
1976334
1976503
1976591
1976624
1976641
1977459
1977622
1977805
1978090
1978172
1978424
1978604
1979233
1979880
1980043
1980517
1981019
1981227
1981565
1982022
1982377
1982724
1983495
1983842
1983895
1984269
1984730
1984747
1984918
1985471
1985891
1986255
1986519
1986532
1986913
1987154
1987381
1987878
1988054
1988076
1988218
1988494
1988614
1988681
1988751
1988756
1988785
1990411
1990507
1990586
1990626
1990936
1991244
1991321
1991394
1992008
1992050
1992066
1992909
1993247
1993443
1993778
1994140
1994403
1994643
1994800
1994964
1994995
1995420
1995700
1996092
1996123
1996144
1996204
1996618
1996634
1998216
1998880
1999082
1999112
1999323
1999552
2000124
2000835
2001026
2001422
2001563
2001910
2001923
2002298
2002516
2002840
2003264
2003558
2003639
2003976
2004272
2004727
2004912
2005094
2005119
2005439
2005552
2005944
2006054
2006130
2006286
2006322
2006618
2006846
2006982
2007322
2007359
2008144
2008529
2008988
2009042
2009138
2009164
2009268
2009801
2009984
2010956
2011164
2011272
2011500
2011853
2011988
2012064
2012104
2012120
2013134
2013295
2013304
2013402
2013610
2013635
2013873
2014044
2014181
2014361
2014436
2014580
2014833
2015235
2015279
2015349
2015465
2015518
2015519
2016078
2016182
2016240
2016395
2016742
2017001
2017788
2017817
2017925
2018493
2018664
2018765
2020528
2020793
2020869
2021095
2021604
2021984
2022122
2022838
2023226
2023297
2023437
2023916
2024003
2024038
2024055
2024332
2025008
2025258
2025412
2025655
2026207
2027608
2028059
2028545
2028828
2028924
2029004
2029150
2029487
2029763
2029803
2030313
2030365
2030372
2030436
2030694
2030902
2031230
2031548
2031730
2032488
2032658
2032854
2032872
2032928
2033394
2033453
2033559
2033854
2034438
2034522
2034739
2034765
2035365
2035636
2035791
2036193
2036512
2036605
2037003
2037221
2037725
2037788
2037810
2037926
2038412
2038961
2038987
2039157
2039222
2039375
2039572
2039670
2039749
2040599
2041156
2041447
2041979
2042806
2042933
2043828
2043921
2044061
2044099
2044576
2045278
2045337
2045415
2045434
2045500
2045503
2046520
2046587
2047455
2047536
2047924
2048253
2048690
2048815
2049433
2049718
2050291
2050740
2050850
2050866
2050934
2051277
2051498
2051561
2052816
2052848
2052895
2053675
2054609
2054854
2054963
2055012
2055259
2055442
2055605
2055773
2055888
2056194
2056215
2056360
2056402
2057164
2057337
2057619
2058484
2059244
2059811
2060021
2060087
2060221
2061065
2061145
2061371
2061417
2061621
2062260
2062953
2062984
2063198
2064037
2064296
2065052
2065172
2065517
2065596
2065739
2065787
2065984
2066565
2066633
2066637
2067771
2067934
2068427
2068770
2069178
2069264
2069402
2070164
2070231
2070465
2071121
2071370
2071387
2071614
2071852
2072506
2073036
2074041
2074376
2074449
2074754
2074842
2075276
2075448
2075611
2075628
2076165
2076414
2077047
2077132
2077261
2077270
2077378
2077704
2077744
2078051
2078329
2078463
2078559
2079193
2079380
2079678
2079721
2080292
2080502
2081182
2081389
2081652
2082513
2082717
2082723
2083773
2083828
2084454
2084705
2084765
2084787
2084907
2085827
2085857
2085912
2086156
2087181
2087200
2087580
2088078
2088268
2088594
2088626
2089387
2089978
2090233
2090363
2090378
2090714
2090731
2090883
2090911
2090921
2091117
2091140
2091326
2091559
2091631
2091663
2091795
2092097
2092574
2092713
2092885
2093791
2093867
2093897
2094279
2094365
2094533
2094692
2094777
2094795
2095174
2095471
2096504
2096603
2096648
2097019
2097238
2097635
2098152
2098278
2098371
2098690
2098724
2099687
2100057
2100137
2100983
2101412
2101446
2102496
2102603
2103260
2103371
2103854
2103866
2103936
2104125
2104504
2104552
2104605
2104928
2105570
2105606
2106022
2106449
2106487
2107825
2107931
2108056
2108173
2108276
2108816
2108824
2108972
2108978
2109119
2109170
2109224
2109784
2110168
2110754
2110796
2111020
2111587
2111770
2111858
2111863
2112277
2112902
2113826
2113872
2113964
2115374
2115693
2116087
2116173
2116544
2116788
2117184
2117375
2117485
2117844
2118107
2118131
2118411
2118653
2118657
2119417
2119680
2120286
2120321
2120533
2120722
2120792
2120886
2121062
2121194
2121530
2122154
2122173
2122184
2122242
2122828
2123327
2123588
2123724
2123892
2123956
2124130
2124156
2124772
2124967
2125187
2125197
2125218
2125908
2126236
2126298
2126548
2127006
2127153
2127194
2127811
2128349
2128472
2128551
2129036
2129263
2129622
2130235
2130815
2130916
2131440
2131533
2131735
2131895
2131914
2132322
2132452
2132567
2132667
2132790
2133419
2133721
2133750
2134082
2134634
2134664
2134827
2134964
2135471
2135534
2135589
2135703
2136391
2136592
2136657
2136996
2137285
2137590
2138136
2138360
2138559
2138972
2139256
2139357
2139429
2139481
2139970
2140039
2140981
2141462
2141556
2141565
2142303
2142760
2142991
2143345
2143624
2143649
2144377
2144692
2144725
2144786
2144858
2145250
2145548
2145797
2146019
2146661
2146894
2146895
2146928
2147285
2147371
2147496
2147978
2148259
2148286
2148655
2148711
2149198
2149242
2149683
2149727
2149877
2150012
2150212
2150235
2150592
2150632
2150696
2151109
2151256
2151397
2151865
2152192
2152559
2152731
2153018
2153621
2154107
2154649
2154866
2154881
2155165
2155175
2156000
2156058
2156529
2157376
2157938
2158139
2158146
2158921
2159120
2159301
2159318
2159359
2159636
2159653
2160216
2160470
2160770
2160921
2161016
2161022
2161570
2162091
2162526
2163396
2163543
2163594
2163782
2165026
2165086
2165148
2165227
2165425
2165963
2166441
2166467
2166510
2166847
2166936
2167090
2167096
2167866
2167913
2168236
2169151
2170351
2171421
2171912
2173100
2173674
2173910
2174113
2174207
2175281
2175865
2176016
2176217
2176431
2176480
2176518
2176646
2176697
2176834
2176976
2177789
2177795
2177895
2178411
2179025
2179039
2179387
2179396
2179714
2180157
2180179
2180605
2180708
2180779
2180782
2181321
2181332
2181474
2181772
2182035
2182058
2182127
2183046
2183230
2183501
2183865
2184170
2184328
2184872
2185251
2186342
2186742
2187437
2187591
2187882
2188496
2189433
2189474
2189781
2190117
2190674
2191005
2191471
2191666
2191703
2192333
2192574
2193378
2193490
2193673
2193697
2193780
2193805
2194375
2194406
2194495
2194732
2194850
2195077
2195904
2196001
2196129
2196522
2196739
2196786
2197166
2197500
2197777
2197944
2198139
2198477
2198760
2199145
2199286
2199631
2200524
2200606
2201268
2201590
2203005
2203104
2203119
2203319
2203645
2203677
2203799
2204241
2204623
2205099
2205145
2205339
2205520
2205659
2205871
2206284
2206797
2206848
2207192
2207808
2207904
2208002
2208493
2208677
2209638
2209831
2209865
2210067
2210550
2210689
2210811
2210942
2210951
2211437
2211512
2211542
2212185
2212356
2212470
2212894
2213001
2213101
2213181
2213237
2213541
2213549
2214677
2214849
2215176
2215792
2216253
2217175
2217489
2217690
2217701
2217853
2218019
2218021
2218134
2218175
2218380
2218867
2218877
2219113
2219184
2219230
2219351
2219354
2219703
2219969
2220045
2220067
2220148
2220861
2221297
2221363
2221402
2222613
2222619
2222637
2222669
2224369
2224766
2225809
2225886
2226125
2226530
2227003
2227328
2227339
2227376
2227523
2227710
2227932
2227986
2228090
2229035
2229208
2229349
2230737
2230769
2230852
2231259
2231305
2231405
2232176
2232505
2233539
2234258
2234568
2234929
2235339
2235498
2235620
2235931
2236329
2236441
2237539
2237693
2237716
2238180
2238499
2238885
2239012
2239516
2240147
2240205
2240535
2240710
2240915
2241311
2241807
2241987
2242552
2242610
2243163
2243219
2243335
2243754
2243761
2243876
2243881
2244743
2245361
2245447
2245526
2245779
2245853
2246004
2246396
2246911
2247225
2247635
2247653
2248173
2248322
2248503
2248507
2248742
2249172
2249203
2250392
2250516
2250551
2250670
2250888
2251265
2251547
2251754
2252152
2252342
2252443
2252931
2252961
2253007
2253448
2253584
2253750
2253782
2254211
2254415
2254998
2255066
2255196
2255198
2255291
2256180
2256750
2257104
2257526
2257638
2257933
2258106
2258277
2258497
2258734
2258811
2258929
2259053
2259383
2259423
2259907
2260056
2260575
2261394
2261820
2262540
2263116
2263662
2263841
2264297
2264535
2264638
2265545
2266364
2266905
2267772
2268107
2268343
2268423
2268730
2269273
2269438
2269530
2269627
2270262
2270648
2270896
2271339
2271427
2271540
2271548
2271593
2272102
2272528
2272550
2273348
2273385
2273811
2273939
2274476
2274562
2274632
2275119
2275256
2275630
2275657
2276258
2276313
2276494
2276805
2277088
2277808
2277874
2277939
2278620
2278685
2278978
2279608
2279638
2279900
2280295
2280706
2280925
2280997
2281180
2281201
2281462
2282255
2282888
2282950
2282975
2283388
2283776
2284778
2284791
2285162
2285314
2285412
2285540
2285930
2285983
2286027
2286196
2286750
2287774
2287836
2287985
2288257
2288818
2288946
2288962
2290121
2290727
2290741
2290963
2291034
2291454
2291756
2292444
2292828
2293257
2293429
2294358
2294832
2294991
2295292
2295376
2296015
2296028
2296209
2296293
2296708
2296733
2297537
2297654
2298142
2298844
2299030
2299358
2299385
2300585
2302264
2302488
2302576
2302826
2303287
2303910
2304020
2304236
2304247
2304843
2305755
2305770
2305886
2306173
2306297
2306755
2306847
2306947
2306967
2307085
2307893
2308342
2308373
2309314
2309341
2310214
2310895
2310907
2311243
2311598
2311636
2311722
2311765
2311779
2311969
2312027
2312038
2313427
2313545
2313590
2313750
2314195
2314322
2315164
2315244
2315377
2315619
2315919
2316194
2316732
2317561
2318054
2318259
2318385
2319926
2320403
2320720
2320763
2320806
2320979
2321221
2322066
2322096
2322750
2323092
2323147
2323245
2323765
2324039
2324244
2324644
2324693
2324748
2324971
2324982
2325118
2325499
2325712
2325732
2325992
2326068
2326278
2326435
2326682
2327346
2328304
2328594
2328774
2329430
2329671
2331140
2331349
2331879
2331907
2331984
2332161
2332398
2332449
2332490
2332606
2332818
2332953
2333132
2333202
2333335
2333904
2334435
2334667
2334925
2334935
2334980
2335832
2336035
2336132
2336212
2336626
2336823
2336958
2337005
2337196
2337914
2338141
2338810
2338935
2338995
2339505
2341225
2341884
2341887
2342408
2344104
2344803
2345442
2346007
2346873
2346965
2347170
2347403
2347455
2348504
2348529
2348773
2348862
2349179
2350286
2350572
2350692
2350798
2350861
2351468
2351669
2351715
2352071
2352942
2353406
2353478
2353566
2354320
2354360
2355356
2355373
2355400
2355964
2356160
2356292
2356325
2358200
2358333
2358701
2358968
2359218
2359272
2359329
2359363
2359395
2359484
2359703
2360087
2361003
2361009
2361582
2362700
2363490
2363776
2364642
2364837
2364925
2365754
2366305
2366386
2367050
2367440
2367478
2367794
2367967
2368270
2368316
2368324
2368481
2368581
2368749
2368956
2369156
2369270
2369958
2370405
2370978
2371820
2372696
2372985
2373321
2373382
2374051
2374213
2374246
2374460
2374717
2374855
2375443
2375466
2375507
2376180
2376290
2376439
2376472
2376658
2376871
2377307
2377951
2377957
2378354
2378485
2378649
2379122
2379132
2379459
2379601
2379901
2380001
2380254
2380669
2380793
2380800
2382003
2382081
2382110
2382146
2382236
2382293
2382515
2382642
2382766
2382840
2383247
2383718
2384256
2384423
2384906
2385400
2385728
2385840
2386026
2386073
2386176
2386810
2386975
2387063
2387138
2387515
2387683
2387810
2388205
2388287
2388938
2389050
2389219
2389249
2389630
2389765
2389853
2390245
2390753
2391862
2391868
2391922
2392548
2393482
2394102
2394246
2394353
2394440
2394609
2394962
2395663
2395736
2395768
2395943
2396093
2396191
2396466
2396526
2396904
2399010
2399219
2399298
2399364
2399935
2400181
2400518
2401517
2401620
2401999
2402343
2402445
2402562
2402828
2404570
2404702
2405003
2405340
2405365
2405533
2406087
2406622
2406816
2406869
2407423
2407489
2407620
2407683
2408343
2408435
2408445
2409074
2409347
2410233
2410265
2410385
2410718
2410825
2411099
2411355
2411410
2411949
2412328
2412749
2412832
2413741
2413910
2414274
2414338
2414343
2414474
2414899
2414902
2415229
2415928
2416077
2416259
2416363
2416578
2417315
2418547
2418772
2419416
2419639
2419682
2419992
2420123
2420420
2420441
2420829
2421049
2421163
2421317
2421422
2421799
2421829
2421961
2421987
2422000
2422728
2422907
2423094
2424292
2424369
2424431
2424626
2425140
2425173
2425471
2425564
2425822
2426403
2426786
2426790
2426891
2427477
2427487
2428075
2428336
2429067
2429515
2430046
2431070
2431319
2431970
2432284
2432327
2432418
2432642
2432677
2432854
2433161
2433402
2433587
2433890
2434266
2434560
2434576
2435231
2435451
2435631
2436160
2436939
2437003
2437503
2437641
2437645
2438064
2438173
2438221
2439298
2439937
2440793
2440924
2440971
2441032
2441099
2441352
2441982
2442224
2442598
2442612
2442730
2442775
2442997
2443127
2443156
2443287
2443655
2443750
2443987
2444744
2444875
2445080
2446218
2446496
2447266
2447446
2447464
2448380
2448506
2448532
2450155
2450377
2450590
2450828
2450856
2451172
2451558
2451739
2452528
2452587
2452616
2452629
2452903
2452942
2453230
2453365
2453701
2453807
2454589
2454762
2454772
2454863
2454934
2455554
2455834
2456278
2456559
2456645
2457542
2457700
2457752
2458324
2458424
2458467
2458588
2458831
2459232
2459374
2459540
2460057
2460141
2460368
2460495
2460618
2461293
2461525
2462369
2462485
2462684
2462838
2463587
2463654
2463802
2464051
2464147
2464201
2464367
2464390
2464490
2464582
2464585
2464640
2465172
2465248
2465422
2465449
2465483
2465930
2465954
2466023
2466406
2466412
2466906
2466934
2467103
2467159
2467185
2467548
2467763
2467934
2467945
2467971
2468267
2468387
2469963
2470916
2471330
2471792
2471796
2471816
2471915
2472676
2473491
2474016
2474202
2474456
2474549
2474802
2475208
2475540
2475887
2476295
2476347
2476378
2476382
2476495
2476941
2477379
2477490
2477567
2477782
2477826
2477888
2477929
2477989
2478081
2478356
2478997
2479205
2479365
2479766
2479984
2480082
2480970
2481026
2481070
2481293
2481597
2481826
2482056
2482088
2482128
2482306
2482384
2482399
2483264
2483568
2483751
2483979
2484187
2484237
2484310
2484371
2484617
2484775
2485147
2485941
2486106
2486351
2486559
2486579
2487061
2487171
2487311
2487753
2488623
2488775
2488904
2489053
2489785
2490082
2490278
2490321
2490498
2490628
2490775
2490823
2490983
2491155
2491386
2491948
2492255
2492495
2493336
2493387
2493518
2493837
2495006
2496459
2498226
2498257
2498335
2498762
2498826
2499193
2499314
2499557
2499801
2500178
2500433
2500817
2500912
2501476
2502104
2502261
2502321
2502593
2502599
2502724
2503446
2503534
2503643
2504587
2504654
2504775
2504793
2505029
2505098
2505291
2505319
2505452
2505999
2506200
2506441
2506974
2506985
2507090
2507141
2507207
2507552
2507608
2508458
2508947
2509081
2509364
2509757
2510734
2510764
2511258
2511281
2511987
2512024
2512598
2512785
2513043
2513126
2513313
2514457
2515159
2515966
2516071
2516296
2516435
2516704
2516884
2517003
2517239
2517925
2517972
2518035
2518382
2518881
2519053
2519132
2519142
2519249
2519313
2519460
2519746
2519878
2520088
2520160
2520510
2520517
2520545
2520706
2520851
2521281
2521459
2521742
2521807
2521923
2522052
2522135
2522811
2523487
2523713
2523742
2524985
2525422
2525598
2525877
2525935
2526319
2526386
2526492
2526510
2526795
2527233
2528189
2528411
2528712
2529464
2529494
2529605
2529661
2529770
2529828
2530218
2530458
2530596
2530743
2530781
2530819
2531135
2531381
2531852
2532094
2532200
2532502
2532972
2533152
2533381
2533614
2533681
2533948
2534864
2535691
2535975
2535992
2536223
2536581
2536923
2537101
2537327
2537412
2537566
2537695
2537937
2538861
2538862
2539196
2540737
2541149
2541538
2541664
2541840
2541859
2542301
2542514
2542705
2542961
2543039
2543261
2543334
2544427
2545147
2546292
2546636
2546664
2546695
2546743
2546906
2547307
2547491
2548765
2548999
2549253
2549254
2549341
2549584
2549905
2550065
2550954
2552239
2552245
2552334
2552553
2552601
2552697
2552791
2552908
2553094
2553325
2553704
2553939
2554413
2554604
2555263
2555337
2555355
2555520
2555871
2556131
2556356
2556392
2556950
2557043
2558400
2559331
2559555
2559631
2559902
2560192
2560320
2560449
2560482
2560768
2560949
2561144
2561204
2561550
2561907
2562087
2562105
2562449
2562995
2563141
2563558
2563686
2564951
2565239
2565244
2565407
2565816
2566070
2566243
2566260
2566275
2567540
2567836
2567871
2568087
2568647
2569168
2569643
2569809
2569862
2569941
2570125
2570953
2571359
2571375
2571933
2571946
2572134
2572505
2572610
2572617
2572700
2572969
2573012
2573314
2573581
2573982
2574068
2574711
2575497
2575530
2575658
2575715
2575996
2576105
2576413
2576884
2577138
2577148
2577179
2577642
2577793
2577846
2578035
2578394
2578624
2578695
2579030
2579233
2579319
2579380
2579574
2580248
2580762
2581398
2581613
2581661
2582025
2582050
2582187
2582893
2583705
2583851
2584084
2584267
2584300
2584412
2584981
2585796
2586025
2586052
2586123
2586351
2586427
2586453
2586529
2586704
2586728
2588404
2588597
2588957
2589387
2589628
2589800
2590007
2590256
2590391
2591584
2591990
2592001
2592061
2592304
2592482
2592603
2592905
2593796
2593888
2593932
2594904
2595391
2595579
2595599
2595876
2595978
2595984
2595998
2596670
2597480
2597673
2597743
2597935
2597963
2598020
2598517
2598670
2599841
2600321
2600402
2600630
2601247
2601251
2601252
2601456
2601995
2602135
2602215
2602715
2602755
2603964
2604451
2604970
2605001
2605111
2605684
2606108
2606281
2606491
2606943
2607087
2607708
2608076
2608146
2608351
2608421
2609037
2609745
2610029
2610218
2610318
2610683
2611828
2613054
2613544
2613709
2613736
2614338
2614463
2614797
2614934
2615007
2615154
2615243
2615531
2615737
2615774
2615936
2616087
2616377
2616595
2617567
2619025
2619343
2619664
2619898
2620348
2620361
2620615
2620787
2620918
2622020
2623187
2623308
2623376
2623463
2623498
2624517
2624638
2624659
2625100
2625210
2625394
2625777
2626067
2626287
2626511
2626595
2626902
2626940
2627400
2627677
2627906
2628134
2628259
2628521
2628881
2629456
2629697
2630235
2630890
2631072
2631481
2631696
2631791
2631946
2633137
2633410
2634632
2634804
2634982
2635051
2635359
2635863
2636078
2636769
2636889
2637132
2637141
2637428
2637507
2637745
2638275
2638472
2638659
2638773
2638877
2638990
2639116
2639438
2639523
2639627
2639671
2640201
2640399
2640662
2640717
2641145
2641184
2642014
2642252
2642692
2643043
2643655
2643759
2644370
2644672
2644730
2645318
2645406
2645671
2645990
2646187
2646242
2646264
2646405
2647115
2647441
2647537
2647872
2647922
2647955
2648347
2648547
2648861
2649483
2650181
2650927
2650988
2651785
2651941
2652860
2652906
2653098
2654173
2654239
2654981
2654988
2655352
2655383
2655634
2655796
2656700
2657403
2657466
2658112
2658267
2658753
2658922
2659195
2659732
2659910
2660474
2660668
2660833
2660959
2661182
2661374
2661754
2662937
2663429
2663736
2664212
2664360
2664795
2664850
2665364
2665546
2665866
2666014
2666069
2666156
2666210
2666363
2666839
2667102
2667161
2667630
2667968
2668301
2668306
2668389
2668576
2668822
2669653
2670114
2670158
2670180
2670822
2671072
2671674
2671783
2671962
2672687
2673283
2673377
2673833
2673860
2674156
2674661
2675144
2675572
2675766
2675892
2676521
2676727
2676769
2677332
2678796
2678922
2678961
2679262
2679315
2679458
2679468
2679527
2679547
2679571
2679602
2679688
2680841
2681098
2681546
2681931
2682316
2682436
2682896
2683364
2684020
2684146
2684215
2684560
2684777
2684778
2684955
2685415
2685634
2685930
2686036
2686117
2686159
2686227
2686349
2686551
2687020
2687183
2687280
2688133
2688424
2688665
2689090
2689192
2689331
2689621
2689688
2690392
2690492
2691121
2691388
2691519
2692570
2692938
2693388
2694021
2695199
2695482
2696251
2696368
2696371
2696445
2696535
2697105
2697740
2697774
2697988
2698034
2698554
2699058
2699774
2700333
2701336
2701343
2701354
2701605
2701868
2702461
2703675
2703940
2704354
2704564
2704637
2705043
2705150
2705274
2705282
2705361
2705390
2705989
2706497
2706534
2706716
2707281
2707396
2707709
2707925
2708320
2708769
2709521
2709724
2710038
2710225
2710399
2710518
2710609
2710810
2711118
2711780
2711959
2712054
2712473
2712502
2712509
2712926
2713061
2713249
2713443
2713646
2713690
2713737
2714220
2714521
2715272
2715357
2715384
2715465
2715860
2715875
2716214
2716541
2717138
2717197
2717228
2717457
2717535
2717936
2717970
2718453
2718490
2719012
2719428
2719913
2720039
2720222
2720428
2721228
2721842
2722143
2722561
2722788
2722922
2722956
2723092
2723450
2723598
2723613
2724139
2724225
2724231
2724244
2724324
2724333
2724427
2725085
2725274
2725854
2726155
2726416
2726445
2726478
2727326
2728552
2728856
2728914
2729278
2729476
2730025
2730388
2730590
2730740
2730774
2730816
2731140
2731970
2732268
2732358
2732683
2733402
2733508
2733602
2733669
2734611
2734741
2734875
2735604
2736236
2736354
2737690
2738353
2739115
2739286
2739794
2740415
2740661
2740872
2741365
2741619
2741759
2742569
2742905
2742974
2743106
2743153
2743209
2743232
2743485
2743684
2743798
2743927
2744547
2745203
2745250
2746139
2746624
2747267
2747600
2747614
2747930
2747968
2748038
2748462
2749441
2749443
2749611
2749707
2749732
2750642
2750902
2751051
2751643
2751729
2751984
2752003
2752151
2752233
2752829
2754449
2754599
2754644
2754956
2755388
2755424
2755709
2756460
2758052
2758110
2758156
2758304
2758880
2759404
2760681
2760848
2761014
2761628
2762086
2762354
2762593
2762999
2763094
2763260
2763347
2763563
2763640
2763767
2763974
2764057
2764134
2764390
2764757
2764873
2765214
2765359
2766114
2766919
2766945
2767350
2767547
2768736
2769294
2769656
2770273
2770347
2770429
2770833
2771681
2772081
2772341
2772352
2772825
2773095
2773530
2773852
2774228
2774640
2774813
2774856
2775181
2775725
2776001
2776028
2776055
2776199
2776333
2776375
2776484
2776523
2776949
2777278
2777607
2778138
2778396
2778855
2778957
2779153
2779319
2779320
2779394
2779694
2779765
2779841
2779920
2780240
2781172
2781209
2781236
2781560
2782003
2782023
2782208
2782242
2782400
2782766
2782791
2782804
2782891
2782986
2783304
2783384
2784537
2784927
2785244
2785352
2785714
2785960
2785995
2786533
2786986
2786993
2787344
2787630
2787768
2788265
2788426
2788642
2788870
2788996
2789571
2790095
2790314
2790617
2791107
2791519
2791581
2791666
2791762
2791937
2792306
2792331
2792715
2792736
2792929
2793006
2793605
2793783
2794428
2794588
2795438
2795476
2795709
2796115
2796159
2796389
2796433
2797161
2797541
2797620
2798015
2798960
2799310
2800380
2800827
2801384
2801454
2801589
2802159
2802294
2802584
2802736
2803943
2804126
2804987
2805350
2805396
2805653
2805870
2805937
2806019
2806248
2807218
2808225
2810084
2810738
2810838
2811013
2811071
2811166
2811514
2811583
2812617
2812634
2812654
2813019
2813192
2813224
2813558
2813716
2813750
2813986
2814998
2815223
2815469
2815561
2816070
2816440
2816516
2816564
2816600
2816622
2817443
2817920
2818266
2818508
2819740
2820010
2820215
2820361
2820393
2820510
2820793
2821041
2821215
2821564
2821681
2822116
2822405
2823043
2823177
2823617
2823841
2823948
2824120
2824251
2824354
2824824
2825122
2825785
2825953
2825991
2826031
2826267
2826498
2827659
2827867
2828707
2829133
2829173
2830529
2830616
2830656
2830693
2830836
2831303
2831458
2832112
2832784
2833119
2833693
2833938
2834165
2834273
2834394
2834662
2834694
2835092
2835295
2835639
2836229
2836407
2836438
2836521
2837217
2837805
2837955
2838178
2838179
2838744
2839409
2839533
2839936
2840180
2842233
2842260
2842480
2842648
2843435
2843541
2843645
2843746
2844054
2845005
2845023
2845163
2846039
2846118
2846302
2846333
2846372
2846430
2846873
2847405
2847713
2847766
2847958
2847992
2848015
2848076
2848329
2848480
2848615
2848887
2849121
2849130
2849197
2849467
2849503
2849983
2850945
2850975
2851440
2851517
2852240
2852612
2852686
2852722
2853693
2853789
2854028
2854079
2854473
2854761
2854936
2855807
2855863
2855878
2856424
2856959
2857697
2857929
2858042
2858044
2858105
2858221
2858315
2858346
2858452
2858480
2858737
2859221
2859276
2859431
2860095
2860454
2860558
2861259
2861727
2862140
2862594
2863286
2863631
2864039
2864904
2865560
2865956
2866108
2866321
2866445
2867409
2868079
2869155
2869687
2870616
2871458
2871865
2872118
2872171
2872424
2872499
2872707
2873930
2874917
2874954
2875029
2875533
2875652
2876309
2876650
2877075
2877168
2877201
2877271
2877295
2877378
2877436
2877538
2877590
2877618
2877751
2878177
2878222
2878345
2878380
2878495
2878667
2879096
2879316
2879382
2879770
2879807
2880219
2880625
2880660
2880811
2881137
2881380
2881594
2881692
2882784
2883309
2883450
2883776
2883796
2884173
2884184
2884778
2885404
2885766
2885888
2886146
2886350
2886370
2886629
2886765
2886771
2886795
2886846
2887464
2887859
2888044
2888053
2888134
2888145
2888442
2888664
2888842
2889047
2889221
2889545
2889739
2889917
2889966
2890321
2890553
2890619
2891284
2891426
2891565
2891615
2892159
2892368
2892774
2893239
2893271
2894144
2894167
2894986
2895318
2895329
2896485
2896913
2897296
2897423
2897600
2898435
2898504
2898590
2898713
2898752
2898830
2899030
2900039
2900109
2901301
2901350
2901960
2902659
2903055
2903211
2903498
2903612
2903736
2904198
2904274
2904302
2904426
2904669
2904863
2904901
2905153
2905533
2905637
2906109
2906503
2906564
2907639
2907654
2907925
2908199
2908830
2909481
2909570
2909856
2909976
2910090
2910640
2910869
2911549
2912945
2913341
2913410
2913436
2913819
2914503
2914575
2915292
2915822
2915830
2916302
2916460
2917611
2918486
2918514
2918602
2918694
2918697
2919265
2919566
2919709
2919892
2920231
2920580
2920733
2920799
2920904
2920912
2920941
2921488
2921680
2922070
2922300
2922495
2923091
2923111
2923148
2923246
2923248
2923304
2923416
2923544
2923790
2923910
2924084
2924412
2924639
2924957
2924979
2925223
2925774
2926262
2926610
2926829
2927580
2927632
2928074
2928968
2929428
2929526
2929820
2929857
2929962
2930331
2930601
2930700
2930758
2931212
2931369
2931484
2931858
2931988
2933511
2933795
2934080
2934123
2934470
2934821
2935088
2935680
2935872
2936239
2936333
2936560
2936609
2937073
2937708
2937746
2939275
2939448
2939724
2939772
2939916
2940606
2940639
2941317
2941418
2941541
2941855
2941904
2942140
2942229
2942520
2942522
2942666
2942983
2943175
2943617
2943711
2943940
2944070
2944729
2945006
2946900
2947421
2947454
2947726
2948155
2948189
2948612
2948987
2949022
2949514
2950200
2950808
2950962
2951569
2951757
2951787
2952500
2953475
2953895
2954441
2954575
2954580
2954582
2954894
2955951
2956382
2956413
2957004
2957804
2958132
2958435
2958642
2959326
2959549
2959660
2959669
2959678
2960352
2960827
2961366
2961653
2961750
2962023
2962224
2962461
2962473
2962512
2962783
2962843
2963121
2963512
2963905
2964449
2964603
2964717
2964753
2965267
2965309
2965419
2966088
2966151
2966331
2966565
2967039
2967323
2967576
2968231
2969806
2969998
2970166
2970660
2970845
2972257
2972534
2972806
2972852
2973142
2973234
2973717
2973847
2973971
2973999
2974497
2974536
2974726
2975191
2975820
2975909
2975939
2975959
2976301
2976341
2977121
2977646
2978287
2978669
2979424
2979695
2980612
2980775
2980943
2981344
2982022
2982374
2982559
2982594
2984208
2984456
2984578
2985516
2986173
2986325
2986619
2986908
2986958
2987091
2987523
2987847
2988079
2988468
2988664
2988676
2988821
2989014
2989479
2989911
2990057
2990091
2990577
2990582
2991546
2991843
2991884
2992157
2992478
2992869
2993490
2993564
2993575
2993937
2994113
2994310
2994668
2995385
2995418
2996882
2996979
2997811
2998600
2998618
2998669
3000309
3000369
3000529
3001892
3002106
3002270
3002617
3002988
3004777
3005241
3005381
3005545
3005774
3006049
3006649
3007462
3007897
3008209
3008309
3008386
3008574
3008813
3009185
3009421
3009440
3010058
3010186
3010671
3010714
3010773
3010885
3011118
3011609
3011954
3012181
3012681
3012682
3013457
3013636
3014141
3014174
3014273
3014361
3014409
3014590
3014819
3015032
3015131
3015136
3016017
3017448
3017857
3018061
3018326
3018388
3018747
3019228
3019253
3019380
3019950
3020525
3020633
3020862
3020904
3021750
3022029
3022049
3022452
3022571
3023321
3023608
3023731
3023943
3024223
3024461
3024591
3025725
3025817
3026121
3026825
3026847
3027378
3027411
3028017
3028905
3028908
3029003
3029503
3030091
3030359
3030416
3030425
3030438
3030460
3030976
3031424
3031488
3031727
3031759
3032014
3032622
3032974
3033034
3033419
3033676
3034068
3034795
3035313
3035509
3036830
3037119
3037394
3037459
3037485
3037520
3037801
3037888
3039120
3039399
3039577
3039636
3039873
3039884
3040488
3041008
3041436
3041505
3041602
3041953
3042064
3042753
3043048
3043222
3043665
3043677
3043719
3044651
3044839
3045039
3045270
3045451
3046266
3046379
3046709
3046719
3046777
3046981
3047356
3047456
3047849
3048105
3048110
3048289
3049018
3049222
3049455
3049653
3049779
3050470
3050540
3050586
3050626
3050874
3051103
3052087
3052423
3052896
3053333
3053491
3054230
3054563
3054749
3054880
3055052
3055517
3056451
3056485
3056808
3057001
3057033
3057728
3057909
3057985
3058106
3058429
3059170
3059203
3059558
3060861
3060934
3061158
3062303
3062391
3062447
3062739
3062951
3063248
3063459
3064262
3064417
3064728
3065239
3065434
3065636
3065901
3065954
3065962
3066075
3066815
3067006
3067341
3068137
3068936
3069774
3070561
3070691
3071137
3071255
3071260
3071400
3071717
3071995
3072296
3072571
3072654
3072935
3073015
3073040
3073071
3073072
3073659
3073870
3074794
3075182
3075232
3076114
3077208
3077803
3077912
3078033
3078691
3078840
3079938
3081271
3081280
3081422
3082578
3082770
3082820
3083359
3083580
3083774
3084145
3084433
3084511
3084808
3084902
3085010
3085171
3085415
3085438
3085470
3085659
3085667
3085924
3087420
3087613
3087695
3087856
3088177
3088525
3088647
3088805
3089262
3089564
3089930
3090147
3090412
3090528
3090663
3090987
3091247
3091522
3091669
3091772
3091804
3091986
3092473
3092991
3093016
3093442
3093516
3093705
3093846
3094289
3094555
3094906
3094983
3095367
3095892
3096008
3096780
3096812
3096861
3097973
3098124
3098578
3098644
3099026
3099176
3099772
3099994
3100340
3100588
3100641
3100833
3101027
3101397
3101677
3101984
3102008
3102160
3102791
3103217
3103288
3103600
3104085
3104167
3104308
3104510
3104732
3105868
3106056
3106262
3107046
3107062
3107311
3108032
3108137
3108268
3108722
3108824
3109023
3109442
3110356
3111383
3112267
3112942
3113001
3113098
3113147
3113228
3113902
3114226
3114296
3114463
3114808
3114818
3115604
3116223
3116227
3116230
3116532
3116864
3118115
3118120
3118176
3118480
3118733
3119206
3119616
3119747
3120125
3120222
3120375
3120827
3121413
3121522
3122003
3123600
3124092
3124157
3124206
3124755
3125234
3125328
3125424
3125529
3125679
3125823
3125901
3126264
3126442
3127030
3127260
3127452
3127683
3127986
3128189
3128401
3128590
3129084
3129292
3129456
3130283
3130356
3130780
3130791
3131282
3131305
3131327
3131373
3131644
3131668
3131844
3132154
3133265
3133373
3133474
3133978
3134013
3134108
3134339
3134587
3135055
3136270
3136681
3136736
3137351
3137447
3137844
3138550
3138698
3139120
3140208
3140236
3141327
3141585
3142113
3142168
3142197
3142371
3142406
3142862
3142891
3143244
3143541
3144054
3144177
3144867
3145031
3145653
3145697
3146250
3147620
3147878
3147888
3148314
3148332
3148786
3149017
3149678
3149681
3149977
3150010
3150225
3150549
3150709
3150795
3151058
3151204
3151415
3152431
3153738
3153753
3154115
3154450
3154924
3154942
3155125
3155399
3155496
3155564
3156013
3157618
3158086
3158236
3158606
3159339
3159820
3159874
3159982
3160071
3160080
3160208
3160428
3160481
3160713
3161041
3161082
3161138
3161545
3161576
3162056
3162231
3163024
3163515
3164345
3164394
3164715
3164933
3164973
3165553
3166374
3166706
3166942
3166955
3167778
3167816
3167860
3168666
3168865
3168888
3168896
3168985
3169238
3169276
3169373
3169753
3169784
3170175
3170309
3170530
3170909
3170976
3172835
3173576
3173707
3173825
3174691
3174915
3175134
3176126
3177824
3178427
3178592
3178885
3178950
3181610
3181795
3182188
3182870
3183036
3183042
3183055
3183188
3183325
3183691
3183695
3185144
3185157
3185869
3186204
3186574
3186871
3186929
3187027
3187217
3188074
3188296
3188328
3188537
3188576
3189373
3189378
3189769
3190068
3190240
3190266
3190357
3190563
3190903
3191356
3191869
3192279
3192363
3192475
3192700
3193610
3193618
3193832
3194002
3194712
3195196
3195243
3195719
3195862
3196233
3196279
3196435
3196784
3196809
3197075
3197672
3198301
3198320
3198336
3198586
3198765
3199133
3199442
3199467
3200310
3200341
3200353
3200504
3201093
3201248
3202183
3202532
3202665
3203219
3203414
3203751
3203928
3203985
3204043
3204051
3204546
3205885
3206336
3206375
3206488
3206862
3206960
3207594
3207622
3208089
3208385
3208507
3209251
3209254
3209591
3209759
3209923
3210490
3212021
3212264
3212272
3213380
3213431
3213466
3213477
3213823
3214130
3214373
3214383
3214534
3214641
3215221
3215686
3215732
3216083
3216502
3217232
3217368
3217461
3218107
3218400
3218785
3219400
3219796
3219817
3219835
3219936
3220211
3220464
3220486
3220494
3220578
3220957
3221007
3221397
3221824
3222190
3222416
3222581
3222663
3222764
3223710
3224214
3224482
3224883
3225183
3225336
3225461
3225760
3226411
3226600
3227840
3227975
3229206
3229262
3229806
3229854
3229901
3230296
3230457
3231027
3231092
3231294
3231929
3232523
3233600
3233971
3235067
3235266
3235314
3236160
3236170
3236561
3236843
3237780
3237973
3238180
3238203
3238441
3238489
3238778
3238913
3239006
3239019
3239151
3239736
3239816
3239878
3239968
3240009
3240019
3240183
3240785
3241592
3241726
3242331
3242686
3243629
3243716
3244270
3245201
3245764
3245996
3246005
3246467
3247108
3247539
3248566
3248612
3248768
3248956
3249053
3249129
3249306
3249325
3249816
3250094
3250334
3250518
3250707
3250895
3250977
3251109
3251546
3251845
3253364
3253941
3254121
3254905
3255122
3255256
3255430
3255438
3255852
3256001
3256399
3256493
3256515
3256755
3256763
3257001
3257435
3257508
3257807
3257990
3257994
3259105
3259591
3259593
3259859
3259967
3260091
3260857
3261124
3261324
3261564
3261607
3261652
3262126
3262192
3262440
3262561
3262744
3263270
3263394
3263793
3264011
3264081
3264086
3264736
3264904
3265065
3265594
3265735
3266666
3266736
3266930
3266996
3267051
3268124
3268180
3268657
3268862
3268955
3269575
3269580
3270631
3270742
3270796
3271144
3271532
3272145
3272209
3273495
3273497
3273711
3273831
3273861
3275008
3275117
3276135
3277212
3277309
3277893
3277921
3278588
3278819
3279451
3279608
3279625
3279986
3280418
3280742
3280847
3282246
3282299
3282320
3282348
3282385
3282532
3282903
3283104
3283489
3283950
3284741
3285101
3285272
3286956
3286957
3287296
3287486
3288187
3288820
3288931
3289953
3290647
3290650
3290863
3290888
3292219
3292666
3292694
3293213
3293263
3293443
3293504
3293684
3293712
3293851
3294004
3294033
3294314
3294495
3294615
3294750
3295873
3296327
3296903
3296933
3297082
3297102
3297120
3297154
3297587
3297809
3298018
3299089
3299182
3299437
3299576
3299622
3300071
3300380
3300585
3300903
3301107
3301201
3301237
3301668
3301839
3302241
3302286
3302428
3302510
3302699
3302985
3303075
3303288
3303591
3303622
3304399
3304587
3305790
3305803
3305825
3306269
3306494
3307171
3307202
3307243
3307263
3307289
3307301
3307372
3307964
3308094
3308462
3309461
3310384
3312108
3312407
3313029
3314174
3314702
3314785
3314831
3315600
3315705
3316058
3316872
3318304
3318432
3318530
3318540
3319241
3319739
3319948
3320096
3320192
3320517
3320864
3320891
3321018
3321180
3322496
3322575
3322839
3322848
3323095
3323134
3323497
3323538
3323648
3324340
3324834
3325529
3326525
3326845
3327216
3329041
3329188
3329380
3329534
3329575
3330213
3330557
3330837
3330974
3331098
3331522
3331542
3331643
3331853
3331869
3331982
3332289
3333300
3333515
3333645
3334272
3334683
3335264
3335406
3335660
3335669
3335859
3335994
3336258
3337164
3337276
3337370
3338198
3338786
3338925
3339063
3339196
3339918
3340136
3340293
3340348
3340754
3340971
3341552
3341580
3343329
3343529
3343651
3343825
3343878
3343910
3344140
3345119
3345330
3345541
3346118
3346272
3347096
3347481
3347709
3347873
3348043
3348464
3349168
3349302
3349456
3349665
3349889
3350029
3350441
3350480
3350782
3351050
3351328
3351408
3351456
3351787
3351897
3352041
3352353
3352461
3352939
3353399
3353522
3354326
3354527
3354963
3356045
3356408
3356442
3356920
3356969
3357349
3357567
3357583
3358026
3358610
3359058
3359722
3360010
3360107
3360315
3360320
3360390
3361320
3361569
3361575
3361632
3361774
3362586
3362948
3363191
3363386
3363797
3364353
3365118
3365280
3365577
3366114
3366540
3366648
3367394
3367699
3368212
3368275
3368477
3368588
3368636
3368852
3369360
3369412
3370078
3371128
3371174
3371833
3372390
3372470
3372740
3372852
3373158
3373213
3373565
3374253
3374535
3374667
3374982
3375049
3375090
3375633
3376323
3376407
3376593
3376834
3377000
3377270
3377340
3377865
3378519
3379486
3379515
3380011
3380353
3381287
3381417
3382013
3382028
3382140
3382706
3382838
3382930
3383422
3383563
3383570
3383672
3384491
3385106
3385503
3385653
3385741
3385977
3386114
3386120
3386359
3386413
3387667
3387811
3388066
3389111
3389295
3390039
3391480
3391505
3391567
3391604
3392318
3392323
3392325
3392392
3392941
3392971
3392996
3393075
3393137
3393328
3393368
3393975
3393993
3394136
3394242
3394302
3394331
3394340
3394470
3394499
3394504
3394882
3395754
3395971
3396011
3396028
3396410
3396551
3396900
3397279
3397312
3397378
3397533
3397904
3397948
3398244
3398296
3398385
3398552
3399071
3399158
3399417
3399663
3400301
3400541
3401263
3401407
3401572
3402167
3402291
3402478
3402714
3403555
3404047
3404055
3404085
3404198
3404830
3405007
3405407
3405836
3406178
3406272
3406405
3406699
3406711
3407147
3408730
3408817
3409418
3409678
3409691
3410190
3410271
3410306
3410369
3410525
3410681
3410722
3411468
3412283
3412742
3412914
3412975
3413855
3414045
3414415
3414586
3414705
3415469
3415511
3416141
3416407
3417279
3417530
3418050
3418069
3418389
3418714
3419135
3419447
3419774
3419813
3419908
3420336
3420378
3420690
3420773
3420808
3421459
3421698
3421733
3422531
3422566
3422733
3423090
3423149
3423244
3423482
3423504
3423913
3423981
3424559
3424664
3425161
3426072
3426482
3427212
3427970
3428265
3428401
3428732
3429095
3429168
3429506
3429962
3430057
3430562
3430748
3431966
3432138
3432502
3432716
3432864
3433573
3433845
3434640
3434670
3434720
3434785
3434946
3435078
3435107
3435286
3435433
3435748
3436493
3436718
3436928
3437346
3437395
3437527
3437739
3438005
3438083
3438229
3438251
3438533
3438658
3439042
3439236
3439500
3439561
3439567
3439571
3439882
3440382
3441021
3441242
3441334
3441769
3441845
3442741
3442771
3442884
3443950
3444024
3444529
3445679
3446121
3446191
3446337
3446980
3447157
3447520
3447656
3449528
3450307
3450409
3450762
3451072
3451154
3451291
3451549
3451550
3451624
3451683
3451790
3452224
3453423
3453567
3454742
3454990
3455193
3455782
3455812
3455904
3456042
3456128
3457915
3458544
3459651
3459830
3460187
3460774
3461084
3461256
3461635
3461743
3462035
3462821
3463139
3463255
3463297
3463352
3463422
3463861
3464065
3464781
3465892
3465931
3466525
3467222
3467254
3467288
3467759
3468087
3468416
3468635
3469412
3469518
3469937
3470071
3470822
3471336
3471368
3471603
3472610
3472909
3473213
3473668
3473943
3476562
3476674
3476978
3477151
3477333
3477360
3477515
3477964
3478189
3479341
3480070
3480395
3480553
3480569
3480732
3480745
3480864
3480892
3480953
3481760
3481883
3482277
3482686
3482956
3483328
3483358
3484587
3484929
3485022
3486300
3486825
3487483
3488898
3489036
3489114
3489476
3492292
3492741
3492992
3493295
3493493
3493674
3493891
3494071
3494159
3494189
3494477
3495013
3495047
3495331
3496117
3496488
3496719
3496880
3497781
3497923
3498024
3498610
3499003
3499735
3500141
3500619
3500894
3501247
3501623
3501697
3501910
3502044
3502453
3502474
3502892
3502973
3503799
3503956
3504220
3504660
3504715
3505072
3505170
3505204
3506174
3506874
3506902
3507876
3508047
3508558
3508634
3509724
3510289
3510491
3511496
3512178
3512394
3512591
3512740
3513714
3514001
3514640
3514836
3515241
3515385
3515428
3516059
3516247
3516616
3516641
3517200
3517329
3517768
3517977
3518837
3519057
3519648
3520362
3520788
3520800
3521042
3521850
3521887
3521904
3522108
3522303
3522536
3522931
3523482
3523595
3523639
3524049
3524096
3524179
3524361
3524472
3525146
3525436
3525458
3525855
3526220
3526692
3526903
3527434
3527565
3527959
3529107
3529293
3529332
3529581
3529840
3530410
3530462
3530941
3531051
3531233
3531442
3531515
3532094
3532754
3533970
3534466
3534630
3534746
3535125
3535797
3536148
3536159
3536298
3536396
3536402
3536466
3536862
3536875
3537368
3537393
3537637
3537775
3538358
3538655
3538692
3538773
3539349
3539431
3539971
3540109
3540979
3541519
3541521
3541638
3542063
3542760
3543034
3543115
3544279
3544382
3544771
3544850
3544934
3545428
3545524
3545688
3546219
3546233
3546294
3546323
3546340
3546489
3547238
3547380
3547943
3548546
3548637
3548667
3548900
3549584
3550559
3551293
3552762
3553689
3554184
3554445
3555108
3555440
3555542
3556262
3556495
3556584
3556636
3556984
3557543
3557780
3557979
3558067
3558206
3558226
3558266
3558609
3559402
3559437
3559481
3559864
3559868
3559908
3560217
3560446
3560508
3560543
3560948
3561284
3561331
3561610
3562258
3562391
3562950
3563103
3563461
3564025
3564179
3564220
3564261
3564688
3564730
3564750
3564891
3565263
3566224
3566267
3567229
3567449
3567822
3567887
3567978
3568614
3569243
3569632
3570189
3570446
3570670
3570932
3570939
3571367
3571464
3571807
3571954
3572539
3573059
3573269
3574695
3574973
3575798
3576065
3577427
3577540
3577546
3578612
3578709
3578758
3578786
3579250
3579815
3579824
3579965
3579983
3580139
3581336
3581400
3581784
3582632
3582760
3582791
3583532
3583829
3583970
3584092
3584322
3584489
3584610
3584626
3585099
3586085
3586089
3586401
3586447
3586474
3586641
3586804
3586928
3586973
3587628
3588129
3588224
3588299
3588307
3588767
3588814
3588865
3588951
3589024
3589298
3589581
3589974
3591032
3591387
3591987
3592756
3592965
3592970
3592978
3593299
3593718
3594003
3594040
3594474
3595034
3595079
3595236
3595303
3595320
3595739
3595846
3595995
3596883
3596961
3597070
3597316
3597597
3598077
3598377
3598408
3598714
3598747
3598870
3599556
3599719
3599823
3599930
3600060
3600279
3600347
3600608
3600650
3601059
3601697
3601836
3602034
3602193
3602736
3602853
3602870
3602950
3603212
3603586
3605235
3605480
3605968
3606041
3606097
3606195
3606923
3608097
3608321
3608433
3608794
3609351
3609584
3609775
3609790
3611064
3611161
3611210
3611314
3611579
3611676
3611910
3612065
3612093
3612773
3612970
3613020
3613120
3614100
3614162
3614297
3614713
3615347
3615549
3615702
3615932
3615994
3616227
3616342
3616474
3616720
3616734
3616778
3617002
3617128
3617361
3617752
3617940
3618350
3618452
3618495
3618787
3619389
3619562
3619744
3619811
3620266
3620470
3620701
3620967
3620980
3621127
3621503
3621622
3622085
3622400
3622980
3623298
3623432
3623619
3623825
3623989
3624006
3624581
3625287
3625305
3625469
3626110
3626308
3626375
3626978
3628948
3629194
3629206
3629506
3630378
3630558
3630705
3631265
3632306
3633320
3633369
3633726
3633825
3634383
3634640
3634807
3634996
3635210
3636310
3636878
3636886
3637046
3637143
3637554
3638279
3638295
3638308
3638747
3639948
3639963
3640140
3640212
3640387
3640422
3640666
3640857
3640968
3641089
3641114
3641836
3641938
3642118
3642361
3642499
3642575
3642837
3642914
3643486
3643889
3644285
3644500
3644557
3644921
3645209
3645353
3645373
3645409
3645484
3647004
3647630
3647996
3648376
3648687
3648767
3649014
3649305
3649895
3650567
3651565
3651809
3651816
3652324
3652363
3652373
3652557
3653009
3653204
3653207
3653238
3653494
3653697
3654455
3654930
3655373
3655511
3655703
3656363
3656827
3657110
3657222
3658277
3659348
3659635
3659822
3660000
3660064
3660130
3660792
3660907
3661112
3661509
3661588
3661991
3662000
3662215
3662248
3662397
3662442
3662491
3663265
3663320
3663346
3663672
3663730
3663927
3664133
3664241
3664295
3664325
3664980
3665056
3665213
3665414
3665877
3665926
3665945
3666219
3666345
3666523
3667126
3667136
3667293
3667491
3667820
3667951
3668833
3668960
3669302
3669431
3669775
3670267
3671395
3671446
3671622
3671803
3672114
3672150
3672176
3672257
3672671
3672694
3672715
3672719
3672768
3673165
3674079
3674104
3674305
3674470
3675720
3675897
3676009
3676106
3676406
3676573
3676787
3676960
3677396
3677488
3677635
3678044
3678117
3678155
3678278
3678391
3678984
3679945
3680296
3680659
3681730
3681732
3682115
3683463
3683847
3684139
3684181
3685346
3685519
3685565
3685833
3686020
3686219
3686234
3686617
3687054
3687124
3687208
3687575
3687962
3688333
3688347
3688528
3688571
3689875
3690098
3690278
3690416
3691094
3692169
3692303
3693098
3693175
3693209
3693365
3693924
3694522
3694903
3695027
3695244
3695307
3695499
3695791
3695821
3696240
3697067
3697223
3697560
3697993
3698154
3698375
3698773
3698863
3699330
3699396
3699610
3699732
3699760
3700168
3701493
3701626
3702644
3703130
3703216
3703844
3703955
3704109
3704310
3704835
3705291
3705324
3705366
3705429
3705673
3705872
3705979
3706189
3706333
3706357
3706840
3706980
3707083
3707530
3707546
3707568
3707868
3708261
3708468
3708482
3708859
3709120
3709226
3709583
3709720
3710006
3710291
3710372
3710560
3710876
3711035
3711059
3711497
3712734
3712816
3712935
3712939
3713364
3713380
3713872
3714604
3715139
3715157
3715181
3715300
3715502
3715774
3715954
3716192
3716794
3717213
3717837
3718541
3718951
3719313
3719650
3719666
3719744
3720595
3721327
3721479
3721581
3721765
3722333
3722375
3722386
3722445
3722470
3722526
3722957
3722997
3723167
3723235
3723965
3724269
3724540
3724648
3724865
3726996
3727211
3727459
3728211
3728429
3728578
3728758
3728936
3728947
3729281
3729342
3729467
3730114
3730589
3730726
3730769
3731081
3731210
3731321
3731371
3732076
3732303
3732389
3733096
3733377
3735555
3735683
3735718
3736041
3736442
3736549
3736742
3737365
3738095
3738366
3739133
3739192
3739209
3739911
3740525
3741129
3741202
3741270
3741556
3741642
3742169
3742880
3742911
3743189
3743566
3743685
3744538
3744553
3744588
3744758
3745045
3745108
3745751
3745840
3747117
3747191
3747326
3747348
3748261
3748878
3749134
3749148
3749594
3750106
3750163
3750517
3750598
3751368
3752257
3752357
3752475
3752951
3753828
3754447
3754737
3754802
3755027
3755424
3755439
3755464
3755809
3756204
3756569
3757085
3757306
3757717
3758023
3758166
3758500
3758985
3759122
3759178
3759322
3759638
3759982
3760311
3764137
3764448
3764473
3765863
3766243
3766985
3767376
3767904
3768333
3768801
3768872
3769141
3769402
3770289
3770428
3770942
3770944
3771189
3771280
3771522
3771786
3771848
3771852
3772032
3772333
3773208
3773320
3773344
3773423
3773873
3773926
3774051
3774069
3774109
3774272
3775207
3775429
3775905
3775957
3776058
3777278
3777370
3778162
3778204
3778235
3778781
3779257
3779913
3780133
3780417
3780534
3780843
3781442
3781672
3781920
3781983
3782077
3782253
3782352
3782370
3782777
3782875
3782943
3783239
3783375
3783475
3783551
3783865
3783912
3784272
3784903
3785466
3785968
3786270
3786305
3786331
3786448
3786829
3786942
3787037
3787271
3787413
3787886
3790236
3790276
3790563
3790792
3790867
3790898
3790904
3791114
3791155
3791749
3791801
3792476
3792898
3793120
3793992
3795352
3795937
3795966
3796054
3796418
3797263
3797605
3797637
3798458
3798722
3798952
3799323
3799926
3800575
3800597
3800738
3801050
3801473
3801479
3801765
3802874
3803518
3804160
3804847
3805125
3805255
3805531
3805546
3806080
3806107
3806513
3806917
3807397
3807411
3807818
3807829
3808495
3808771
3809245
3809654
3809828
3809851
3810043
3810162
3811298
3811343
3811412
3811854
3811924
3812205
3812359
3812842
3813174
3813576
3814151
3814409
3814751
3815532
3815616
3815912
3816364
3816838
3817189
3817272
3818430
3818471
3819213
3819238
3819471
3819801
3820197
3820221
3820418
3820670
3820825
3821092
3821282
3821344
3821415
3821647
3822141
3822188
3822340
3822383
3822454
3822626
3822801
3822837
3823554
3823683
3823737
3823769
3823831
3823846
3824034
3824094
3824757
3825148
3826234
3826305
3826963
3828737
3829036
3829951
3830095
3831314
3831469
3831690
3831730
3831856
3831863
3832117
3832469
3832753
3833534
3834058
3834095
3834110
3834457
3834534
3834677
3834787
3835560
3836116
3836182
3836376
3836848
3837091
3837157
3837714
3837974
3838106
3838709
3838976
3839048
3839078
3839401
3839583
3839772
3840789
3841113
3841317
3841942
3843274
3843316
3843352
3843510
3844246
3844637
3844824
3844991
3845394
3845511
3846147
3847012
3847058
3847208
3847441
3847849
3848413
3848553
3848596
3848810
3849113
3849349
3849355
3850089
3850448
3850513
3850824
3851339
3852367
3852562
3854079
3854088
3854835
3854902
3855546
3856191
3856318
3856544
3857856
3857899
3858066
3858314
3858447
3858531
3859190
3859363
3859536
3860169
3861649
3862838
3862901
3863258
3863336
3863389
3863785
3864271
3864466
3864814
3864837
3864909
3865084
3865085
3866129
3866480
3867183
3867284
3867511
3867523
3867592
3867674
3867723
3868021
3868327
3868480
3869724
3869958
3870030
3870547
3870612
3870677
3871187
3871302
3871687
3872207
3872873
3873244
3874669
3874922
3875004
3875153
3875302
3875311
3875330
3875440
3875794
3875821
3876017
3876107
3876417
3876951
3877687
3877768
3878070
3878724
3878768
3879464
3880052
3880856
3881479
3881480
3881751
3881888
3881957
3882079
3882118
3882542
3882584
3882947
3883359
3883494
3884139
3884688
3884765
3884785
3884920
3885246
3885563
3886085
3886136
3886482
3886656
3887802
3887835
3888014
3888119
3888745
3889021
3889024
3889050
3889649
3889935
3890163
3890961
3891103
3891832
3891912
3891964
3892552
3892654
3893514
3893524
3893657
3894026
3894226
3896163
3896264
3896568
3896626
3897034
3897467
3897471
3897692
3897824
3898622
3898633
3898708
3898710
3899563
3899703
3899837
3900482
3900951
3901574
3901991
3902169
3903045
3903162
3903757
3903850
3904000
3904263
3904409
3904435
3904608
3904676
3904762
3905000
3905422
3905717
3906168
3907162
3907174
3907544
3907655
3908993
3909107
3909541
3909783
3909897
3910040
3910143
3910398
3911047
3911297
3911435
3911710
3911943
3912009
3912299
3912444
3913246
3914016
3914058
3914545
3914651
3914795
3914922
3915067
3915068
3915089
3915139
3915492
3915669
3915835
3916707
3916858
3917376
3917465
3918032
3918443
3918485
3918542
3918861
3919456
3920245
3920482
3920768
3920998
3921272
3921977
3921999
3922678
3922835
3923214
3923530
3923683
3923814
3924001
3924227
3924244
3924536
3924652
3925209
3926426
3926926
3927303
3927425
3927573
3928000
3928196
3928404
3928669
3928972
3929154
3930122
3930315
3931934
3932221
3932317
3932454
3932785
3933147
3933852
3933902
3933977
3934228
3934833
3934973
3935234
3936211
3936608
3936706
3936780
3936893
3937115
3937224
3937502
3937797
3938131
3938225
3938640
3939017
3939108
3939906
3940370
3940891
3940998
3941108
3942138
3942287
3942645
3942659
3943245
3943747
3944137
3944506
3944541
3944578
3944736
3944966
3945919
3945944
3946474
3946956
3947232
3947236
3947444
3947611
3948536
3948912
3950247
3950469
3950603
3950993
3951093
3951199
3951287
3951666
3951943
3952053
3952254
3952538
3952559
3952570
3953270
3953723
3954892
3955009
3955226
3955358
3955399
3955883
3956384
3957121
3957462
3957587
3957591
3957942
3957991
3957996
3958192
3958490
3958497
3958520
3958689
3958731
3959005
3959446
3959992
3960352
3960467
3960482
3960532
3960769
3961381
3961433
3961441
3961869
3961892
3962041
3962795
3962989
3963135
3963988
3964155
3964354
3964994
3965156
3965189
3965515
3965564
3965729
3965792
3965940
3966795
3967066
3967467
3967495
3968733
3969045
3969851
3970071
3970149
3970235
3970515
3970529
3970572
3970852
3971088
3971187
3971388
3971947
3972718
3972748
3972832
3973859
3974037
3974077
3974172
3974302
3974306
3974321
3974514
3974828
3974885
3975848
3976323
3976352
3976825
3976843
3977217
3977275
3977311
3977480
3977501
3977799
3978067
3979018
3979545
3979945
3980031
3980381
3981394
3981761
3981972
3982191
3982200
3982391
3982659
3982923
3983111
3983576
3984733
3985212
3985559
3985921
3986555
3986687
3986779
3988164
3988440
3988572
3988585
3988860
3989264
3989629
3989755
3989905
3990121
3990214
3990814
3991285
3991390
3991491
3991833
3991841
3991901
3992534
3992698
3993162
3994183
3994542
3994866
3995071
3995150
3995647
3996006
3996075
3996169
3996976
3997045
3997155
3997295
3997941
3997949
3998011
3998244
3998294
3998694
3998970
3998989
3999159
3999330
3999645
3999777
3999876
4000043
4000224
4000324
4001458
4001510
4001622
4001707
4001802
4002195
4002768
4002953
4002967
4003195
4003380
4003781
4004147
4004245
4004342
4004448
4004815
4005303
4005850
4006003
4006433
4006564
4006993
4007131
4007182
4007257
4008195
4008911
4009240
4009510
4010274
4010649
4010711
4010718
4010901
4011044
4011100
4011533
4011784
4011822
4012039
4012639
4012868
4013151
4013424
4013700
4013729
4013944
4013998
4014159
4015270
4015789
4016009
4016149
4016357
4017030
4017048
4017088
4017595
4017711
4017883
4017896
4017970
4018038
4018804
4018946
4019951
4020159
4020446
4020651
4021106
4021202
4021235
4021324
4021415
4021854
4022206
