102
633
1992
2481
4091
4499
4735
4791
5471
7133
7998
8023
8025
8753
8899
9529
9743
11076
11178
12720
15654
17299
18006
18332
18867
18959
20538
20740
23231
24004
24723
28293
29861
30230
30689
32392
32580
34707
35612
36051
40064
40271
40312
41380
41992
45472
46244
46478
46839
46971
47118
47960
48085
52518
54155
57994
58613
58674
58774
62347
62632
62645
62982
63393
63420
63702
64303
64693
65125
65892
67903
68065
71270
71277
71742
72230
73571
73881
74688
75826
76517
80449
80710
80988
82200
82245
83119
83854
84092
84967
85600
88108
92946
92959
94070
94518
94570
94772
94803
95766
97066
100029
102393
104783
105102
105868
106607
107074
107327
108253
108640
108839
109119
110089
111560
115568
116022
116805
116851
117308
118200
120493
121049
121533
121974
122213
123775
124447
124748
125405
126112
126937
127113
127374
127661
127689
128438
128854
129309
129335
129694
133150
133791
135228
135419
136800
137385
137871
138208
138426
139056
139466
139913
141360
143159
145271
145419
146654
146962
147090
147257
147367
148330
148504
148859
150073
150738
151109
151634
152432
153205
153695
153974
155211
156368
156566
157657
158052
158832
159049
159118
160205
160468
161833
162168
164421
165441
166104
166160
166767
167627
167779
167929
168114
168513
168631
168632
168997
168999
169868
170429
174109
175783
176846
177371
178669
180281
180297
181038
181530
181657
183936
184568
184967
185943
189199
191983
194068
194538
195296
196550
197740
199009
199634
202146
202614
202803
204272
204550
205084
205423
210316
211329
212686
212930
213922
214377
215561
216715
216769
217134
217493
217587
218033
219174
219312
220806
221538
223217
223823
225808
225980
227087
227254
228768
230486
230905
231317
231890
232073
232774
233255
234761
236443
236498
238930
240584
241201
243777
246174
246903
248839
250422
250675
251680
251837
253355
254897
255025
257675
259236
259963
260578
260698
262416
262783
262894
263037
263083
264695
267879
269164
269305
270900
271396
272294
272532
273080
273818
274244
274730
275629
275942
275955
276004
277174
278365
279097
279257
279379
281563
281813
282654
283871
285498
287502
287917
289276
290282
291359
291985
292512
292578
294592
295325
296104
296470
296876
298204
301851
301954
302979
305087
310324
310748
310810
311922
312155
312674
313301
313978
316165
316241
316390
316860
318615
319288
319350
321240
321607
321901
324059
324463
324590
324977
325541
325702
326415
330346
331596
334658
334801
335754
336824
337271
338212
339651
340488
340650
341955
342998
346584
347374
347556
347914
348239
349252
353885
354542
354841
354968
355095
356083
356551
357019
357468
359911
361406
361553
361766
362867
365491
366235
366714
368306
368568
369718
369977
370457
371349
371829
372742
372772
373684
374242
374571
375987
377857
379827
380219
380766
382193
382527
382646
383663
383713
385298
386544
387347
387575
389105
389439
389749
389927
390619
390926
391640
391671
391781
392038
393501
394228
395344
397303
398250
398772
399048
399348
399907
401455
402154
402399
402957
403159
405049
405708
405900
406371
410895
413755
414345
415075
417409
417677
417744
418222
418272
419457
420404
422825
423399
425672
428429
430223
432597
432731
433333
434493
435830
436053
438941
439213
439731
440955
441559
442033
442044
443499
443560
445812
446258
447801
447973
448482
449082
449677
449753
449862
450734
451638
452320
452850
454612
455608
456075
457463
457474
457844
459446
460967
461576
462119
462380
462526
462615
464236
465015
466710
467785
468749
471781
472540
472596
473228
473884
473893
475745
476992
477350
477513
477719
478175
478367
480006
481386
482688
483105
483392
485851
486164
487423
487878
488720
490263
490271
491339
495624
497081
497614
497955
498986
500192
500361
500938
501798
502222
502705
503010
503839
503952
503953
504070
504115
504126
505076
506217
506637
506793
507488
508326
508635
508857
509484
510722
511342
511491
512431
512571
512959
515423
516369
516846
517507
518573
520160
520513
520775
521152
521430
521457
521536
522111
523506
524113
526380
526986
527298
527384
528201
528337
529284
530011
531080
531794
532966
533435
534959
535650
535975
536355
537416
537928
538820
538999
539036
539823
541098
542198
543750
544940
545151
545714
547762
548373
548728
549755
549921
552428
552834
553350
553845
556214
558262
558786
559557
559870
560212
560429
560766
560903
563953
564036
564063
564854
565088
565574
566335
566899
567449
567753
570389
571204
571652
572485
574252
576159
576941
578354
578913
579028
579432
581719
583793
585742
587819
590324
591017
594306
594458
596144
597111
597114
597192
598395
598477
599141
599155
601196
603217
603482
604512
604866
606045
606318
606402
607203
607653
608166
609788
611200
612412
613546
613992
614442
615449
617016
617827
618298
618972
619136
623076
625911
626494
627201
630277
631293
631946
632972
635226
635527
635843
638366
640953
641302
641333
642851
642888
647404
647996
649162
649395
649561
649700
649879
650230
650829
655834
656012
656206
656804
657200
657236
657972
658344
658450
658707
659546
661030
661561
662192
663486
664075
666378
667459
667841
668056
668790
668950
669234
670349
670969
671673
673782
674516
678119
678427
678856
679070
680870
681671
682596
683265
683698
684345
684763
685460
687969
688497
690821
690978
691578
691839
692211
692724
692744
695888
698827
699784
699920
700062
701183
702104
703815
703835
704287
704514
704654
706915
706931
707088
708664
709514
711028
711864
712265
712586
714504
714642
714693
715820
716837
716891
720349
721242
721827
721977
723501
724967
727771
731181
731993
732064
732406
732800
732894
734165
735023
735797
736417
739516
739894
740115
740506
740577
741365
741425
741624
742383
742708
743422
743461
744259
744730
745541
745698
748834
749051
750775
750890
751130
751242
753007
753256
754598
755684
756004
758443
761267
761929
763373
763407
763938
764384
765709
767793
767958
768052
768099
768653
768663
769627
771382
771460
772138
773005
773597
774420
776099
778358
778771
781398
782799
783077
783935
785693
786301
786905
787373
787973
788330
788351
788432
788873
790146
790617
791708
791822
792481
794603
795319
795592
795785
798899
798984
800167
801824
802735
808247
808447
808786
808924
809239
809658
810380
811468
812811
814116
815679
815802
815966
816803
817210
817710
818011
818141
819047
819550
820812
822155
822488
824261
824372
825702
827149
829427
832414
832472
834211
834380
834628
835911
837132
838318
838570
838949
839471
839507
840979
841000
841884
842095
844704
846048
846173
847395
847424
847671
848034
851398
851954
852018
852159
852546
852564
854624
854960
856892
857167
858599
860160
861932
862079
863989
864321
864381
865959
866359
867317
867353
868639
869112
870272
870304
872522
873321
873399
873713
873735
873976
875184
875313
875867
877280
879072
880214
880694
880798
881701
884438
884932
885055
886276
886540
891571
891749
895769
895796
895990
895996
898894
901233
903273
903403
904025
904213
904606
904711
905828
905869
907273
908351
909728
909786
910132
910257
911425
918365
919005
919530
919771
920284
922213
922281
922563
926170
927914
927982
928217
930249
932037
933358
936010
937035
937521
938111
938560
940522
941314
942040
942144
945373
949802
953926
955848
958546
958704
959242
960692
961949
962209
962494
963466
963782
964690
965192
966678
967191
967295
969023
969744
969796
971189
972079
972095
972830
976146
977624
978642
979381
979477
979613
981273
981879
983584
983763
983956
984582
985802
985856
986125
986313
987428
988437
988729
989243
989566
992295
992446
992809
993727
994596
994987
995330
997419
998743
1000043
1001284
1002290
1002759
1002876
1005931
1006858
1007031
1008368
1009916
1010081
1010320
1011039
1011187
1012868
1013116
1014246
1017377
1017457
1018550
1019245
1020109
1020182
1020629
1023410
1023470
1024251
1024340
1027829
1028153
1029127
1031990
1033990
1034012
1035324
1035430
1036223
1036770
1037393
1039853
1041627
1041663
1042964
1043049
1043560
1044213
1044294
1045565
1046882
1047575
1048543
1048883
1049576
1049883
1051463
1053387
1054822
1055181
1055388
1056350
1057548
1059892
1061164
1061864
1062243
1063470
1063982
1065792
1067261
1067470
1068157
1068717
1069140
1069867
1070503
1071762
1072125
1072461
1072464
1076301
1077210
1077653
1077746
1080239
1080320
1080855
1084976
1085348
1085720
1087125
1088284
1088327
1088726
1090376
1090467
1090590
1090616
1091630
1091906
1093833
1094105
1095702
1096321
1096998
1097112
1100198
1101176
1102848
1107696
1108243
1112498
1113478
1113943
1114000
1114407
1116142
1116389
1116431
1116563
1116604
1116611
1117231
1117272
1117296
1117414
1117557
1119534
1120831
1121145
1121500
1122796
1124378
1124779
1126143
1126842
1128117
1130364
1131506
1132943
1133424
1133607
1133980
1134139
1134804
1136633
1136719
1138495
1138516
1139819
1140486
1140542
1143466
1143563
1145349
1145362
1145380
1146717
1148766
1149672
1152961
1153155
1153995
1157803
1162588
1162971
1164688
1164905
1167634
1169493
1169953
1170222
1171275
1171685
1171951
1172072
1177295
1177955
1178554
1178623
1178732
1178964
1180172
1185906
1186062
1186252
1187964
1193910
1194026
1196288
1197993
1198895
1199585
1199703
1201541
1201597
1203912
1204131
1204496
1206168
1206381
1207873
1208755
1210151
1210562
1210850
1211019
1214461
1214490
1215622
1217324
1218267
1220859
1220889
1220931
1221107
1221135
1222289
1223232
1223554
1225262
1225325
1226064
1226902
1227703
1227852
1230944
1232618
1233040
1233298
1235826
1235828
1236758
1237083
1237439
1240466
1240712
1241234
1242952
1243435
1244578
1247327
1248470
1249407
1250861
1251089
1251973
1253810
1254593
1256764
1259084
1259283
1261515
1261553
1262502
1264393
1265114
1265330
1266118
1267420
1269618
1270386
1270539
1270813
1272064
1272859
1274025
1274848
1274860
1275429
1275695
1276330
1276833
1277681
1278944
1279296
1279639
1281306
1282045
1282058
1284207
1287525
1289372
1290747
1290960
1291161
1293487
1296114
1296686
1298549
1298964
1299342
1300125
1300937
1301008
1302541
1304721
1305079
1308227
1309306
1309500
1310890
1310906
1311189
1311805
1312637
1312842
1313329
1313527
1313678
1315537
1315853
1317496
1318760
1319210
1320458
1321456
1323645
1324973
1325058
1325409
1325978
1327570
1328392
1329132
1329310
1329569
1329694
1332760
1333749
1335018
1339234
1339884
1340653
1340672
1340964
1343864
1344089
1344483
1344628
1344650
1344716
1347282
1349252
1350129
1350371
1351144
1351873
1353145
1354168
1354457
1354770
1356798
1357215
1357353
1358758
1359104
1359761
1359833
1359897
1360804
1361452
1361550
1362756
1363030
1366679
1368022
1368568
1368753
1369177
1370145
1373210
1373783
1376877
1377050
1380002
1381258
1381500
1381627
1381659
1381904
1383135
1384194
1385795
1386418
1386479
1388538
1388652
1390180
1391906
1392525
1392664
1394416
1395575
1395925
1396824
1398136
1399446
1401731
1401898
1403847
1405389
1407078
1407317
1409655
1410059
1410412
1411706
1412366
1416063
1417426
1418568
1419333
1419531
1420806
1421049
1422525
1422628
1422735
1422793
1424159
1424756
1425897
1426779
1431445
1432338
1433982
1434195
1437126
1438560
1441606
1441728
1441973
1442991
1443073
1443683
1444295
1445067
1446863
1447556
1448651
1448856
1449380
1451363
1451782
1453578
1454059
1454275
1454278
1454669
1455118
1456246
1456398
1457475
1459337
1459454
1460136
1460799
1461550
1461573
1462166
1462661
1462694
1463313
1464643
1464854
1465596
1466126
1466308
1467557
1468971
1470762
1471358
1471800
1472904
1473452
1473460
1474760
1475974
1476080
1476483
1476525
1476974
1477668
1477771
1477866
1478690
1478795
1480087
1480273
1481048
1481536
1482475
1483082
1483172
1483334
1483418
1483916
1484600
1485267
1485346
1485881
1487643
1487968
1488019
1490309
1490626
1490835
1491351
1491761
1492019
1495700
1496280
1497139
1498169
1500658
1501949
1503102
1503580
1504147
1506263
1506983
1509286
1509510
1509867
1510266
1512003
1514722
1515197
1515756
1515987
1517282
1517969
1518656
1520655
1521416
1521803
1521824
1522797
1522883
1523461
1524545
1524668
1526230
1526829
1527728
1529597
1529822
1530596
1530874
1531084
1532673
1533988
1534201
1534335
1535200
1536613
1536956
1537705
1537781
1538483
1538673
1539142
1540665
1540728
1541830
1542403
1542655
1542752
1542890
1544307
1545528
1545881
1546091
1546105
1546994
1550084
1550909
1551682
1552277
1552303
1553568
1553658
1554092
1556130
1559112
1560412
1560880
1561103
1561538
1562222
1562500
1562935
1563821
1564125
1565234
1565493
1566181
1567321
1569284
1570573
1571052
1571170
1572843
1573169
1573398
1573792
1574169
1575206
1576261
1576913
1577175
1578203
1578606
1579648
1580441
1580447
1580973
1581041
1581172
1581215
1581274
1584952
1585060
1585757
1587569
1587624
1590315
1590986
1592550
1593326
1594329
1595136
1598422
1598711
1599356
1601218
1601296
1606137
1606205
1608667
1609571
1609779
1610020
1610733
1611518
1611704
1612192
1612401
1614146
1614754
1616307
1616750
1617179
1618257
1618755
1619861
1620664
1622937
1622994
1625302
1625401
1626882
1627077
1627554
1628458
1629159
1629931
1635548
1636540
1637327
1637368
1637500
1637542
1639069
1639448
1639495
1639642
1639658
1639978
1640390
1640915
1641062
1641268
1644530
1645618
1648299
1648373
1648890
1649312
1651161
1651669
1652282
1652737
1653187
1653969
1654286
1654949
1656333
1656687
1657812
1659289
1659485
1661249
1663715
1664529
1666446
1667972
1667979
1668720
1668859
1670193
1670694
1670784
1670847
1671116
1671669
1674067
1674116
1674440
1675308
1675477
1676302
1677265
1679320
1681099
1681156
1681667
1686000
1686336
1688043
1688395
1690130
1692933
1694989
1699216
1699659
1701935
1702141
1703843
1704934
1705290
1706732
1707441
1708001
1708452
1709134
1709673
1709681
1709702
1709782
1710051
1710255
1712892
1714412
1714518
1715590
1715610
1716016
1716071
1716153
1716432
1716831
1719336
1720286
1720426
1721932
1722424
1725419
1725689
1728299
1730036
1732398
1732575
1733267
1733394
1735164
1735338
1736680
1736866
1738223
1739025
1739115
1739119
1740272
1741261
1742498
1743959
1745042
1745328
1747151
1749942
1750509
1750878
1751677
1752857
1753991
1754962
1755971
1757200
1757826
1759922
1761691
1762194
1762289
1763138
1763895
1764511
1764713
1765923
1765925
1766502
1767369
1768277
1769765
1769784
1771668
1771928
1777337
1780789
1783425
1784316
1786535
1786845
1789810
1791394
1791609
1792556
1792709
1794023
1794932
1795549
1796840
1797167
1797410
1797922
1798071
1798174
1798364
1799518
1799819
1800042
1802500
1805368
1806918
1807633
1808075
1809889
1810698
1811150
1811492
1813804
1813924
1815146
1816260
1816930
1818887
1818933
1819404
1821017
1822712
1823270
1823888
1826854
1827299
1827688
1828141
1830237
1831409
1831650
1833206
1834881
1835806
1836448
1838295
1839670
1839822
1840340
1841156
1841452
1842301
1843376
1843536
1843801
1844634
1845020
1845026
1845448
1846424
1846984
1847370
1848050
1849466
1849509
1849639
1851948
1853656
1854306
1854613
1855113
1855383
1855453
1856473
1858409
1858543
1859449
1860119
1862401
1863407
1863463
1864666
1866131
1866579
1867513
1867674
1867851
1869658
1869683
1870301
1872114
1872223
1872568
1874797
1875196
1875618
1875654
1876489
1876884
1877079
1880257
1881069
1881924
1882402
1883738
1883867
1884833
1885003
1885177
1886304
1889214
1890026
1890342
1890814
1891015
1891599
1892875
1893761
1895308
1895850
1898497
1898784
1898990
1899909
1904755
1904916
1905171
1905437
1908741
1909073
1909123
1910591
1910709
1912270
1912733
1912766
1912975
1917170
1918097
1921956
1922003
1923564
1924682
1924908
1925580
1926653
1926672
1926777
1926985
1927302
1928671
1929841
1930717
1931189
1931618
1932345
1933101
1933395
1933727
1933829
1933997
1934550
1935274
1935278
1935386
1937709
1937812
1938375
1938493
1938852
1938906
1939072
1939376
1941156
1941687
1941970
1942015
1943124
1943395
1944035
1947412
1948283
1948995
1949378
1949570
1951022
1951142
1951382
1952757
1954268
1954580
1954656
1955735
1957219
1957897
1958565
1958932
1959620
1960596
1963495
1963614
1967004
1967523
1968012
1968570
1970264
1970570
1970894
1972321
1972451
1972802
1973709
1973871
1975968
1978867
1979885
1981191
1983198
1983200
1983313
1983449
1983464
1984522
1984830
1985356
1985720
1985961
1986644
1988869
1989753
1990427
1991221
1991401
1993871
1993970
1994238
1994521
1997494
1998214
1999754
1999870
2001174
2001565
2001661
2002515
2006042
2006044
2007001
2009222
2009342
2010300
2010815
2010817
2014898
2015242
2016635
2016637
2016729
2016891
2017325
2017683
2018238
2021525
2023366
2023468
2024996
2027018
2027138
2028173
2028731
2029442
2029876
2030611
2031313
2031959
2033546
2034441
2035231
2036992
2038702
2038713
2038830
2039121
2041222
2041284
2042748
2044123
2045095
2048142
2050317
2051618
2052137
2056412
2056528
2056619
2058069
2058401
2059917
2060192
2060273
2061172
2061958
2062424
2062512
2062540
2063664
2064430
2066451
2066561
2066845
2067666
2068556
2070363
2070481
2071988
2072121
2073201
2075030
2075469
2075900
2076463
2076717
2077775
2079267
2080966
2081188
2081205
2082039
2082405
2082730
2083150
2086694
2090216
2092347
2092508
2093061
2094021
2094895
2095199
2095335
2095688
2095699
2098431
2100799
2102070
2102250
2103075
2105303
2106056
2106285
2106326
2107056
2107254
2107681
2109216
2109877
2110066
2111548
2111761
2111958
2112423
2112875
2113089
2115206
2115623
2117437
2119243
2119637
2121023
2121249
2122168
2123033
2124678
2126089
2126805
2128778
2129127
2129836
2130075
2130964
2131763
2131792
2133689
2134353
2134467
2134837
2135527
2135711
2136480
2136730
2137187
2137777
2138161
2138442
2139431
2140072
2141551
2142478
2142869
2143391
2143918
2144477
2146170
2148029
2148090
2149471
2150344
2150629
2152515
2152824
2153509
2154207
2155017
2155883
2157075
2160349
2160985
2163092
2163280
2164450
2164535
2165528
2167843
2168615
2168713
2168812
2169050
2171401
2172301
2173200
2173672
2174014
2174417
2174819
2174823
2174879
2176687
2177623
2179582
2179847
2182717
2183894
2184365
2186024
2186688
2187216
2187968
2190575
2192184
2192819
2193023
2193650
2194201
2194221
2194600
2198267
2199274
2204084
2204711
2204903
2207680
2208579
2209249
2210084
2210731
2210857
2211553
2213071
2213115
2213431
2214569
2214715
2216414
2216636
2216839
2217005
2217701
2218379
2218493
2222917
2223452
2223831
2224858
2225105
2225305
2226611
2229085
2230664
2232757
2233352
2233869
2236991
2237779
2238870
2242133
2242137
2242586
2242794
2243124
2243229
2243363
2244355
2245303
2245702
2246999
2247346
2248286
2248472
2248937
2249834
2250689
2250713
2251932
2253424
2254854
2255125
2255267
2255822
2255916
2257481
2258583
2258756
2258842
2259311
2260228
2260498
2260688
2261509
2262193
2262387
2262428
2263637
2264174
2265007
2265067
2265382
2266506
2267191
2267369
2268975
2269596
2271128
2271339
2271480
2271956
2271967
2272194
2272292
2274995
2276144
2276810
2277373
2278449
2279255
2279973
2280225
2280265
2280455
2283462
2283980
2284118
2285080
2285802
2286336
2286637
2287983
2288563
2288766
2289573
2290280
2290816
2290823
2291822
2292365
2293965
2294521
2295462
2295966
2296887
2298362
2299244
2299682
2300360
2301247
2301518
2301672
2302087
2302099
2302272
2302543
2303859
2305623
2305658
2306341
2306747
2308604
2311494
2311667
2312786
2313927
2314543
2315885
2316229
2318667
2320707
2321639
2321645
2322994
2324836
2327514
2328250
2328524
2330497
2331299
2331961
2333233
2333682
2333946
2334383
2334774
2335218
2335422
2336355
2336734
2338795
2339092
2339286
2339543
2339624
2341180
2342571
2343084
2344567
2344904
2347418
2348277
2349368
2353380
2354513
2354740
2355046
2355720
2358594
2358905
2360389
2360964
2362107
2362307
2362370
2363072
2363355
2364897
2365535
2365694
2366651
2367161
2368395
2370312
2370947
2370987
2372942
2374379
2375679
2376760
2376813
2380270
2381115
2382953
2383112
2383354
2384021
2384514
2384605
2385134
2385332
2386264
2387962
2388962
2389413
2390184
2390194
2390464
2390906
2390967
2391756
2391830
2394215
2395292
2395857
2396699
2398475
2399731
2400742
2400809
2401758
2401899
2402361
2402900
2403053
2406830
2407261
2408267
2408461
2408873
2409842
2410462
2411539
2412509
2413370
2414564
2414918
2415684
2416568
2416719
2416791
2419464
2420729
2420755
2424197
2425044
2426503
2427141
2427216
2432100
2432785
2433562
2434168
2434445
2434995
2436091
2436749
2438447
2438699
2439902
2440578
2441712
2442542
2444999
2445876
2447832
2448037
2449253
2450195
2450668
2451981
2452584
2454639
2455931
2456048
2456684
2456785
2458998
2461809
2462715
2463499
2463591
2463741
2464403
2464489
2465372
2465646
2467138
2467513
2467709
2467808
2467851
2467938
2469489
2470053
2472059
2472671
2473599
2473791
2475120
2475253
2475719
2476887
2477410
2478516
2479593
2480318
2482256
2483959
2484911
2485117
2486834
2487475
2488534
2489115
2489165
2489322
2489330
2491083
2491522
2492968
2493090
2496409
2496577
2498640
2499343
2499691
2500853
2501628
2502283
2504272
2504593
2510440
2510470
2511587
2512974
2513926
2514518
2514991
2515613
2516050
2516392
2516651
2516841
2517005
2520093
2522204
2522908
2523083
2523089
2526182
2526413
2526702
2529713
2530361
2531470
2535212
2535230
2536224
2537005
2540683
2541162
2541251
2541595
2544367
2544726
2545823
2546348
2547492
2548645
2548905
2549833
2549993
2550975
2551412
2552912
2553456
2554280
2554980
2555648
2555876
2556421
2556884
2559253
2559403
2559805
2560264
2560495
2561084
2561417
2562056
2562514
2563401
2563959
2565381
2566243
2566591
2567207
2567959
2568166
2568243
2570739
2572108
2572383
2573273
2573379
2574046
2574820
2576435
2576490
2577675
2577949
2578506
2578642
2578985
2579276
2579943
2579955
2581635
2581855
2582406
2582596
2583089
2584033
2584297
2584514
2584768
2584819
2584851
2585056
2585564
2586623
2590259
2590369
2592123
2592171
2592889
2594873
2595808
2596201
2597178
2597539
2597582
2597723
2597939
2597950
2598618
2601817
2601966
2602210
2603696
2604075
2604390
2604722
2604899
2605565
2609639
2609787
2610942
2612606
2612720
2613087
2613441
2613695
2614082
2614395
2616350
2618757
2620561
2620696
2625423
2627743
2627819
2628671
2630170
2631343
2631386
2632176
2632803
2632974
2633419
2634001
2634458
2635758
2638835
2639683
2639796
2639906
2642874
2644547
2644800
2644986
2646050
2646541
2647881
2648101
2648736
2649047
2651009
2651076
2651641
2651658
2652078
2652961
2653066
2653354
2653540
2653651
2653866
2654137
2656777
2657298
2657328
2657600
2659378
2660197
2660399
2661093
2662757
2663175
2664023
2664246
2665012
2665944
2666820
2666914
2668824
2669639
2670585
2671422
2672757
2673766
2675694
2675734
2675770
2675797
2676551
2676573
2677004
2677360
2678735
2680106
2681348
2682509
2682761
2682936
2683652
2685156
2687207
2687551
2687627
2688250
2690043
2690574
2691561
2692775
2693315
2693600
2695416
2699888
2699951
2700425
2700940
2701195
2702890
2703333
2705104
2706578
2706590
2706597
2706926
2707008
2707386
2707467
2707486
2707803
2708178
2708758
2708942
2709692
2711610
2712321
2714091
2714398
2715326
2716759
2716897
2719279
2719479
2721041
2721244
2721296
2721747
2723247
2723725
2723902
2724512
2726053
2728202
2730990
2731185
2731250
2731425
2731710
2732068
2732287
2732849
2732946
2735699
2736325
2737719
2739228
2739699
2740811
2741183
2741991
2742207
2742490
2742975
2743256
2743528
2744859
2745176
2748019
2748469
2750562
2751895
2752081
2753425
2753430
2754457
2754802
2755256
2755346
2755462
2756838
2756982
2757166
2757916
2757977
2758367
2759541
2759985
2760700
2761311
2761330
2761863
2762233
2762357
2762587
2764080
2766426
2766903
2767206
2768041
2768666
2768878
2769890
2770759
2772120
2772389
2781111
2781271
2781302
2781779
2781974
2782853
2783055
2783912
2784824
2785262
2785994
2786984
2789565
2790012
2790895
2791294
2791971
2791974
2792402
2792418
2794450
2794725
2796434
2796654
2797773
2799260
2800206
2800650
2800675
2802535
2802718
2803361
2804710
2805637
2806670
2808876
2811048
2817089
2817204
2818244
2819449
2820373
2821125
2821532
2822713
2823261
2824452
2825195
2826732
2827021
2827339
2828716
2829622
2830232
2830832
2831042
2831054
2831084
2831278
2831384
2831473
2833612
2833726
2834795
2836782
2836968
2837042
2838487
2838920
2839807
2840100
2840669
2841144
2841714
2841797
2842073
2842840
2843700
2844257
2845284
2845811
2846375
2847674
2848743
2849596
2849676
2851697
2852905
2855078
2855098
2855242
2856005
2857143
2857291
2857854
2858378
2858384
2858522
2859393
2861366
2864314
2864637
2867656
2867983
2868408
2869496
2869611
2869910
2871575
2871991
2873477
2874529
2874954
2874955
2877107
2878089
2878797
2879133
2879306
2879673
2879984
2882126
2882481
2882579
2883453
2883991
2884436
2884796
2885686
2886265
2888210
2888454
2888745
2889274
2889700
2890348
2891189
2891286
2891425
2892690
2893047
2893840
2895266
2895383
2896132
2896911
2897231
2897554
2897611
2900136
2900914
2901031
2901985
2902795
2903578
2904736
2907269
2907507
2909278
2909448
2910168
2910706
2911038
2911993
2914921
2915872
2918577
2919327
2920565
2920901
2921331
2921568
2921746
2923379
2923517
2923555
2927602
2929089
2930777
2931358
2932392
2933992
2934191
2934695
2935037
2935578
2936995
2937204
2938411
2938769
2939313
2939445
2940332
2940467
2945327
2945367
2945703
2947724
2948041
2948087
2948551
2948936
2949653
2950528
2951500
2954346
2954444
2955996
2956599
2963155
2963861
2964071
2965016
2965037
2966711
2968052
2968658
2968763
2969859
2971415
2972691
2973509
2973844
2974113
2975203
2975265
2975281
2976679
2976951
2976971
2977073
2977725
2979223
2979354
2979513
2979646
2979982
2980848
2980862
2981449
2981508
2982139
2982693
2983062
2985631
2985783
2986086
2986225
2987896
2988940
2989227
2993009
2994014
2994103
2994619
2994958
2995016
2995392
2995691
2995867
2996357
2997985
2999477
3000858
3000954
3001657
3002766
3003214
3004477
3006612
3006733
3009317
3009950
3010653
3010915
3014141
3017321
3023930
3024454
3024813
3027142
3028830
3029343
3029922
3030397
3030479
3030733
3030805
3031561
3032534
3032730
3033739
3034390
3034453
3035438
3036449
3037639
3041101
3041134
3041587
3042158
3045157
3045475
3046203
3046801
3047682
3048265
3051460
3055067
3056221
3056501
3056749
3057409
3057737
3060304
3061176
3062463
3063968
3065597
3065627
3067664
3067982
3068418
3070129
3070730
3071910
3072988
3073057
3073681
3074290
3075317
3075916
3079577
3080604
3080746
3081223
3081393
3082084
3083536
3084953
3086700
3086929
3088028
3089374
3089737
3090251
3090403
3090853
3091815
3091989
3092951
3093257
3095021
3096142
3096357
3096367
3097390
3098337
3098993
3100098
3100463
3101575
3105397
3105819
3105977
3106255
3106303
3106789
3108445
3108556
3109566
3110853
3111052
3111582
3112269
3112693
3113338
3113833
3114932
3115835
3116710
3117663
3117967
3119734
3119929
3120124
3120934
3121039
3121615
3122620
3122812
3124094
3124989
3125080
3125352
3125504
3126405
3126628
3128688
3129571
3129687
3129984
3131144
3131205
3132169
3132403
3132450
3133934
3134034
3136132
3138055
3139740
3140339
3141848
3141939
3142406
3143360
3143987
3144162
3144342
3144415
3144662
3144776
3145255
3145995
3146364
3147250
3147364
3147977
3148376
3150105
3151684
3152091
3152393
3152640
3153707
3156312
3156464
3156957
3158851
3159409
3159466
3161642
3162920
3163110
3163964
3164803
3165264
3165331
3166968
3167443
3167702
3168303
3168636
3169016
3169057
3170100
3170262
3171439
3172778
3172787
3173591
3174616
3176538
3176727
3177209
3178120
3179073
3179091
3179413
3181070
3182377
3183661
3183827
3184298
3184481
3185651
3185710
3185883
3186215
3187172
3188209
3189737
3190111
3190952
3192115
3192154
3192260
3192520
3193216
3194025
3195371
3196404
3197041
3197864
3198854
3199520
3199572
3199772
3200000
3200797
3203566
3203745
3204474
3204838
3206913
3207038
3208389
3208569
3209157
3210505
3210682
3213292
3213324
3217522
3218341
3218964
3219568
3221641
3221891
3222139
3222143
3223573
3224153
3228213
3228275
3229029
3229736
3229841
3231050
3237179
3237959
3238688
3240110
3240446
3240531
3241411
3241689
3242514
3242525
3243953
3244025
3244267
3246174
3246462
3247741
3247868
3247957
3249302
3249535
3253363
3254900
3255104
3258984
3260800
3261002
3261260
3263595
3263688
3264302
3264876
3265053
3266465
3270161
3271039
3271759
3272616
3273588
3275966
3276009
3276382
3276653
3277017
3278116
3280048
3281140
3281636
3282916
3283552
3284091
3284533
3285908
3286245
3287974
3288572
3290673
3292464
3297182
3299589
3301823
3302857
3303234
3303499
3303735
3304857
3305457
3305523
3305657
3307296
3307331
3308196
3308714
3310761
3311232
3311597
3312127
3312324
3312740
3313180
3314228
3314534
3315311
3316268
3317128
3318145
3318808
3318867
3319688
3320981
3321415
3322437
3323477
3324212
3324572
3329463
3329812
3329873
3330055
3330952
3331463
3331556
3332300
3332312
3332593
3332762
3333318
3334250
3334566
3335091
3335606
3335922
3337965
3339023
3339845
3340534
3342208
3342245
3342725
3343385
3343455
3344283
3345061
3346454
3347497
3347891
3350371
3350627
3351658
3352796
3353715
3356021
3356087
3357345
3357630
3359295
3361332
3361564
3364797
3365299
3365726
3366200
3367165
3369141
3369510
3369524
3370174
3370341
3373363
3374352
3377062
3377204
3377742
3378172
3379897
3380129
3381293
3382331
3383052
3384318
3384842
3387032
3387921
3389031
3390903
3391822
3392346
3392714
3393954
3395797
3397911
3398201
3399305
3400727
3401863
3403383
3404937
3404970
3405543
3406962
3408913
3409376
3411526
3411692
3411882
3414940
3415946
3416605
3416835
3417139
3418222
3418797
3423665
3424894
3426105
3426788
3427078
3428255
3428964
3429751
3430973
3431038
3431754
3433250
3434523
3435901
3436372
3437471
3438019
3439391
3439673
3440674
3441017
3441459
3441468
3441885
3442172
3443465
3444403
3445159
3445291
3447272
3447352
3449555
3452743
3455050
3455564
3455870
3457240
3458005
3458474
3459567
3459729
3459949
3460288
3461629
3464277
3464384
3464631
3466045
3466056
3467057
3467431
3468468
3468622
3468673
3469701
3470725
3472716
3473118
3473335
3473537
3474059
3474354
3474389
3475748
3476572
3476837
3477437
3477796
3477861
3478148
3478971
3480490
3481373
3481469
3481775
3481889
3481974
3482310
3485508
3485759
3485900
3488457
3491219
3491853
3492346
3494102
3494184
3494734
3499173
3499528
3499570
3500525
3502123
3502403
3502566
3504718
3505169
3507582
3510209
3510633
3510957
3514928
3515548
3516022
3517056
3517433
3517699
3518495
3520109
3521224
3521984
3523189
3523972
3524191
3524351
3525067
3528845
3529423
3529592
3530379
3531945
3532458
3532988
3535399
3535414
3536198
3537162
3537863
3537982
3538614
3538890
3538971
3541806
3543099
3545838
3546092
3546257
3547369
3547936
3548486
3549957
3551463
3551614
3552071
3552104
3552177
3552582
3554120
3554854
3557555
3558137
3558320
3558615
3563479
3563766
3564369
3564938
3566280
3566506
3566939
3567795
3569959
3570482
3570502
3570592
3572388
3572543
3573555
3573701
3573882
3573890
3574511
3574899
3575368
3575489
3576177
3576868
3578495
3580540
3580583
3581354
3581412
3583439
3583660
3584379
3586121
3586337
3586933
3588539
3590541
3590620
3590678
3591129
3594124
3594786
3595968
3596171
3596520
3596566
3596775
3596818
3596960
3598456
3598684
3599042
3599240
3599897
3600629
3600777
3603948
3603970
3605961
3607030
3608298
3609281
3609530
3613547
3615116
3615458
3616276
3621676
3621964
3623086
3623980
3624475
3626050
3626225
3628620
3628737
3629945
3630158
3630277
3630313
3631473
3633254
3634313
3634834
3637319
3638181
3638995
3640248
3641003
3641731
3642586
3642677
3642888
3645621
3646021
3647139
3647160
3648102
3648627
3650140
3650164
3650287
3651127
3652602
3652927
3654659
3654710
3655659
3655985
3656436
3657583
3658856
3661130
3662434
3662443
3662995
3666709
3669122
3669305
3670691
3671444
3672100
3672186
3672441
3672697
3673400
3674554
3675382
3676513
3676861
3677530
3677563
3677783
3678845
3680539
3681615
3681887
3682639
3682955
3683056
3685806
3685959
3686272
3686468
3687250
3688325
3688486
3692993
3695081
3695100
3695369
3695764
3696246
3696393
3696547
3696993
3698772
3699559
3700303
3701161
3701927
3702096
3702463
3705471
3705721
3705781
3705803
3707820
3708510
3712165
3713327
3714709
3715483
3716170
3716903
3717170
3717255
3717510
3719319
3719688
3721055
3723311
3724481
3725150
3728993
3729736
3730151
3730337
3730463
3731119
3731336
3732212
3734064
3735400
3735690
3736733
3736959
3737315
3737706
3738303
3738713
3739994
3742705
3743079
3744649
3746161
3747107
3749712
3751277
3751521
3751569
3753982
3755194
3755366
3755432
3755856
3757818
3758162
3758643
3758933
3759205
3762165
3762252
3763801
3766861
3767072
3767281
3768500
3768752
3770472
3770894
3771079
3772880
3775213
3776067
3776525
3776533
3776829
3778082
3778432
3778709
3779374
3779513
3779853
3781531
3782341
3785029
3786206
3786563
3786735
3787188
3787442
3788845
3790454
3791176
3791763
3792440
3793573
3794590
3794989
3795376
3797434
3799310
3799511
3799754
3801460
3802845
3803377
3803658
3804204
3804616
3805097
3806636
3806935
3809079
3809440
3811387
3812200
3812529
3812687
3813474
3813857
3813969
3817586
3820088
3820458
3821765
3822019
3822498
3822977
3823998
3824449
3825254
3825298
3826302
3826482
3827927
3828083
3828818
3829263
3829921
3831741
3831877
3831979
3832261
3833763
3835157
3838355
3838439
3839248
3840475
3841567
3844404
3845240
3845511
3845984
3849289
3849473
3849613
3850425
3850910
3850994
3851364
3852115
3852435
3855817
3856224
3856230
3859913
3860397
3861507
3861678
3863709
3864328
3866771
3867808
3868005
3868222
3868580
3869578
3871006
3871164
3871250
3871395
3872848
3873920
3874059
3874178
3874548
3875731
3876019
3876179
3877070
3878846
3879604
3879977
3881413
3884145
3885516
3886283
3887429
3887834
3888906
3888909
3889168
3890051
3890342
3895476
3896084
3896740
3898141
3898451
3898687
3900231
3900628
3901811
3904911
3905345
3906061
3906481
3907029
3907303
3908030
3908097
3908432
3909596
3910561
3911609
3916414
3918201
3920544
3921503
3921997
3922154
3923679
3924250
3924847
3925421
3925659
3926278
3926334
3928811
3928816
3928965
3930441
3930949
3931705
3931949
3932156
3932491
3932840
3933211
3934142
3936815
3937440
3939336
3939871
3941584
3945135
3945422
3946125
3947359
3947750
3947958
3948926
3949903
3950911
3952308
3953262
3953802
3955242
3955518
3956778
3957085
3957673
3959493
3960315
3961399
3961468
3962618
3964518
3964856
3966466
3968606
3968997
3969048
3970410
3971633
3973732
3974323
3975249
3980033
3980607
3984672
3984917
3985251
3985601
3985945
3987625
3989048
3990350
3990629
3990909
3992779
3994221
3994506
3994928
3994973
3995247
3996170
3997188
3998800
4002261
4005596
4005880
4006199
4006865
4009806
4010283
4012362
4012773
4012889
4013619
4013784
4013840
4014313
4015772
4017592
4018000
4018309
4019401
