313
602
1161
2372
2580
3149
3852
4750
5063
5360
6337
6602
7218
7958
8221
8808
8971
9220
9407
10677
11786
12179
12453
14803
15047
15763
16319
16412
17043
17672
17720
17741
17775
19368
24224
24952
25357
25844
25991
26260
27165
27512
28678
28770
30445
30912
31834
32101
32153
32301
32828
33813
34183
35159
36470
36920
37084
37113
37209
37258
38467
38851
39519
39810
40136
40894
40958
41358
42315
42741
43099
43802
44514
45780
49587
50271
51369
51699
52439
53421
54028
54110
54466
54833
55190
55241
55871
56983
57590
57922
61888
63058
63938
64749
64945
67034
67914
68869
69091
69160
69211
69443
69733
69869
70858
71041
71385
71752
71918
71936
73454
73543
73803
76489
76507
76984
77352
77910
78489
78628
78631
79491
80517
81013
81214
81255
81659
81872
81978
82265
82560
82606
83010
83199
83353
83682
83922
84555
85226
85532
85888
86797
87359
87943
88011
88016
88846
89136
90623
90892
92679
93236
93434
93831
94652
95700
95961
96548
96663
96851
97223
97242
97269
97497
97749
98774
99149
100186
100234
100694
100781
100822
102866
103406
103832
104225
105084
105164
105414
107293
109093
109947
110413
111158
111394
111930
112231
112455
113146
113490
114350
114579
114755
115056
116970
117061
117250
117758
118222
118358
118559
119664
121180
123077
123633
124723
125195
125458
125632
126448
127145
128407
128413
128845
129499
129871
130250
130568
130859
131003
131134
131437
132174
132899
133247
133346
134272
135107
135775
137281
137518
137892
138359
138504
138986
138992
139327
140261
141458
141466
141483
142559
143987
144008
144995
145686
146664
147491
148482
148542
148543
149340
149761
150092
150641
151769
152332
152530
152591
152964
153483
153651
153989
154129
154454
154657
155432
155597
156973
159516
159834
160907
161020
161745
162297
164098
165088
165776
165894
167331
167531
169348
169883
170474
170481
171140
171371
171388
173218
174519
176532
176655
176796
177883
179195
180293
180549
180694
181516
181645
182385
183117
183198
183850
184090
184816
185517
185691
186343
187392
187855
188233
188461
188814
189164
190472
191000
192000
192976
193233
193388
194263
194276
194523
194724
195143
195336
196690
199125
199184
199715
200229
201220
201475
201891
202184
202198
202560
203095
203184
203448
203499
203835
204309
204911
205846
206465
208320
208457
208671
210722
211159
212917
213098
213244
214549
215844
215856
217811
218066
218470
218543
218607
218643
218848
220289
220340
221759
221830
222195
222470
222538
222757
222834
222923
223070
223225
225703
226059
226914
226924
228206
228271
228465
229021
230027
230765
231619
231772
232255
232264
232481
232484
232998
233194
233976
234320
235129
235164
235964
236941
238135
238563
239005
239797
240325
240609
240641
240743
240982
241149
242539
242880
243554
243609
244771
245402
245916
246013
246294
246362
246499
247510
249070
249378
249426
249767
250359
250446
250765
251335
251627
251805
253587
253604
253768
254433
254659
255493
256993
256999
257387
257411
258197
258911
259316
259899
260523
260795
260935
261728
262362
262700
263246
265028
265173
266913
268647
268654
269286
270436
270765
270789
270805
270937
272137
272144
272710
272755
273098
273692
274108
274420
276710
278377
278946
279156
279446
279760
280663
281038
281604
281658
282583
282800
283119
283881
284163
284342
284389
284488
285080
285906
286193
286560
286567
287128
287974
288658
289493
290539
291676
292055
292096
293817
294465
296216
296314
296368
296555
296557
297110
298000
298324
298699
299568
300087
300233
300505
302110
302540
303323
303333
304132
305043
305635
309081
310129
310460
310518
310788
311367
311616
312082
312771
314670
314749
316408
316612
317163
317392
318040
319350
319559
320307
320379
320961
321217
321827
321980
322358
322518
322551
324216
324616
325565
327289
328245
328395
328959
329051
329383
329713
329968
330465
330915
331332
332495
334335
334439
334630
335251
335258
337223
337900
338616
339086
339334
339989
340208
341082
341751
342042
342172
342404
342740
342889
342938
344375
344427
345773
346632
347253
347400
348618
348642
349131
349953
350889
351507
351838
352089
352446
352908
353894
353937
354583
355429
355512
355634
357521
359135
359420
359447
360991
361268
362744
362842
362999
363433
364689
365019
365659
365819
366350
367167
368164
369367
369440
371515
371631
371666
374113
375048
375137
375277
375938
376799
376962
377082
377222
377616
377880
377973
379177
379491
381575
382839
383013
383234
383283
383574
383894
384639
385630
386583
386653
386975
387974
388897
389489
389758
390138
390721
391461
391830
393619
393652
394030
394092
394186
395612
395830
396082
396129
397010
397036
397229
397590
397727
397742
398052
398194
398515
398608
398887
399197
399256
399766
400515
401248
401456
403060
404754
404903
405232
405382
405477
405629
406278
406750
406793
407007
407363
408733
409474
410639
410650
411662
411900
412577
413670
414236
414312
415835
415996
416054
416528
418002
418613
418968
419193
419524
419902
420065
420604
420721
420741
420836
421921
422350
422633
424102
424546
424735
425118
425136
426238
427608
427609
428196
428906
429024
430243
430900
430965
432221
432319
433753
435318
436733
437814
438026
439590
439884
440357
440734
441016
441089
442335
442836
443693
443700
444739
444943
447046
447769
448237
448293
448331
450204
450762
451944
452754
453171
453487
454126
454625
454779
455355
455569
457594
458080
458318
458926
459065
460027
460577
460792
460859
460976
462263
463347
463461
463622
464259
464563
465654
465981
466290
467462
468049
468529
468801
469313
469444
469901
470447
471031
471595
471754
472301
473425
474596
475480
475612
475853
476011
476577
477248
477541
478066
478255
478322
478567
481079
481283
481978
482052
482341
483362
483976
484656
485069
485407
485844
486328
486392
486729
487095
487154
487892
488142
488806
489307
489693
489836
490624
490911
491030
491195
491364
491769
491973
491990
492227
492302
492426
492741
493175
493321
493610
494240
494577
494624
495088
497840
498211
498361
498750
499264
499527
500512
500692
503191
503416
504351
504771
506592
507027
507730
508214
508580
508840
510542
511404
511599
511978
512344
512905
513167
513525
513560
515343
515489
515891
516421
516512
516781
517151
517770
518644
518787
520991
522309
522348
523269
523356
523386
523818
525645
525784
526524
526814
526953
527007
527293
528344
528557
529051
529849
530077
531313
532123
532787
534101
535292
535567
535705
536517
536565
538141
538285
539111
539353
539356
539630
539636
540011
540470
540792
540879
541230
541949
542312
542598
542832
544504
545090
545100
545347
545904
546070
546986
547556
547974
549052
549098
549116
549337
549347
549524
550197
550577
550737
551341
552114
552505
552716
552891
552986
553592
554879
555843
555926
556524
557303
558582
559151
559562
560110
560616
560716
560779
561156
561250
562106
562312
562805
562994
563178
564036
564555
565883
565915
567867
568658
568740
570178
570533
571090
571129
572332
574189
575008
575815
576681
577915
579976
580107
580808
581205
582808
585009
585262
585302
585884
585932
585960
588419
589264
589354
589778
589955
591176
591462
591573
592413
592522
592547
594213
594651
594795
594984
595351
596295
597335
597985
598089
598214
598961
600308
600913
600995
601701
602025
602627
603496
604280
604508
604577
604803
605614
605631
606045
606182
606362
607790
608235
608845
608900
610488
611508
612908
613738
613890
614573
614717
617317
617745
617900
618009
618897
619447
619470
620595
620739
620744
622527
622619
623221
624894
625397
627602
627947
628511
628657
629872
630012
630538
631062
631718
631851
633275
633290
633544
633695
633930
634103
634903
635488
635607
635622
637583
638273
638366
638935
640299
640352
640423
640717
640925
641314
641337
641438
641946
643969
644193
644511
645496
647064
647183
647407
648576
649559
650271
653456
653691
654821
656108
656855
657347
657568
657705
657886
659621
660464
661007
661297
661408
661637
663817
664070
664213
664514
664961
665060
665106
666331
666539
666566
666634
666926
666936
667166
667338
667496
668007
668591
668960
668982
670066
670221
670255
670788
671512
671673
673423
674004
674203
674236
674286
677432
678536
678810
679210
679864
680067
680333
681491
681718
682348
684180
684661
685389
685967
686051
686299
687661
687855
688028
688702
689191
691090
691371
692038
692373
692678
693480
694549
695543
695551
696331
696608
696948
697700
698568
699101
699500
700189
700690
701397
702238
702336
702457
703159
705215
706052
706419
707605
708857
709067
709505
709762
710996
711439
711976
712497
712902
713221
713302
713799
714587
715794
717401
718229
718233
718365
718689
718921
719259
719326
719601
720069
721320
721867
722293
723531
723588
724035
724207
724690
725617
725630
725671
725846
726668
726794
726800
726918
728011
728050
729446
729654
730541
731048
731061
732306
734001
734815
735060
735125
736289
736438
736749
737863
738083
738297
739143
739364
739437
739578
739789
739842
740165
740855
741015
741183
741732
742391
743166
744082
744281
744503
745389
745810
748894
749585
749849
750006
751851
752370
752459
752533
753744
753766
754361
755387
756013
757464
757529
757556
757749
759615
760299
760300
760930
761335
763101
764440
764521
765643
766526
766968
767336
768073
768305
768477
768867
769654
769673
769855
770338
770916
771435
771986
772046
772196
772756
773842
774221
775195
775296
775883
776513
776836
777219
777613
777790
778190
779581
779981
780550
780658
781040
781529
782283
782454
783177
783451
783564
783601
783636
783701
784655
785448
785638
786082
786954
787256
787285
787484
788287
788376
788546
789131
790385
793485
793845
794848
796288
796421
796960
797274
798299
798647
798969
799538
800599
801661
801749
801752
802095
802175
802356
803426
803601
804029
805598
805682
805832
807026
807869
808287
808324
808403
808437
808481
809756
809891
810555
811155
811340
811520
812811
813756
813850
814155
814480
815439
817208
818601
819115
819130
819477
819811
819871
820831
821342
821621
822702
822969
823800
824671
825161
825165
826398
826410
826469
827154
827190
827253
827319
829793
829945
830170
830358
832200
832477
834160
834412
834687
834885
834963
835491
836926
837425
840521
841261
841626
841687
841703
841783
842271
842699
843167
843782
843905
843978
844463
845845
846011
846321
846717
847110
847461
847827
848330
848514
848747
849343
849429
850555
851617
853278
853565
853615
854341
856450
857003
857139
857750
859541
859844
859864
859915
860298
860385
860963
861013
862603
863045
863687
864703
864921
865221
865307
866222
867749
869566
870016
870094
870192
870608
870822
870966
871191
871563
871574
873556
874263
875450
875467
875702
875789
876489
877665
882236
883558
883669
884076
885225
885239
886544
887381
887619
887720
887838
889489
890393
890677
890749
892024
892597
892868
893326
893616
894235
894445
895784
896122
897449
897560
900240
901086
902562
902756
902989
904112
904616
905659
905681
907015
907619
909263
912344
913215
913428
913629
914269
914836
917010
917707
919160
921269
921908
922687
923110
923117
923756
925369
927223
928224
928423
929401
930236
930379
930541
931187
931236
931428
931759
931840
932245
932377
932983
933746
933832
934238
935269
935276
935895
937341
937616
938550
939689
940170
940921
941147
941312
943304
943697
944717
944722
944953
945933
946474
947586
947837
948306
949030
949094
949593
949789
951245
951629
953425
953722
954112
954379
954852
955545
955755
955902
956052
956784
957750
958566
958567
958604
959642
959682
960214
960445
961003
961636
961693
963199
963217
963623
964361
964606
965249
965320
965579
966173
966274
966383
966910
967304
967752
967977
969265
970632
970766
971011
971169
971192
971309
972131
972431
974079
974173
974626
975549
977080
977340
977720
977743
978408
978814
979293
980693
980746
980855
981188
981247
981839
983735
984084
984286
984320
986519
986653
987616
988026
989808
990312
990594
990950
992784
993355
993364
993627
993749
994958
995099
996670
996933
998593
999236
999776
1000784
1001046
1002197
1002198
1002404
1003309
1003482
1003495
1004224
1004281
1005719
1005944
1006042
1006160
1006368
1007499
1007800
1007830
1008383
1008827
1009459
1009461
1009705
1010059
1010238
1011544
1011650
1012368
1012466
1014161
1014268
1014723
1016373
1016634
1017054
1017453
1017817
1018092
1018333
1019514
1020028
1020280
1020296
1021306
1021795
1022756
1022778
1023231
1024032
1024894
1025047
1025064
1026104
1026570
1027640
1027790
1027886
1028033
1028338
1028780
1029203
1029294
1029510
1029535
1031357
1031559
1032290
1033025
1033123
1033213
1033442
1034353
1034432
1034476
1034603
1035045
1035705
1036101
1037329
1037473
1037587
1038666
1038972
1038976
1039717
1040682
1040722
1043051
1043319
1043743
1044070
1044185
1044503
1045946
1047842
1047961
1048520
1048757
1049465
1049510
1049572
1049772
1050406
1050411
1051642
1051820
1052468
1052599
1053464
1053689
1054388
1054503
1055232
1056077
1056168
1056929
1057367
1057473
1057873
1058970
1059032
1059291
1060160
1061827
1062107
1062675
1064050
1064464
1065034
1066994
1067203
1067908
1068282
1068383
1068778
1069015
1069772
1070027
1070680
1072903
1073274
1073337
1074030
1075792
1076382
1076967
1077129
1078811
1079509
1079841
1080451
1080586
1080865
1082156
1082607
1083023
1083598
1083690
1084828
1084898
1085075
1085226
1085501
1086349
1086423
1086517
1086695
1087872
1090079
1090731
1091770
1092416
1093030
1093552
1093614
1094640
1095471
1096885
1097226
1098188
1098626
1098854
1099245
1099284
1100551
1101772
1102100
1102846
1103646
1105373
1105403
1105932
1106213
1107898
1108205
1109434
1111503
1111894
1112774
1113073
1113753
1113757
1114175
1114344
1117494
1118624
1118960
1119651
1119904
1119935
1121237
1121769
1121850
1122661
1122680
1122896
1124443
1124751
1125604
1125812
1126672
1126716
1128611
1129193
1129391
1129546
1130432
1130501
1130918
1131117
1131531
1131649
1132748
1132815
1132963
1132981
1133399
1133619
1133786
1134263
1136177
1136345
1136361
1139744
1139912
1140793
1142259
1142752
1142913
1143960
1144207
1144551
1144600
1144687
1145649
1146269
1146831
1147397
1147435
1148000
1149338
1149731
1151870
1151908
1151973
1152338
1152474
1153030
1154080
1154317
1154417
1155003
1155044
1155220
1155335
1156147
1156672
1156742
1157315
1157400
1158080
1158542
1158701
1158902
1159338
1160032
1160215
1161440
1161917
1163108
1163348
1163747
1164615
1165269
1165776
1165982
1166391
1167189
1167851
1167852
1168584
1169097
1170543
1170994
1171896
1172048
1172131
1172509
1172561
1172862
1172943
1173018
1175113
1175640
1175695
1175777
1175851
1177038
1177053
1178814
1179176
1180125
1180719
1180815
1180840
1181024
1181935
1183188
1183319
1183387
1183417
1184645
1184679
1185291
1185957
1186533
1186604
1187056
1187215
1187322
1188411
1191764
1191851
1192549
1193008
1194451
1195199
1196688
1196909
1197362
1197516
1197617
1198015
1199252
1199348
1200397
1200658
1200684
1200820
1200968
1201277
1201767
1202931
1203394
1203726
1203898
1204567
1205265
1206505
1207469
1208215
1209227
1209481
1210289
1211221
1212719
1213080
1213734
1214051
1214456
1215101
1215359
1215454
1216897
1216998
1217801
1217952
1218537
1219355
1219795
1219967
1220723
1220916
1221307
1221478
1222332
1222395
1222842
1224143
1225617
1225855
1226280
1226385
1227417
1228206
1228421
1229376
1230095
1230233
1230638
1231291
1231639
1231973
1232292
1232504
1233195
1233884
1235105
1235366
1236984
1237425
1237766
1238334
1239215
1241488
1241737
1242776
1242992
1243147
1243737
1244322
1245866
1248148
1249975
1251576
1252283
1252858
1254404
1255987
1256667
1259511
1260520
1261189
1262122
1262267
1262514
1263197
1263598
1263755
1263758
1265399
1265541
1265929
1266479
1266664
1266764
1268212
1269094
1269606
1269753
1270215
1271426
1273002
1273897
1274894
1277349
1277672
1277720
1278531
1278909
1279355
1279591
1280431
1280765
1282051
1282858
1283489
1284961
1285016
1285743
1286297
1286365
1287603
1289329
1289348
1290347
1291819
1293180
1293225
1294638
1295776
1296041
1300085
1301929
1302404
1303226
1303499
1303916
1304224
1304327
1304532
1306052
1309491
1310561
1310954
1312373
1312803
1313291
1313721
1313914
1313952
1314053
1314126
1314729
1315113
1316759
1317369
1318188
1318240
1318470
1319000
1320092
1320267
1320443
1321026
1321323
1321779
1322378
1324071
1325530
1325682
1326296
1327313
1327906
1328788
1329751
1330757
1330898
1331373
1331760
1331796
1331979
1332345
1333061
1333280
1333966
1334269
1334845
1335156
1335258
1335858
1336460
1336759
1337776
1338217
1339330
1340374
1340652
1341288
1342684
1343048
1346958
1347300
1347352
1349108
1349449
1349921
1350197
1350291
1350371
1350591
1351629
1351897
1353734
1356058
1356433
1356594
1357863
1358630
1359451
1359616
1360029
1360783
1361186
1362294
1362590
1362657
1363102
1363901
1363993
1364457
1364565
1364866
1365692
1366970
1367801
1368314
1368987
1369735
1369855
1370110
1370275
1370596
1371545
1372057
1372498
1373515
1374254
1374860
1375225
1375932
1375984
1375988
1378116
1379063
1380260
1380293
1380362
1380404
1380644
1381549
1382319
1382725
1383424
1384539
1384809
1385011
1385571
1385850
1386420
1387109
1387656
1387679
1387949
1389261
1389402
1389981
1390251
1392763
1392818
1395716
1395891
1396470
1396963
1397104
1397193
1397312
1398187
1398744
1399663
1400153
1401523
1403725
1403844
1403979
1404723
1405607
1405913
1406054
1406869
1407273
1408867
1408982
1409022
1409029
1409037
1411184
1412489
1413345
1415055
1415074
1415588
1415638
1415996
1416027
1416567
1417739
1418303
1419020
1420083
1420226
1420661
1420890
1420913
1421362
1422044
1423398
1423607
1423977
1424389
1424968
1426463
1427246
1427552
1427695
1428081
1428753
1430650
1430750
1432259
1432592
1433103
1433988
1434175
1436395
1437005
1437273
1437794
1439360
1439715
1441832
1442626
1443379
1443532
1443730
1444031
1444059
1445879
1446392
1446420
1446497
1447207
1448135
1448322
1448331
1450660
1451038
1451905
1452135
1452996
1453049
1453306
1453476
1454381
1454449
1454565
1454855
1454889
1455145
1455460
1458079
1459529
1459679
1460057
1460322
1461219
1461367
1461828
1462462
1462858
1463113
1463391
1463414
1465755
1466409
1468241
1469045
1469086
1469584
1469703
1469921
1469988
1471453
1471886
1472058
1472291
1474425
1475042
1476028
1477184
1478082
1478947
1480185
1480281
1480966
1481273
1482155
1482335
1482798
1482842
1483647
1484612
1485222
1485356
1486126
1486234
1488121
1488321
1490075
1490188
1490618
1490722
1491063
1491622
1492735
1493257
1494092
1494188
1494550
1495285
1495660
1496831
1496838
1497017
1497790
1497845
1499019
1499247
1500486
1500563
1500642
1501270
1501641
1501877
1502295
1502387
1503879
1504664
1506738
1506806
1506884
1506963
1507068
1507760
1507924
1509245
1510301
1510417
1510431
1512333
1512451
1512575
1513840
1514622
1514643
1515661
1516246
1517404
1517509
1517568
1518001
1518312
1519823
1520247
1520821
1520941
1521199
1522420
1523960
1524246
1524673
1525923
1526073
1526389
1526398
1527861
1527980
1528293
1528979
1528980
1528994
1532023
1532671
1532833
1532985
1534600
1535441
1535476
1536244
1536312
1536595
1536969
1537207
1537270
1538263
1539477
1540129
1542637
1542851
1543212
1543286
1543294
1543633
1543989
1543992
1544399
1544476
1545228
1545363
1545844
1546681
1548125
1552986
1553224
1553949
1554125
1555180
1555729
1555895
1556471
1558525
1558729
1559187
1559640
1559949
1560850
1561131
1561552
1562371
1562726
1563095
1563370
1564141
1564361
1564875
1565034
1565135
1567713
1567726
1567978
1568094
1568206
1568515
1568633
1569232
1570515
1571164
1571830
1572800
1574139
1574719
1574758
1576792
1577924
1578538
1579406
1580259
1580679
1581881
1582578
1583684
1583806
1583852
1584373
1585125
1585550
1585575
1585846
1586868
1587414
1587845
1587943
1589642
1589869
1589889
1590275
1590345
1590390
1590596
1591124
1591941
1593109
1594013
1594904
1595031
1595168
1595568
1595926
1596744
1597518
1597546
1598362
1598406
1598653
1598865
1599261
1599374
1600011
1600949
1602897
1604377
1604754
1604848
1605501
1606762
1608351
1608387
1608775
1609634
1610863
1611377
1612044
1612919
1612938
1613222
1613591
1614649
1615449
1616068
1616152
1616713
1617587
1618932
1619192
1620158
1620604
1620874
1621547
1622532
1623492
1624284
1624976
1625534
1625987
1626775
1626825
1627341
1628360
1628503
1629416
1629956
1630013
1630922
1632147
1634438
1634622
1634946
1634986
1635156
1635158
1635489
1636256
1636336
1636466
1636783
1636795
1637005
1637026
1637096
1638199
1638937
1639410
1639647
1639682
1639823
1639909
1640645
1642980
1645403
1646812
1647480
1647785
1647971
1648178
1648826
1649072
1649441
1649758
1649787
1651168
1651691
1651738
1652260
1655639
1655733
1655815
1656929
1656961
1657815
1660126
1660138
1660255
1662323
1663384
1663761
1664167
1664502
1664634
1664650
1665614
1666424
1667174
1667311
1667581
1667653
1667762
1668308
1670014
1670577
1672256
1672527
1672649
1674899
1674964
1675760
1676566
1677297
1678535
1678867
1679345
1679581
1679895
1680650
1681294
1682063
1682067
1682724
1684005
1684510
1685516
1686961
1687134
1688580
1689525
1690116
1690338
1692031
1692152
1693075
1693441
1694061
1694355
1695309
1696262
1696854
1697253
1697528
1697536
1698115
1698786
1699254
1699759
1702441
1702977
1703423
1703989
1705137
1706254
1706444
1706892
1708141
1708155
1708404
1708630
1709526
1710017
1710100
1710758
1713127
1713883
1713966
1715479
1715808
1716141
1716355
1717932
1718461
1718852
1719233
1719937
1720887
1721648
1722184
1722385
1722543
1722915
1723012
1723445
1724882
1725526
1726356
1727243
1727872
1728660
1728883
1729012
1729682
1730971
1730986
1731606
1731883
1732235
1732683
1733019
1734073
1734471
1734814
1735025
1735205
1735696
1735974
1737683
1742852
1743899
1744055
1744669
1744735
1744895
1745054
1745351
1745445
1745895
1746495
1746728
1746801
1747013
1750652
1751121
1751833
1752469
1754284
1754767
1755157
1755237
1756123
1756991
1757363
1757429
1758202
1759272
1759497
1759535
1760254
1760609
1760731
1760735
1760936
1761933
1763061
1763552
1764479
1765265
1765756
1765939
1765947
1766844
1767434
1768253
1769233
1770105
1771166
1773004
1773046
1773290
1773568
1773657
1775787
1776251
1777217
1777428
1777506
1778816
1781510
1782049
1782078
1782148
1782820
1784621
1785335
1785916
1785937
1786213
1786723
1787098
1787433
1788078
1788945
1789278
1789656
1789959
1790708
1790741
1791121
1791461
1791612
1791648
1792111
1792616
1792658
1793667
1794035
1795462
1795985
1796103
1797038
1797701
1798767
1799161
1800573
1802368
1803079
1803230
1803619
1803936
1806547
1806637
1807059
1807433
1809735
1809931
1809975
1810729
1811766
1811768
1812139
1812395
1812672
1813352
1813397
1813571
1814442
1814556
1815704
1817256
1817418
1817756
1818020
1818238
1818655
1819009
1819560
1820128
1820982
1821041
1821207
1821913
1824393
1824500
1825102
1825418
1826248
1826784
1827059
1827817
1828691
1828738
1829543
1830429
1830781
1831210
1831428
1831437
1831692
1834739
1835038
1835596
1835950
1836935
1837474
1837562
1838463
1839410
1839652
1839813
1841037
1842061
1842115
1842116
1842950
1844143
1844342
1844401
1844516
1844732
1845826
1846014
1846798
1846991
1847263
1847696
1847846
1848331
1848342
1848645
1848658
1848928
1849394
1849570
1850073
1850209
1850297
1851096
1852701
1853234
1853277
1853888
1855113
1855150
1855702
1857133
1859379
1859454
1859516
1859628
1859661
1859882
1861190
1861200
1861330
1861644
1862561
1863821
1865410
1865723
1866527
1866679
1868357
1868496
1868742
1869384
1871012
1871774
1872893
1873209
1874867
1876393
1877168
1877184
1877230
1877547
1878104
1879486
1879533
1879539
1879619
1879757
1879879
1880082
1880478
1881030
1882244
1882932
1883992
1884434
1884579
1885830
1886100
1886404
1886658
1887543
1888175
1888894
1888973
1889779
1890180
1890544
1890595
1891377
1891755
1895803
1896076
1898154
1898987
1899862
1900304
1901011
1901159
1901385
1901791
1902171
1902226
1902641
1903185
1903618
1904311
1904356
1904401
1904553
1905718
1907548
1908308
1908434
1908713
1909027
1909704
1910764
1910855
1911945
1912372
1913311
1913422
1914330
1914812
1914901
1915144
1916289
1916432
1917361
1918118
1918469
1918839
1919181
1919262
1920009
1923310
1923711
1924161
1924342
1924607
1925004
1925071
1925374
1925560
1925622
1925653
1925924
1926203
1926299
1926705
1926964
1926994
1929195
1929656
1929774
1930215
1931122
1931219
1931419
1931624
1932381
1933302
1934290
1934604
1934884
1936307
1936829
1939847
1940160
1940684
1941245
1941396
1941534
1942287
1942400
1942747
1943041
1943158
1943383
1943802
1944385
1944960
1945073
1945103
1945928
1947818
1948082
1949626
1949805
1950858
1952206
1952312
1952825
1953250
1953268
1953449
1953515
1954480
1955034
1955329
1955742
1955973
1957413
1959288
1959618
1959707
1959783
1960154
1961042
1963352
1963624
1963700
1964386
1964727
1964882
1965636
1965877
1968650
1969510
1970729
1971054
1971352
1971683
1972883
1976477
1976530
1976668
1977417
1977610
1979487
1980199
1981656
1981939
1982268
1982991
1983992
1984370
1984826
1986596
1987069
1987249
1988322
1988702
1989054
1990260
1992449
1993022
1994092
1994322
1994589
1994601
1994626
1994895
1995861
1996050
1996686
1997154
1997995
1998878
1999976
2000831
2001488
2001874
2001876
2002386
2002916
2003472
2003870
2005673
2005705
2005884
2006371
2006577
2007810
2008494
2009054
2009609
2009625
2010308
2011428
2011657
2014207
2015064
2015084
2016890
2017085
2017901
2018994
2019233
2019257
2020125
2020390
2020592
2020921
2020992
2021151
2023045
2023652
2025354
2025919
2026711
2027273
2027445
2027703
2029684
2030092
2030290
2030722
2031090
2032237
2032606
2033393
2033725
2033904
2034592
2034896
2034991
2036112
2037007
2038011
2038054
2038432
2038964
2039251
2039573
2039929
2040030
2041122
2042223
2042355
2042658
2045217
2045369
2045633
2046118
2046141
2046686
2046961
2047594
2047955
2047991
2048345
2048430
2049928
2050109
2050148
2050888
2051021
2051998
2052081
2052103
2052315
2052774
2054074
2054161
2055076
2055177
2055956
2055976
2055997
2057722
2057743
2057986
2058974
2059558
2059833
2059948
2060175
2061310
2061796
2062185
2062275
2062502
2063188
2063818
2064179
2064360
2065865
2066236
2067338
2067487
2067643
2067974
2068656
2069494
2069557
2070031
2070414
2070664
2070882
2071512
2071549
2072759
2072822
2072959
2073228
2073581
2074259
2074856
2075120
2075192
2076953
2077310
2079131
2079345
2080216
2080595
2080626
2080722
2080749
2080825
2080961
2081067
2081367
2081660
2081724
2081900
2081944
2083975
2084112
2084869
2085801
2085898
2086046
2086428
2087074
2087171
2087244
2087565
2087576
2087839
2089492
2089960
2090498
2090793
2090843
2092061
2092540
2093707
2093783
2093835
2094454
2094867
2096008
2096178
2097037
2097051
2099754
2099772
2100666
2101069
2101310
2101834
2103105
2103897
2104510
2104842
2106344
2106846
2106916
2107499
2109374
2109562
2109765
2110886
2111560
2111631
2112830
2113117
2114346
2114420
2114549
2115146
2115527
2116012
2116595
2117092
2117340
2117422
2117945
2118444
2118863
2119318
2119665
2120061
2120565
2120889
2121125
2121684
2122054
2122057
2122323
2123861
2126385
2126809
2126928
2127308
2127545
2129025
2129439
2129549
2129800
2129893
2130860
2132006
2132207
2132501
2132597
2132732
2132959
2133548
2134403
2134907
2134911
2135475
2137017
2137779
2137791
2137946
2138071
2138403
2138710
2138749
2139786
2139834
2140697
2140847
2141734
2141900
2141974
2143177
2144974
2145190
2145245
2145611
2146847
2147653
2147866
2147924
2149149
2149368
2149408
2149444
2152443
2153258
2153268
2153320
2153725
2154273
2156132
2156755
2157225
2158065
2159648
2159903
2161517
2162020
2162362
2164449
2164522
2164611
2164692
2165676
2165928
2166976
2167169
2167358
2167431
2167499
2168458
2168531
2168713
2169348
2169491
2169542
2169556
2170554
2172420
2172587
2173006
2173428
2173843
2173961
2174678
2175387
2175998
2177177
2180197
2180285
2180695
2180710
2183003
2183132
2184132
2184558
2187691
2188690
2188694
2189890
2189972
2190000
2190293
2190980
2191082
2191168
2191373
2192087
2192554
2193545
2194085
2194474
2194545
2194669
2194828
2194871
2196502
2196756
2197316
2197500
2198616
2199440
2199646
2199699
2200475
2200492
2200566
2201598
2201758
2202478
2202811
2203042
2203211
2203405
2204021
2204077
2204495
2204965
2205098
2205194
2205481
2205658
2205747
2206550
2206615
2206628
2206727
2207122
2207431
2207498
2207843
2207860
2207869
2209621
2210398
2210435
2210906
2211277
2211669
2211730
2212520
2212805
2212865
2213253
2213372
2213940
2214352
2214722
2215196
2215320
2215384
2215764
2215793
2216470
2216478
2217091
2217112
2217911
2218901
2219787
2219906
2220193
2220222
2220494
2220945
2221188
2221703
2222147
2222494
2222507
2223180
2223788
2224133
2224147
2224248
2224548
2224639
2224655
2224812
2225470
2225701
2226300
2226960
2227096
2227730
2228542
2229460
2229491
2229589
2229642
2229728
2230920
2231092
2231272
2231807
2232071
2233677
2234171
2234273
2234646
2236037
2237215
2237740
2238754
2239795
2240074
2241355
2243089
2243264
2243399
2243412
2243437
2244706
2245070
2245072
2245360
2245741
2246933
2247383
2247885
2248001
2248096
2248605
2250096
2250199
2250207
2250421
2251396
2251627
2253514
2254306
2254317
2254901
2254947
2255336
2256815
2257362
2257494
2257948
2259207
2260035
2260675
2261347
2261944
2262053
2263036
2263363
2263411
2264221
2264377
2264850
2265694
2266283
2267810
2268105
2268374
2268719
2269528
2269901
2270302
2270318
2272008
2273445
2273528
2274361
2274423
2274498
2274915
2275674
2276747
2278060
2278156
2279405
2279835
2280035
2280610
2281646
2281893
2281941
2282380
2283175
2283470
2283757
2284102
2286253
2286826
2287383
2287707
2288776
2289588
2289797
2291465
2291712
2291986
2292999
2293990
2294393
2295917
2296150
2296916
2297495
2298555
2298657
2298681
2299383
2301040
2301126
2301787
2302171
2302619
2303849
2303944
2304769
2304807
2305275
2305284
2306496
2307156
2307457
2307534
2307855
2308619
2308960
2309022
2309553
2310644
2315376
2315390
2316320
2316937
2317505
2317892
2318319
2318600
2318634
2318843
2321268
2322551
2324305
2325748
2325920
2325992
2326562
2326828
2327354
2328397
2329966
2330595
2331380
2331481
2331699
2331820
2332338
2335127
2335473
2335536
2335713
2335765
2335818
2336314
2338352
2338372
2338431
2338727
2338937
2340978
2342292
2342370
2342390
2342742
2343522
2343788
2343960
2344365
2345199
2345648
2347736
2347948
2348485
2348625
2350634
2351888
2354678
2354862
2354927
2355445
2355847
2356402
2356415
2356609
2356860
2357134
2357988
2358948
2359334
2359567
2359611
2359742
2360042
2360386
2361217
2361253
2361369
2361659
2362042
2363476
2363734
2364198
2364875
2365590
2366065
2367228
2367240
2368228
2368396
2369144
2369162
2369353
2369513
2369568
2369762
2370563
2370774
2370812
2371477
2372490
2372631
2373350
2373510
2373581
2376121
2376460
2377476
2378571
2378812
2379322
2380396
2382881
2382910
2383574
2384897
2385808
2386017
2386416
2386461
2386540
2388238
2388432
2389198
2389398
2389655
2390504
2392906
2394239
2394946
2395078
2395639
2396565
2396613
2398647
2400278
2401281
2401334
2401863
2401895
2402459
2402507
2402674
2403032
2403620
2405090
2405317
2405634
2406257
2406296
2406513
2406884
2407003
2407186
2407332
2407590
2407773
2408625
2408918
2409087
2409175
2410991
2411536
2412618
2414174
2414315
2415361
2415455
2416350
2416742
2416836
2416868
2416982
2417326
2419763
2419944
2421021
2421680
2422124
2423587
2424267
2424972
2425082
2425245
2425248
2425602
2425839
2427068
2427084
2427727
2428670
2428726
2429100
2429110
2429245
2430033
2430103
2430378
2430540
2430579
2431630
2431637
2431710
2431777
2431989
2432171
2432957
2433351
2433578
2433626
2434181
2436053
2437030
2437082
2437352
2437455
2437774
2437875
2439418
2440881
2441136
2441364
2441914
2442733
2442898
2443658
2443993
2444189
2444546
2445036
2445453
2447161
2447655
2449551
2449564
2450968
2452197
2452542
2452614
2452688
2452882
2453350
2453827
2454008
2454296
2454319
2454563
2454834
2455034
2455272
2456165
2456689
2457022
2457030
2457439
2457743
2459114
2460050
2460399
2460557
2460764
2461548
2461672
2462697
2466386
2467309
2467323
2469027
2469153
2469467
2469566
2469581
2472290
2472570
2472796
2472841
2473485
2474052
2474281
2476395
2476925
2479456
2481978
2481998
2482112
2482181
2482623
2483511
2485310
2485518
2485706
2486261
2486946
2487091
2487338
2487631
2487887
2487910
2487941
2490143
2490410
2490698
2490807
2491279
2491748
2492554
2492579
2493244
2493676
2493913
2494475
2495245
2495329
2495337
2495361
2496595
2497238
2497450
2499982
2500333
2501705
2502434
2502898
2503643
2503692
2504834
2505373
2505658
2506435
2506566
2507055
2507828
2508910
2509283
2510377
2510931
2511266
2512975
2513000
2513107
2514066
2514165
2514222
2514551
2514792
2515579
2515792
2516072
2516565
2516939
2517007
2517423
2517481
2517541
2518359
2518609
2519063
2519074
2519222
2519493
2519683
2519803
2520087
2520408
2522194
2522386
2523136
2523721
2523939
2524436
2525062
2525234
2528257
2528325
2529455
2529543
2530155
2530414
2530892
2531094
2531120
2531504
2532818
2532843
2534214
2534448
2535001
2535291
2535402
2535629
2535655
2535882
2537553
2539168
2539428
2539448
2540481
2540522
2540944
2541616
2542368
2542692
2543319
2543478
2543692
2545510
2546252
2549083
2551061
2551376
2551432
2551608
2552722
2552725
2553223
2553720
2553963
2555133
2557107
2557121
2557126
2557196
2558011
2558824
2560031
2560262
2560517
2561327
2561511
2562542
2563222
2563996
2564147
2564173
2564198
2565383
2565942
2566059
2566411
2566611
2569270
2569873
2570028
2570110
2570522
2570793
2571372
2572122
2572141
2572573
2572887
2573574
2574191
2574562
2574754
2574918
2575727
2577012
2577891
2578565
2578958
2579502
2579834
2580685
2581135
2581640
2582481
2582566
2583730
2583799
2583818
2584827
2584890
2587211
2587813
2587990
2588402
2588406
2588414
2588474
2588589
2591079
2591145
2591298
2591551
2591819
2591891
2592813
2593499
2594439
2594827
2595119
2595208
2596469
2596558
2597477
2597513
2597759
2598718
2600340
2600449
2601168
2601694
2602338
2602487
2603071
2604016
2604144
2604272
2604593
2606293
2606468
2606621
2607011
2607799
2608214
2608393
2608689
2609429
2609488
2610882
2611412
2611660
2612183
2612362
2612680
2612833
2613017
2613336
2614046
2614221
2615036
2615463
2615593
2615809
2617421
2617551
2618582
2618850
2620894
2621447
2622269
2622369
2623541
2624020
2626046
2626192
2627191
2627207
2627480
2627775
2629165
2630153
2631549
2632122
2633685
2634355
2634453
2635328
2635409
2637071
2637198
2637344
2637358
2638181
2638926
2639438
2640339
2640491
2640674
2641109
2643008
2643227
2644183
2644603
2645272
2645544
2647505
2648568
2648759
2649959
2650131
2650246
2650840
2651203
2651695
2652611
2652986
2653705
2654664
2655023
2655320
2656452
2658233
2658929
2659929
2660461
2662642
2662648
2662911
2664478
2664519
2666157
2666670
2666900
2667037
2667725
2668145
2668629
2668826
2669987
2670044
2671014
2672035
2672094
2673431
2674076
2674432
2674594
2675345
2675469
2675518
2676303
2676329
2676680
2676971
2677129
2677720
2678166
2678406
2678460
2678650
2680160
2681076
2681698
2681722
2684139
2684187
2684426
2685617
2686278
2686381
2686393
2686475
2686877
2687508
2688990
2690344
2690946
2691088
2691774
2691867
2692004
2693481
2693776
2694252
2694693
2694914
2695016
2695024
2695096
2695139
2695561
2695806
2695845
2696147
2696450
2697169
2697219
2698327
2700301
2700862
2700969
2701488
2701991
2702522
2702901
2703395
2703761
2703803
2705697
2705727
2705946
2706592
2706952
2709276
2710678
2712146
2712422
2712798
2713146
2713201
2713286
2713297
2714242
2714891
2715031
2715319
2716344
2716575
2717467
2717601
2717630
2718673
2719266
2719389
2719742
2720028
2720191
2720382
2720423
2721640
2722443
2722816
2722911
2723181
2723643
2724702
2724907
2724996
2725006
2725439
2726344
2727118
2727172
2727747
2729036
2730014
2730054
2730533
2730648
2731503
2732252
2732480
2733199
2733835
2733906
2734392
2734928
2735436
2735734
2735861
2736729
2736924
2737250
2738522
2739219
2739516
2739831
2740783
2741121
2741197
2741739
2742565
2743362
2743391
2744194
2744511
2744535
2745494
2746058
2746261
2746335
2746851
2747144
2748926
2749292
2750029
2751742
2752961
2753020
2753840
2754023
2754867
2755414
2755574
2756266
2756413
2758960
2759124
2760322
2760598
2760648
2760818
2761791
2761932
2763755
2763886
2764305
2764481
2765459
2766956
2767429
2767590
2767922
2769128
2770607
2771793
2772687
2772745
2773428
2775208
2776216
2776383
2777046
2777954
2778697
2778764
2779742
2780324
2780904
2782665
2782856
2783422
2783687
2783884
2784561
2786063
2786316
2787774
2788190
2788502
2789854
2790021
2790263
2790530
2791829
2793009
2793084
2794161
2795988
2796908
2798510
2798873
2799163
2800177
2801330
2802338
2803274
2803590
2803906
2804409
2805342
2806107
2806640
2807457
2807975
2807980
2809360
2809784
2810299
2810958
2811242
2811471
2812107
2812295
2812580
2814448
2814978
2815198
2815321
2815469
2815733
2815935
2816030
2816195
2816504
2817097
2817979
2818237
2818292
2818413
2818931
2818940
2819285
2819449
2819733
2820492
2820707
2820994
2821672
2821735
2822289
2822497
2823105
2824030
2824258
2824553
2825438
2825996
2826065
2826562
2827329
2827428
2828112
2828403
2829394
2829991
2830212
2831441
2831701
2832401
2832415
2833193
2833758
2836070
2837213
2838035
2838055
2838506
2838856
2839347
2839801
2840020
2840457
2841019
2841224
2842541
2843213
2844178
2845721
2845973
2846062
2847922
2848081
2848812
2850028
2850366
2851385
2851803
2852142
2855257
2855362
2856655
2856850
2858717
2859080
2860711
2862522
2864683
2865509
2865596
2865785
2867345
2867647
2868191
2868345
2869175
2870109
2871817
2872079
2872112
2872906
2873252
2874225
2874542
2874743
2876138
2876383
2878642
2879670
2879722
2880106
2880641
2880758
2880943
2881820
2882014
2882519
2883387
2883443
2884445
2884481
2884797
2885308
2885470
2886109
2886901
2887883
2888964
2889156
2889327
2889482
2890771
2891956
2892126
2892453
2892677
2892711
2892786
2893255
2894433
2894493
2894687
2895989
2896169
2896412
2896805
2896814
2896857
2896966
2897837
2898534
2898765
2899616
2900236
2900294
2900712
2900761
2900857
2902002
2902193
2902353
2902388
2903332
2903942
2903974
2904137
2905492
2905970
2906484
2907088
2908254
2909590
2912979
2913302
2913885
2914665
2914822
2915427
2915701
2916012
2916616
2916636
2916762
2917746
2917804
2918640
2918815
2918950
2919289
2919626
2919909
2920199
2921540
2921747
2922481
2922561
2923077
2923222
2923319
2924007
2925014
2927012
2927811
2928559
2928842
2928950
2928961
2929300
2929671
2929682
2929695
2930203
2930435
2931549
2931699
2932351
2933103
2933201
2933464
2933599
2934191
2939076
2939107
2939349
2940934
2941757
2944718
2945171
2945688
2945872
2946459
2947221
2948678
2949061
2949263
2949367
2949417
2950201
2950234
2950457
2951281
2951477
2952067
2952851
2952981
2953446
2953706
2954259
2954260
2954361
2954600
2957237
2957893
2958360
2958814
2959502
2960895
2962747
2963028
2963866
2964114
2964147
2966580
2966617
2968234
2969193
2969811
2969906
2970738
2971178
2971606
2971957
2972400
2973760
2973924
2973994
2974598
2975432
2976749
2978194
2978378
2978853
2979219
2984856
2984872
2985273
2985413
2985893
2987115
2987515
2988670
2988990
2989080
2990269
2990530
2992026
2994462
2996242
2997926
2998193
2998454
2998776
2999575
2999709
2999770
3001331
3001731
3002227
3003633
3004169
3005483
3006633
3006687
3007589
3007897
3008085
3008405
3009809
3009935
3011310
3011845
3011912
3011985
3012130
3012398
3012741
3013175
3014029
3014038
3015381
3016376
3018063
3018142
3020336
3020407
3021404
3021405
3022054
3023083
3024184
3024842
3025597
3026069
3027115
3027572
3027589
3027971
3028345
3028671
3028870
3029072
3029197
3029795
3030881
3031764
3031823
3031955
3031998
3032673
3032887
3034212
3034443
3034780
3035138
3036544
3036604
3037353
3037361
3039727
3039904
3040091
3040543
3041271
3041522
3041570
3041606
3042164
3043332
3043622
3044248
3046836
3048184
3049225
3049451
3049928
3050765
3051158
3051507
3052595
3052668
3052726
3053570
3053703
3053826
3053844
3054536
3054944
3055190
3055260
3055711
3055995
3056058
3056155
3056192
3056969
3057939
3058636
3058881
3058883
3060717
3060795
3062361
3062466
3062557
3063978
3064963
3065839
3067018
3067103
3067267
3068303
3069139
3069376
3069413
3069445
3069564
3070045
3070777
3070893
3071606
3073087
3074761
3075150
3075781
3076561
3076747
3077839
3077930
3078637
3079061
3079797
3080272
3080351
3082365
3082549
3082730
3083733
3084399
3084913
3085013
3085188
3085583
3085584
3086058
3086992
3087339
3087561
3087587
3087592
3088735
3088817
3088978
3088990
3089358
3089414
3089472
3089543
3089549
3089642
3090039
3090632
3090743
3091086
3092173
3092737
3093743
3094405
3094672
3094900
3096004
3096366
3096617
3096948
3097756
3097933
3098999
3099891
3100158
3101367
3102074
3102350
3102812
3103051
3104559
3104668
3104823
3105541
3105840
3106863
3108007
3108692
3109167
3109281
3109754
3110055
3110284
3110456
3111970
3112911
3114276
3114911
3115173
3116404
3116615
3116747
3116847
3116955
3117050
3117160
3118838
3119380
3120341
3121061
3123765
3124502
3124926
3125786
3126114
3126428
3126745
3127510
3127662
3128543
3129097
3129210
3129503
3130374
3130994
3132291
3132955
3133056
3133138
3133710
3136114
3136140
3136290
3136540
3136784
3138492
3139163
3139708
3139946
3140478
3140815
3141780
3143932
3144571
3146074
3146124
3146273
3146347
3147446
3147646
3148093
3148360
3148538
3149021
3149052
3150300
3150983
3151256
3151454
3151767
3152054
3153125
3157568
3159532
3161536
3161725
3161915
3162012
3162939
3163446
3163478
3164171
3164202
3164528
3165510
3165664
3165732
3167804
3168526
3168592
3169002
3169004
3170715
3171212
3173007
3173443
3174295
3174321
3174410
3174467
3174705
3175053
3176368
3177098
3177590
3177851
3178156
3178254
3178373
3178485
3178942
3179274
3179337
3180600
3182135
3182501
3183013
3183471
3183734
3184353
3184639
3184921
3185788
3185834
3187752
3188310
3188899
3189103
3190210
3190702
3191031
3191481
3192168
3192381
3193031
3193157
3193588
3193595
3195235
3195787
3196719
3198119
3198876
3199065
3199573
3199767
3200445
3200668
3200980
3201143
3202088
3203241
3203896
3204047
3204517
3205119
3205645
3206510
3207401
3207640
3208349
3209118
3211469
3211625
3212076
3213867
3214027
3214667
3215475
3216695
3216959
3217543
3219030
3219450
3219570
3223245
3223554
3223782
3224058
3225205
3225652
3226831
3227549
3228295
3229683
3230078
3230279
3230502
3230549
3230597
3231608
3232700
3233398
3235019
3235228
3235622
3235999
3237311
3237664
3238921
3240428
3240505
3241125
3241456
3243139
3243160
3243196
3243681
3245058
3246243
3247711
3247780
3248161
3249453
3249465
3249904
3251393
3252018
3252402
3252907
3253197
3253438
3253861
3253879
3254140
3254358
3254692
3255668
3256289
3256600
3256621
3256692
3256930
3259049
3259320
3260533
3260718
3261000
3261374
3261907
3262531
3262655
3263166
3263407
3263576
3264022
3265233
3265293
3266213
3266825
3267879
3269250
3269340
3269725
3269929
3270810
3270902
3271168
3271382
3271435
3271712
3272159
3272203
3272373
3272956
3273690
3273899
3274407
3274620
3275025
3276025
3276033
3279115
3280003
3280665
3282171
3282953
3283083
3283751
3285300
3285335
3285556
3285913
3286036
3286369
3286928
3288103
3288368
3288400
3289332
3289800
3290477
3291331
3292104
3293208
3294649
3295084
3295258
3295346
3296498
3296573
3297067
3297233
3298199
3300152
3300269
3300375
3300578
3301492
3302204
3302295
3302660
3302698
3302850
3303671
3303879
3304253
3305284
3305866
3306048
3306183
3306832
3306992
3308287
3309499
3310737
3310761
3311561
3312281
3312425
3312754
3313419
3314058
3314110
3314874
3315345
3316319
3316936
3317854
3318337
3321061
3321152
3321677
3322091
3322807
3323183
3323192
3324014
3325359
3325631
3325916
3325971
3328990
3329191
3329892
3330718
3331045
3331104
3331814
3332027
3332613
3332764
3332805
3333776
3334588
3334845
3335257
3335405
3335991
3336595
3336948
3337085
3337826
3338514
3338800
3339402
3339533
3339854
3339890
3340873
3342216
3343367
3344050
3344053
3345792
3346430
3346855
3349651
3349723
3349871
3349941
3352319
3353310
3353842
3354102
3354414
3355153
3355342
3355568
3355592
3356887
3356922
3356994
3358409
3359240
3359458
3359929
3360363
3362253
3362814
3363051
3363431
3363481
3366085
3366169
3366501
3367980
3368091
3368199
3369102
3369481
3372360
3372869
3373200
3374161
3374717
3374868
3375115
3375657
3376059
3377486
3378372
3378641
3380774
3381614
3382447
3382658
3384001
3384800
3384983
3386245
3386859
3387188
3387235
3387789
3388000
3388979
3389831
3390205
3390555
3390651
3390997
3393425
3394563
3395231
3395232
3395858
3397301
3397479
3398031
3398819
3400563
3402514
3402540
3402903
3403562
3404252
3404479
3404790
3405982
3406186
3408124
3408572
3409334
3409524
3409687
3410279
3410379
3411940
3412489
3412884
3413235
3413743
3413857
3413918
3415673
3415830
3417767
3417902
3418621
3418630
3418816
3419389
3421780
3422156
3422671
3423141
3423264
3423868
3424248
3424267
3425024
3425256
3426229
3426934
3427415
3427445
3428784
3428791
3430075
3431887
3432833
3433321
3434418
3434809
3435425
3435638
3437552
3438081
3439100
3439787
3440260
3440599
3441667
3441776
3442182
3443175
3446905
3447417
3447531
3447612
3448693
3448695
3449488
3449573
3450292
3450516
3450792
3451588
3452340
3457721
3457777
3458580
3458998
3461535
3462864
3463129
3463302
3463505
3463777
3463876
3464135
3464631
3464888
3464958
3465048
3466663
3467368
3467934
3468760
3468917
3469909
3470175
3470265
3470459
3471637
3472741
3473441
3474680
3475161
3475724
3477444
3479619
3480134
3480687
3480724
3481190
3483123
3483624
3483887
3484047
3484723
3485144
3485213
3485464
3486515
3486568
3486798
3487095
3487789
3488921
3489812
3490090
3490285
3490469
3490890
3490990
3491112
3491120
3491273
3491959
3491967
3492342
3493679
3493786
3495047
3495463
3495523
3497732
3497828
3499485
3499754
3499969
3500008
3500519
3500534
3501865
3502031
3502227
3503133
3503763
3504343
3506693
3507591
3509088
3509201
3509606
3510100
3510556
3510887
3511512
3511593
3512057
3512192
3513274
3514050
3514132
3514411
3514906
3515017
3515710
3515981
3516039
3518407
3518479
3518856
3519012
3520849
3521816
3522885
3522969
3524003
3524041
3524244
3525069
3525651
3525882
3527106
3527128
3527191
3527404
3528198
3528654
3529226
3529552
3529563
3530059
3532664
3533459
3534142
3534844
3536825
3536869
3537102
3538072
3538345
3538571
3538799
3538905
3539314
3539702
3540540
3540604
3541205
3541310
3541868
3541996
3542141
3542533
3542891
3542971
3543889
3546140
3546184
3547395
3547667
3548026
3549090
3549224
3549402
3549449
3549795
3550148
3550413
3550435
3551129
3552554
3553164
3554591
3555266
3555296
3556452
3556783
3558170
3558553
3558863
3559115
3562391
3562677
3563368
3563897
3564331
3564981
3565161
3565572
3566034
3567356
3567483
3567752
3567946
3568023
3568132
3568401
3569009
3569125
3569406
3570012
3570298
3570394
3571692
3572038
3572086
3572250
3572626
3573885
3574614
3576018
3578567
3578853
3579047
3582515
3582772
3583019
3583595
3584111
3584390
3585203
3585390
3585428
3585494
3585862
3586813
3588353
3588668
3588722
3589377
3589415
3590228
3591456
3591820
3592737
3593576
3595688
3595919
3597871
3597965
3598268
3598451
3600305
3601140
3602814
3603021
3603907
3605563
3606887
3607570
3607819
3608087
3609447
3609805
3611768
3612019
3612031
3612299
3612529
3612755
3613686
3613857
3614886
3615327
3616724
3616788
3617449
3617728
3617988
3618305
3618879
3618891
3619327
3619669
3622551
3624390
3625081
3626369
3626890
3627015
3627359
3628156
3628999
3629232
3630080
3631307
3633014
3633692
3634659
3635447
3637760
3639047
3639113
3639452
3641520
3641778
3643099
3643440
3643587
3645211
3645708
3646176
3648276
3648781
3650429
3650761
3651444
3651768
3651822
3652462
3653736
3653874
3654186
3654382
3655959
3657084
3657547
3658646
3658882
3662084
3664046
3664229
3664232
3664619
3664649
3666147
3666606
3666954
3667612
3668420
3668998
3669043
3669204
3669466
3669882
3670252
3670926
3671019
3671950
3672068
3672291
3672347
3672642
3672717
3673125
3673919
3673983
3674774
3676679
3677260
3678290
3678778
3679230
3680158
3680549
3680972
3681009
3682602
3682651
3683747
3684438
3684851
3686208
3686651
3687101
3687856
3688053
3689191
3690143
3690150
3690665
3691272
3691429
3692215
3695021
3695156
3695999
3696613
3697017
3697522
3697530
3698408
3699514
3699531
3699843
3700448
3701382
3702803
3702955
3703183
3703767
3703771
3703881
3704069
3704253
3704721
3705509
3705862
3706526
3706684
3706947
3707474
3708189
3708458
3708829
3709014
3709706
3711352
3711513
3711561
3712389
3712974
3713124
3714229
3714429
3714732
3716985
3717089
3717259
3718634
3719368
3719424
3720015
3720611
3721612
3721888
3721900
3722200
3722260
3722372
3722518
3722621
3723050
3724854
3724956
3725180
3725489
3725693
3726115
3726629
3727631
3728003
3728005
3730325
3730618
3730955
3731002
3731117
3731187
3731208
3732705
3732787
3733059
3733096
3733139
3733664
3734673
3735301
3735761
3736573
3736778
3737061
3738404
3738950
3739343
3740712
3741788
3741972
3742212
3742283
3742651
3742775
3742889
3743085
3743637
3744572
3745145
3745594
3746034
3747098
3747687
3748022
3748173
3748264
3748426
3749145
3749785
3750597
3751638
3752365
3752634
3753111
3754745
3757450
3758264
3758384
3758885
3758945
3759267
3760071
3760496
3760567
3761408
3761575
3764323
3764926
3765025
3765112
3765256
3765349
3765516
3765624
3766973
3767067
3767969
3768226
3768996
3769599
3770265
3770432
3771450
3772257
3772409
3772571
3773302
3773681
3773939
3774769
3774980
3775223
3776495
3776525
3776761
3776823
3777418
3779923
3780757
3780969
3782144
3782417
3782625
3783013
3783273
3783333
3784517
3784568
3786390
3786712
3787259
3788402
3788861
3790169
3790562
3791639
3793171
3795833
3796265
3796651
3796688
3796911
3797177
3797634
3798049
3798743
3799693
3800548
3802082
3802772
3804139
3804221
3804584
3804655
3805376
3805742
3806046
3806280
3806599
3807236
3807304
3807428
3807546
3808098
3808286
3808994
3810243
3811281
3811451
3812027
3812533
3813151
3813203
3813679
3814053
3814062
3815968
3816780
3817222
3818090
3818783
3819250
3819527
3819657
3819769
3819855
3820201
3821006
3821302
3821518
3821722
3822601
3823136
3823159
3823390
3824311
3825388
3826595
3827379
3827382
3827628
3827890
3828173
3828195
3828365
3828649
3829217
3829981
3831809
3832885
3833211
3833347
3834151
3834219
3834290
3835098
3837675
3837681
3838110
3839175
3839631
3839807
3839899
3840028
3840172
3841831
3842033
3843094
3843524
3843852
3845088
3845312
3845658
3846712
3847425
3848564
3848973
3849038
3849148
3849157
3849234
3849320
3849890
3850192
3853006
3853234
3853664
3854060
3854305
3855101
3855327
3855810
3855854
3856295
3858537
3858946
3859139
3859218
3860597
3861366
3861641
3863250
3864059
3864154
3864751
3865130
3865547
3865630
3865653
3867451
3867460
3867819
3868604
3869157
3870328
3870424
3870775
3871022
3871912
3872384
3872406
3873221
3873743
3873976
3875232
3875797
3875842
3876961
3877178
3877324
3877560
3878320
3879194
3879218
3879640
3880263
3880322
3880409
3881180
3881390
3881721
3881848
3882503
3882690
3883263
3884412
3886024
3886090
3886172
3886930
3887079
3887325
3888155
3889014
3889586
3889658
3889703
3890982
3891009
3891155
3892594
3892804
3892862
3893812
3893858
3894064
3895083
3895421
3896052
3896281
3897217
3898560
3899097
3899559
3900200
3900459
3901312
3903581
3903725
3904068
3904733
3905680
3906433
3906802
3907645
3908043
3908075
3908331
3909087
3909713
3911713
3911887
3912670
3913450
3913798
3914081
3914161
3914543
3914675
3915026
3915678
3915899
3916763
3917221
3917247
3917574
3918146
3918331
3918643
3920184
3920946
3922012
3922321
3922393
3922551
3923237
3923509
3923532
3923583
3924678
3924830
3925614
3926020
3926253
3926366
3927132
3927170
3927485
3927997
3928365
3928939
3929844
3929845
3930280
3930608
3931566
3931662
3932279
3932313
3933250
3933278
3933759
3933970
3933984
3934189
3934207
3934289
3935436
3936892
3937642
3937747
3937856
3938615
3941131
3941727
3941750
3941861
3943398
3943485
3943975
3944115
3944117
3944476
3944514
3944619
3945459
3946143
3947554
3948356
3948898
3949162
3949567
3950029
3951363
3951426
3951573
3952694
3954464
3954757
3958626
3960393
3960580
3961313
3961874
3962510
3964246
3964566
3964610
3964686
3964938
3964995
3965820
3966281
3967309
3967611
3968590
3968624
3969477
3970124
3970775
3970849
3971163
3971697
3972828
3973106
3973746
3973818
3974261
3974588
3975507
3975938
3975952
3976111
3976480
3976536
3978155
3978200
3978942
3980590
3980927
3981189
3981396
3982069
3982743
3983097
3983216
3983307
3984563
3985031
3985498
3986270
3986275
3986771
3986864
3987581
3987967
3987996
3988225
3991085
3991248
3991301
3991444
3992184
3992634
3993172
3993299
3993496
3993797
3994743
3994970
3995328
3995448
3995964
3996120
3997347
3997750
3997829
3998258
3999496
3999549
3999556
3999648
4000567
4000829
4001900
4002444
4002612
4002713
4002822
4003667
4004280
4004991
4005172
4005387
4005701
4005957
4006322
4006866
4007923
4008185
4008235
4008630
4008647
4009689
4009715
4009760
4009836
4010473
4010557
4011130
4011450
4012096
4012375
4012689
4013309
4013500
4014011
4014367
4014372
4014426
4014487
4014733
4015593
4016191
4016413
4017266
4017331
4017441
4018752
4019230
4020167
4021496
