396
2166
3198
4011
4438
4954
5152
6314
8188
8743
11106
11666
11804
13860
15958
17074
17841
18100
18814
19055
20244
21390
21749
23231
24123
25485
26292
27562
27696
28330
30705
31117
31560
32281
32690
34541
34801
35995
36872
38090
38358
39417
40586
42327
44543
45023
45086
46572
46778
47153
48295
49235
50926
51283
51893
53380
53682
54770
55041
55558
58061
59859
60222
61477
62526
67810
68461
69138
69243
69706
69993
70105
70641
70998
71153
74706
75607
75636
76037
76795
80448
81098
81295
81839
84430
84686
85803
87124
88862
90706
90953
95841
97247
97864
98375
99755
100809
102548
103219
103675
104388
104453
105629
105675
107743
108060
109226
109317
109400
109682
112327
113508
115707
116853
117047
118184
119031
119155
119697
120517
121044
121229
122003
125100
125906
127127
128461
130622
130950
131952
132112
132193
136264
136617
136748
137685
139057
139533
140336
140607
141048
142177
142636
142742
144542
145253
146214
147020
147149
147168
147239
148422
148423
150183
150285
151418
151951
153682
153965
153981
154226
154251
154705
159912
160665
160872
161052
162718
163242
166829
167116
168438
169009
169032
171028
171102
172488
172520
172996
173420
173999
176746
177965
177998
178108
178930
179009
179043
179190
180030
180253
180816
181276
183324
183735
185494
186303
189466
190777
190963
192067
192628
193341
194780
194879
196756
198549
199007
200848
201429
202449
202452
203056
203915
203924
204164
204483
204916
206058
206425
207427
207857
208319
209083
209196
209679
210420
211203
214867
217929
218386
219206
219845
220088
220611
223601
223604
223655
223967
224684
225080
226379
226419
226632
227938
228737
229146
230349
232518
233572
234521
236025
237618
238165
238635
240054
240161
242108
242634
244879
245372
246091
247320
247857
248172
248306
251690
253572
255397
257213
259025
259501
260681
262169
262969
263297
263310
263494
264482
264926
265792
266117
267251
267466
269006
269978
270895
271341
273154
275054
275995
276497
276759
278162
278371
278813
278920
279907
282195
282312
284284
286066
288336
288919
291026
291174
291543
291667
291980
292047
294222
294554
295162
295457
296406
296583
298678
300565
301047
301159
302617
303566
307620
308649
310159
312203
313730
314295
318883
319186
320234
321868
322581
323734
323756
323936
324906
327064
327394
327566
330215
330863
331034
331665
334828
335400
335862
337831
339325
340179
340279
342005
342340
342631
343187
343494
344328
345470
347069
347786
348827
350580
350618
351470
354298
355253
355301
355650
356396
358125
359923
360089
360572
360786
361391
363497
363866
364511
366869
367755
369191
370301
370520
370687
373130
375141
375657
375987
376068
376823
376893
378197
378580
379030
379117
379338
380284
380859
381533
381648
382081
382248
383126
385865
387647
387928
389089
390873
391382
392556
396792
397235
399104
399184
400161
401206
403377
403408
404705
405003
405537
406675
408744
408908
409089
409688
409882
410293
410566
411924
413751
414208
414903
415037
415189
416325
416548
417122
417364
417725
418711
418897
419876
419908
423620
425152
430516
431638
431942
434136
435406
436248
436546
437212
438086
438381
439454
439548
440681
441983
442136
442646
442675
443288
443523
447505
447768
448498
449210
449616
451025
451519
453843
455674
455704
455919
456750
457107
457357
458748
458759
460917
461356
461545
462134
462513
463893
464649
468409
468973
470444
471398
473125
473136
474136
475982
476207
476802
477321
479357
479828
480502
481518
481881
482515
483751
485492
486722
486854
487095
487754
488400
492712
493094
493317
493425
493557
494481
494938
495573
496295
496478
496564
496971
498138
499313
501355
502108
502685
503136
503883
504389
505558
505632
508334
515283
515321
515619
516306
517302
518495
518609
519058
520232
520453
520896
521799
522837
526359
526631
527535
528225
531140
531287
531308
531648
532274
533606
533785
534643
534735
535583
535942
539534
540276
540487
541003
541564
542116
542634
542777
544623
544839
545357
545542
545634
545922
546595
549147
552152
553134
553236
553991
554751
554930
555873
557323
558021
558411
558463
558871
559104
559964
560140
560690
562296
562527
563015
566069
566634
568390
569757
570108
570972
573819
575207
575384
576462
577940
578011
578050
578060
578230
578903
579272
579315
579914
580580
580709
581282
583103
585252
587335
589346
589834
590127
590270
590276
590484
592771
593679
595211
595657
596396
596471
598320
598397
599259
599634
599712
601049
601369
602211
602347
605919
606903
607668
607990
608290
609399
610301
611789
611932
612007
612477
613113
613364
614322
615354
615397
615511
615871
616140
617743
621419
623033
623128
623652
623862
624087
624972
625486
625596
626569
626627
628813
628833
629952
629991
630303
630412
630676
631708
631755
632242
633093
634852
634916
636059
636490
636792
637009
637752
639083
639360
640707
644861
645779
646013
646109
647152
647961
648084
648151
648281
649028
649087
649142
650375
650541
651003
651285
651451
652412
654658
655294
655390
655656
657810
658687
659162
660057
660879
660990
661264
664203
664489
665390
665576
665631
665815
667018
670078
672350
672940
673218
673876
676312
677585
678406
679420
681153
681840
682028
683400
684852
685276
685310
686327
686532
686882
687275
688597
689126
689876
690210
692217
692591
692961
692966
692972
694613
695347
695873
696336
697780
699780
699874
702482
702667
702766
704370
705410
707517
710078
710359
710780
711484
711930
712211
713582
714000
715063
718630
720342
720808
721028
721157
722293
722371
723927
725945
727085
728071
728286
728869
729265
730707
730985
731309
731347
732828
733039
733951
734504
735059
736652
737106
737789
738250
740408
740644
740939
741032
743138
743624
743739
743823
744023
744503
746414
746579
746802
747189
747615
747684
749189
749897
751442
751925
752379
752620
752727
752926
756252
756296
757216
757361
757989
758364
758588
758714
758808
759312
760196
761012
761267
762278
763192
764037
764701
764827
764990
765842
767326
767913
768628
769715
769975
770391
772952
774114
774765
775208
775422
777122
778246
779149
780360
781837
781874
781979
784735
785376
785766
787849
787934
788838
790356
791027
791364
791977
795090
795091
795289
795797
796076
798362
798665
800059
800161
800499
801832
802273
803684
804265
805253
805554
806967
810314
812627
812786
813540
814549
814685
816257
818152
819335
820898
820936
820947
822131
822361
823351
827492
828355
828659
828846
828903
829199
829699
829713
830065
832051
832667
832978
832984
833115
833865
834037
834398
835404
835540
835866
836621
838627
839587
839986
840472
841635
845674
846034
846575
846649
846722
848534
848585
848611
849591
849996
850070
850324
851640
852802
853345
855750
856143
856436
856858
857047
857585
857682
858414
858825
859059
859191
859662
860493
860675
862337
864234
864492
865476
865860
867982
868741
868905
869828
869876
871902
873234
874427
874503
875213
876453
876966
877339
877761
878253
878269
880728
880835
881698
883246
884004
884298
884920
885021
885686
885731
886706
886716
888564
888752
889064
889318
890013
891663
892243
892998
893212
893732
894615
895058
897539
897840
900502
900539
902789
903964
904048
906226
907065
907847
909807
911108
912202
912250
914346
915253
918428
920411
921012
922334
923121
923415
923782
923788
924241
926313
927005
927524
929196
929686
931365
932160
932209
932510
934352
934876
937506
937953
943154
943991
944511
945389
948388
948785
949042
949079
950052
950221
950639
952120
952140
952578
955324
956755
956761
958010
958571
959017
959080
959134
959368
961902
962372
964831
965199
965873
966044
966391
966969
969478
970990
971423
971730
972095
975638
977405
982757
984698
985898
985954
987249
988620
992289
995501
995557
996767
1000511
1001389
1001786
1003348
1004490
1004579
1005159
1005891
1007239
1008601
1010208
1011286
1013978
1015050
1015162
1015966
1017488
1018747
1020165
1020444
1020900
1024114
1024501
1024710
1025591
1025842
1027510
1028652
1032237
1033363
1037647
1038352
1041696
1042941
1044541
1044722
1045424
1045956
1047772
1047870
1048682
1048683
1048737
1052440
1054278
1056254
1057269
1057609
1058775
1059967
1060295
1060455
1061652
1062450
1063774
1063777
1064061
1064815
1065045
1066304
1066671
1067548
1067582
1069407
1070569
1070603
1070942
1071737
1073647
1074208
1074770
1076677
1076946
1077056
1077543
1078188
1078709
1080893
1082445
1082631
1083198
1083805
1084035
1084600
1084715
1084866
1086336
1086631
1087816
1088328
1089061
1089417
1089632
1089996
1090099
1091548
1093664
1095026
1096747
1097719
1099218
1099271
1100465
1100821
1101233
1101845
1101983
1103100
1104026
1105102
1105379
1106464
1107489
1108913
1110100
1111700
1114837
1115138
1116665
1116989
1117952
1118352
1119932
1119936
1120407
1120483
1121147
1121181
1121690
1121924
1122442
1123098
1123189
1123915
1125055
1125769
1126752
1127435
1128475
1128791
1128882
1129555
1130789
1131458
1133423
1133684
1133832
1134343
1135158
1135180
1135210
1136640
1136649
1138657
1139082
1141068
1141519
1143775
1144099
1144548
1145299
1145579
1147298
1147647
1150343
1151586
1153628
1154496
1155569
1155949
1155992
1156051
1156844
1158849
1160102
1161985
1162451
1162825
1163365
1163730
1165663
1166180
1166744
1166846
1167026
1167099
1168183
1168395
1168883
1170205
1170242
1170477
1171747
1171940
1172276
1172423
1172920
1173408
1173461
1174020
1174910
1177770
1178295
1178415
1178840
1179054
1179136
1179156
1179874
1179881
1180243
1181092
1182773
1184773
1184789
1184908
1185240
1185769
1188280
1189809
1190294
1190416
1190766
1191386
1191958
1192078
1193138
1194147
1195019
1196119
1196232
1196389
1197687
1197704
1198337
1198673
1201409
1201885
1202032
1202688
1205632
1206654
1207702
1207769
1208114
1208452
1210960
1212065
1216981
1218463
1218790
1219108
1219520
1220522
1221013
1221061
1221409
1222111
1222401
1224995
1225325
1225694
1227954
1228029
1228924
1230733
1231196
1233730
1234684
1234772
1234923
1234995
1235005
1235337
1236366
1236668
1239037
1239155
1240449
1240720
1241762
1242855
1243841
1247058
1247518
1248148
1248839
1249145
1250089
1250386
1251903
1252748
1253003
1253251
1253619
1255759
1257133
1257446
1258714
1258834
1259227
1259843
1259950
1263297
1263761
1264213
1264272
1264394
1265122
1266474
1267211
1267506
1268335
1268414
1268622
1268975
1270386
1270621
1271296
1273066
1274579
1275910
1276063
1277121
1277543
1278308
1278488
1278592
1278864
1280073
1280641
1281027
1281480
1281829
1283596
1285777
1287181
1288220
1288531
1288728
1288744
1288860
1288909
1290310
1290891
1292605
1293971
1294288
1294594
1294957
1295851
1296169
1296405
1297155
1297446
1297628
1297812
1298191
1298942
1299052
1300153
1300377
1300827
1301211
1302413
1303290
1303542
1303874
1307337
1307446
1308483
1309759
1310164
1310598
1313151
1313177
1313625
1314381
1314873
1315581
1316280
1316498
1316519
1316666
1317242
1317354
1317828
1318407
1318476
1319686
1321678
1323169
1323823
1325298
1325876
1328479
1328618
1329834
1330696
1332336
1332578
1333295
1333669
1333751
1335121
1336045
1336642
1336961
1337371
1337382
1339894
1342273
1342413
1342421
1344130
1347116
1347412
1347586
1349006
1350634
1350702
1351794
1353278
1355220
1355614
1355763
1356072
1356197
1356353
1356858
1357075
1357402
1357901
1357986
1358151
1358545
1359031
1359516
1361552
1361653
1363198
1363630
1364196
1366572
1366676
1368229
1368710
1369072
1369382
1369702
1369749
1370175
1370254
1370318
1371184
1371317
1372673
1373111
1373952
1374079
1374095
1374349
1374705
1374815
1375234
1375853
1378855
1381054
1381952
1382250
1382702
1383064
1383469
1384190
1386850
1388375
1388787
1389600
1389718
1389919
1390899
1391532
1391840
1392086
1392338
1393984
1394405
1395721
1397758
1401032
1403007
1404262
1407004
1407121
1407705
1408187
1409956
1410508
1410540
1410936
1410962
1411555
1411570
1413286
1413528
1413863
1414724
1414828
1415972
1416308
1417073
1417917
1418342
1418837
1419776
1424302
1425634
1426076
1427697
1428854
1429059
1429130
1429449
1430107
1430737
1431348
1432230
1433041
1433373
1433998
1435890
1436381
1436835
1439201
1440170
1440224
1440989
1442097
1442521
1443053
1445105
1445303
1448547
1449078
1449532
1449632
1449665
1450565
1451096
1452736
1452846
1453049
1453476
1454341
1454722
1455446
1456123
1457610
1457831
1462404
1462642
1464425
1466855
1468614
1470266
1471920
1472413
1473208
1473548
1473691
1474228
1474652
1475141
1478795
1478905
1482758
1483073
1485763
1486850
1487273
1488408
1488443
1488482
1490065
1492087
1492558
1494800
1498522
1498665
1498980
1499447
1500170
1500229
1500545
1501934
1503427
1503794
1503806
1503865
1505289
1509369
1510326
1510446
1510543
1510577
1511265
1511890
1511940
1512369
1512717
1514699
1515732
1517360
1517841
1518408
1518865
1518935
1519522
1520554
1522290
1522679
1522708
1523932
1523942
1526718
1528001
1528228
1528314
1528887
1529118
1529526
1529659
1532882
1533257
1533979
1534427
1534482
1534641
1536955
1537405
1537706
1539544
1539931
1540767
1541283
1541922
1542165
1543226
1543750
1544665
1544926
1546393
1546731
1547086
1547729
1547787
1551377
1552051
1552361
1553221
1553297
1557187
1558552
1558578
1558799
1559247
1559361
1560461
1560778
1560959
1561900
1562269
1563335
1563819
1564296
1564639
1565581
1565730
1565871
1568133
1568239
1568918
1569012
1569716
1569981
1570048
1571667
1574067
1574187
1574354
1577092
1577385
1578266
1579190
1580200
1581676
1582367
1585823
1586270
1588040
1588165
1590928
1591424
1591539
1592106
1593790
1595943
1596053
1597055
1599003
1599415
1600940
1603137
1603423
1603903
1604587
1604720
1607602
1608062
1608771
1609253
1609469
1611551
1612755
1613312
1613329
1613659
1615223
1616597
1616876
1617285
1617403
1618236
1619827
1621958
1622009
1622176
1623363
1624421
1628086
1628903
1631414
1631702
1632716
1632815
1632973
1634279
1635053
1635755
1635940
1635979
1636864
1638595
1640607
1640848
1641428
1644393
1644530
1644759
1645225
1645402
1645684
1646348
1646804
1647155
1647256
1647402
1648439
1649711
1650244
1650590
1652763
1653296
1654003
1654101
1654168
1655473
1655586
1655839
1656983
1657103
1657325
1658423
1658435
1659932
1661493
1662352
1663764
1664882
1665435
1669771
1669912
1670439
1673161
1673266
1673669
1673756
1675085
1675235
1675527
1677938
1679024
1679265
1679321
1681699
1683777
1683795
1683922
1684253
1687687
1688247
1688429
1689027
1689079
1689425
1690269
1690492
1690667
1691692
1691969
1693024
1693941
1694438
1694678
1694800
1695312
1695340
1695355
1696342
1696873
1697227
1697775
1698447
1699597
1699691
1700006
1701869
1701915
1702083
1703561
1703703
1705046
1706816
1707409
1707815
1708033
1712948
1713346
1713383
1713920
1714643
1714879
1715069
1715385
1715658
1715785
1716046
1716578
1716983
1718137
1719271
1723925
1724064
1724709
1726188
1726854
1726874
1728521
1729093
1730278
1731497
1731591
1731796
1731960
1732262
1733607
1733663
1733699
1736526
1737060
1737387
1737819
1738737
1739074
1739155
1740263
1740286
1741265
1743059
1743389
1744734
1747165
1748807
1751057
1751724
1751769
1757714
1758830
1759583
1759915
1760095
1762146
1764657
1767194
1768179
1769171
1769657
1769830
1770159
1770567
1770655
1771520
1771772
1773922
1774850
1774901
1775058
1775209
1775227
1775652
1776054
1776506
1776929
1777306
1777993
1779859
1780429
1780668
1781498
1782107
1787309
1788160
1789247
1791167
1792344
1792512
1793777
1794042
1794100
1794185
1794961
1795320
1795780
1795817
1796607
1796818
1796951
1796997
1798060
1799895
1801143
1803705
1804189
1804598
1804792
1804852
1805356
1806188
1807734
1808158
1812359
1813565
1813800
1815052
1815919
1816474
1819414
1820337
1820754
1820873
1821096
1821593
1821902
1822404
1823809
1824736
1824918
1825615
1825781
1826534
1828443
1829075
1829441
1829884
1830066
1833792
1834991
1835120
1837281
1837991
1838608
1839940
1840861
1840905
1842062
1844945
1845660
1845833
1846943
1847962
1849643
1850029
1851144
1851470
1852285
1856573
1856694
1858054
1859041
1861281
1862082
1863001
1863199
1865892
1867718
1868053
1868145
1870387
1871498
1871928
1871970
1872633
1873075
1873135
1873973
1874219
1876865
1877467
1878449
1879946
1882738
1883312
1883494
1883856
1884136
1885185
1885840
1886179
1887488
1889851
1890859
1892870
1892943
1892964
1895019
1896662
1896938
1897227
1897276
1898609
1899459
1900529
1900892
1901250
1902715
1903494
1903637
1903736
1905210
1907383
1907881
1907973
1910201
1910924
1911199
1912388
1914391
1916563
1917978
1920420
1921622
1922574
1924300
1926822
1928552
1930944
1931007
1931646
1931957
1932455
1934424
1937142
1937401
1938848
1939395
1940867
1941147
1941245
1943057
1943198
1945587
1945788
1945858
1946105
1946267
1946798
1947223
1947247
1947530
1947961
1951030
1951491
1952357
1953416
1953792
1954093
1954446
1954592
1955175
1955806
1958076
1959886
1962183
1963512
1963790
1964214
1966754
1967200
1969398
1969628
1970326
1972198
1972380
1973745
1973937
1974947
1975317
1975507
1975982
1977726
1978886
1981872
1982505
1984887
1985155
1985767
1987251
1987367
1988523
1989030
1989351
1989942
1990215
1990834
1993728
1995039
1995571
1996120
2000025
2000177
2001163
2001658
2002929
2003343
2003357
2004676
2004914
2005254
2006586
2007696
2007713
2008385
2008702
2009382
2009613
2010155
2010211
2011373
2012617
2013470
2013540
2014928
2015641
2015822
2016833
2016907
2017339
2018362
2018797
2019052
2019572
2020669
2021573
2022544
2024036
2024073
2024626
2025392
2025758
2026050
2026803
2028285
2028331
2028726
2029565
2029653
2030102
2030126
2030748
2031107
2031407
2032243
2032525
2035779
2036218
2037747
2038324
2038759
2038772
2039062
2041305
2043127
2044099
2045053
2045812
2045856
2046822
2046894
2047143
2049072
2050686
2050875
2051794
2051817
2051820
2051870
2052163
2053452
2054516
2054678
2054810
2056326
2056434
2057533
2058012
2058134
2059946
2060732
2061103
2063098
2064266
2064375
2065413
2065953
2066109
2066262
2067209
2067315
2068015
2069345
2069993
2070164
2072327
2074355
2076258
2076324
2077100
2077227
2079613
2081115
2081362
2081702
2083060
2083585
2084483
2085510
2085701
2086037
2086108
2086357
2086870
2089831
2090641
2091298
2093579
2094873
2095554
2095654
2095991
2097238
2097577
2098956
2099052
2100425
2101323
2101665
2101788
2101872
2102078
2102882
2103024
2103988
2104495
2104568
2104636
2106778
2108510
2110645
2111090
2111414
2111752
2114434
2115465
2115637
2115892
2116838
2117989
2119209
2120254
2120752
2121880
2121984
2122539
2124287
2124689
2124901
2126816
2126825
2129477
2131249
2131442
2132687
2133777
2134481
2134621
2135112
2135334
2135674
2135734
2136748
2137324
2137672
2138817
2138994
2139666
2139722
2139820
2140690
2142065
2142555
2143639
2144221
2144301
2144309
2144645
2146157
2147340
2148538
2148756
2148937
2149198
2149678
2153263
2153270
2155785
2155964
2156071
2159280
2159529
2159964
2160844
2162457
2162843
2163199
2166285
2166621
2167218
2167272
2167273
2167786
2167834
2167985
2169112
2171074
2171171
2172145
2172232
2172307
2172589
2172782
2172853
2173668
2174677
2174920
2175118
2175282
2175747
2177186
2177305
2178898
2179561
2179855
2180968
2181184
2186906
2187039
2187801
2187936
2188198
2190179
2190803
2191696
2191861
2192648
2192732
2195717
2196656
2197069
2197925
2198887
2199331
2199393
2199457
2199773
2199992
2200502
2201615
2202946
2203390
2203930
2205519
2206445
2206446
2207251
2210743
2210907
2211027
2212868
2212985
2214296
2215108
2215657
2218777
2222570
2222760
2224195
2224351
2224767
2225411
2225640
2226025
2226533
2228031
2230210
2230832
2230890
2231526
2231740
2232524
2235094
2237683
2238749
2240241
2240776
2241272
2242481
2242925
2243252
2244021
2244471
2246183
2246911
2247068
2248509
2248769
2249815
2250756
2250925
2252886
2252995
2254736
2255424
2255664
2255929
2257256
2258737
2259161
2259668
2259760
2259899
2262317
2264199
2264272
2264984
2265704
2265829
2268885
2269106
2269127
2269707
2270739
2272822
2275307
2280560
2282711
2283751
2284031
2284066
2284725
2285498
2285837
2286098
2286732
2289784
2290542
2294579
2296743
2297837
2299098
2299263
2301153
2302787
2304498
2304613
2305233
2305856
2307566
2307769
2307936
2308932
2309989
2310215
2311326
2311992
2312733
2313004
2314191
2314848
2315074
2315923
2316585
2316844
2318573
2319113
2320016
2320405
2321564
2323668
2324212
2324312
2324744
2326383
2327924
2327945
2329608
2329978
2330809
2331497
2331935
2333527
2333818
2334425
2335113
2336512
2339490
2340874
2341181
2341279
2341647
2343031
2343302
2343436
2344228
2344687
2345491
2345897
2346325
2346398
2347205
2348524
2349985
2350222
2351070
2354251
2356834
2357919
2358806
2360390
2360579
2360871
2362051
2363440
2363784
2364826
2365922
2366434
2367510
2368238
2368973
2369515
2370990
2372266
2372359
2373140
2373342
2373456
2373792
2375730
2378253
2379050
2379436
2380959
2381566
2382198
2383608
2383844
2383911
2387319
2387345
2387438
2388071
2389999
2391703
2391936
2392468
2393172
2393928
2394714
2395020
2396446
2397194
2397424
2397522
2397857
2401400
2402826
2402856
2403000
2403205
2404732
2405436
2405499
2406168
2406317
2409087
2409613
2409842
2410186
2410900
2413629
2414184
2415289
2418176
2418419
2420628
2422542
2425000
2427677
2427891
2428068
2433117
2433203
2433224
2435442
2436082
2436254
2436749
2438159
2439997
2440289
2440583
2442208
2442873
2444573
2445111
2448082
2452218
2452362
2452815
2452897
2453433
2455487
2456483
2457264
2459718
2460096
2460499
2461251
2461639
2462889
2462895
2462975
2463911
2463923
2464920
2465934
2466088
2466289
2466657
2466928
2466948
2471930
2473926
2474044
2476174
2476250
2476262
2476978
2477865
2479029
2479281
2481751
2482519
2483442
2484216
2485284
2485870
2485898
2486343
2487448
2487605
2487875
2487892
2489063
2489144
2489482
2490606
2491193
2491842
2492032
2493084
2493603
2493700
2494719
2496038
2496062
2496870
2497652
2498352
2498734
2501346
2501357
2501663
2502419
2502485
2502561
2503862
2504052
2504458
2506503
2508106
2508882
2509431
2509737
2512284
2512317
2512561
2512569
2513317
2513794
2515084
2515142
2515607
2517885
2517991
2520523
2521983
2523371
2523439
2525066
2526728
2526925
2527364
2528424
2531478
2531924
2535522
2535631
2535743
2537085
2537422
2537768
2537980
2539519
2539725
2540020
2540769
2541359
2541642
2542351
2542872
2543673
2544782
2544928
2545983
2547556
2551260
2551310
2552677
2555563
2555707
2556023
2557064
2557301
2557795
2558970
2560877
2561298
2564705
2564960
2565373
2566282
2566352
2567451
2569349
2569694
2571745
2573031
2573226
2574399
2575760
2576166
2577028
2577337
2579642
2583416
2583689
2583845
2583854
2583859
2584326
2586136
2586767
2587964
2588190
2588824
2591443
2592433
2593035
2593054
2594781
2595948
2596225
2597545
2597589
2598145
2598319
2598554
2600233
2600727
2600799
2601437
2601564
2602890
2603460
2603548
2604878
2605947
2607064
2607157
2608040
2609742
2610129
2610643
2611664
2612972
2612973
2613270
2614979
2616021
2616071
2616768
2616968
2619523
2619641
2620041
2620567
2621070
2621239
2622022
2622376
2622571
2627120
2629671
2631831
2631970
2633067
2634194
2634433
2635212
2636006
2636348
2637522
2638020
2638716
2640423
2642463
2642700
2643783
2643847
2648452
2648773
2649432
2649634
2650658
2651042
2652239
2653784
2653820
2654476
2655115
2655390
2655539
2656210
2657611
2658547
2658603
2659653
2661845
2661990
2662872
2662953
2663425
2663799
2664207
2666529
2666859
2666934
2668107
2669222
2670197
2670824
2670844
2672162
2673416
2673795
2674136
2674421
2674477
2676761
2676968
2677449
2680095
2682738
2684001
2684754
2684834
2685782
2686080
2686300
2686359
2688788
2689360
2690086
2690556
2691473
2692744
2694016
2698001
2699007
2700294
2700821
2701495
2701778
2702080
2702962
2704626
2704648
2704992
2707033
2707738
2708391
2710106
2711282
2711514
2712091
2714360
2715346
2715366
2715653
2717735
2718880
2719919
2720626
2720639
2720774
2721098
2721309
2721776
2723637
2726060
2726458
2726462
2726868
2730314
2731639
2731928
2732063
2732658
2732754
2733376
2733921
2734913
2735515
2735695
2736778
2737150
2737779
2738828
2739052
2739974
2740932
2741874
2742417
2744594
2744654
2746061
2748290
2748632
2749963
2751095
2751863
2751994
2752362
2752902
2753128
2753582
2753928
2753999
2754295
2754790
2755671
2758099
2759190
2760342
2761990
2762254
2765474
2765477
2766583
2766636
2766971
2767267
2768682
2769493
2770044
2770193
2770624
2771471
2771610
2772024
2772276
2773154
2773344
2774240
2774470
2774483
2774738
2775247
2775315
2775927
2776397
2776404
2776740
2776878
2777874
2778290
2778871
2778892
2779340
2780166
2780237
2781280
2781941
2782442
2782567
2783050
2783612
2784562
2786297
2786396
2786808
2786978
2789089
2790194
2790396
2791009
2791283
2791912
2794034
2795898
2798222
2799633
2800029
2800851
2801150
2801336
2802403
2802927
2802940
2803556
2804592
2805406
2806564
2806828
2807394
2808377
2809624
2809678
2810853
2813323
2813507
2814594
2814710
2814749
2814820
2815589
2815992
2816664
2818104
2819469
2819629
2820532
2821115
2821854
2825450
2827308
2828165
2828298
2829595
2830658
2832401
2833004
2833108
2833575
2834405
2838714
2839711
2840805
2845540
2846119
2847356
2848427
2848700
2848954
2849016
2849510
2850107
2850307
2850793
2851065
2851144
2854605
2856413
2856543
2856996
2858087
2858955
2861116
2861357
2863541
2866470
2867961
2868543
2871061
2871449
2871848
2872301
2873923
2874747
2874985
2875180
2876547
2877124
2878646
2880632
2881070
2882080
2882108
2883024
2884536
2885120
2885865
2889071
2889600
2889804
2891674
2891862
2893184
2893421
2895570
2898754
2900122
2900447
2901022
2901097
2901117
2901664
2902611
2902707
2902864
2904490
2905443
2905795
2906788
2908131
2909912
2910519
2910926
2912555
2912566
2912661
2912860
2912890
2914047
2916246
2917028
2917564
2917690
2917834
2917986
2918213
2918236
2918805
2920326
2920472
2921402
2921657
2921772
2922251
2923768
2924394
2924883
2925299
2925468
2926228
2926771
2927460
2928688
2930604
2930617
2930946
2931372
2932170
2932909
2933208
2933525
2934258
2935363
2936266
2938393
2938805
2940356
2942387
2943001
2944643
2945023
2945051
2946763
2946841
2946894
2948292
2948661
2948988
2950684
2950782
2951395
2951843
2952904
2955285
2957456
2960471
2960640
2961356
2961831
2962934
2963016
2963267
2964048
2965066
2965245
2965443
2966422
2967529
2967543
2968219
2968239
2968599
2969926
2972917
2973221
2973471
2973753
2973806
2974742
2975062
2977008
2977275
2977454
2978970
2979887
2981494
2983751
2984689
2987939
2989720
2990327
2990450
2991654
2991924
2992984
2993005
2993118
2993506
2993739
2994735
2994752
2996995
2997777
2999893
3001199
3001357
3001457
3004029
3005947
3006680
3008707
3009938
3010728
3011310
3015228
3020076
3021813
3022243
3022424
3024014
3024966
3025308
3025499
3025640
3027431
3028923
3028975
3029543
3029935
3030696
3032134
3032650
3034925
3035396
3035417
3037402
3038132
3038391
3039573
3039987
3040253
3041378
3042124
3042210
3044388
3044407
3045038
3045836
3046523
3047461
3048464
3050003
3050424
3051688
3051854
3052147
3055316
3055864
3056967
3058001
3058622
3059288
3059562
3059900
3060029
3060391
3060798
3064158
3064285
3064704
3065160
3065338
3066134
3066794
3067717
3067809
3068132
3068764
3069538
3070624
3071131
3071868
3072932
3073172
3073699
3073941
3076267
3076286
3076644
3077184
3077733
3077819
3078561
3080210
3080901
3081737
3083931
3084088
3084630
3085148
3085431
3085579
3087133
3090388
3091426
3093030
3095423
3095470
3097845
3098052
3099609
3100226
3100964
3102151
3102257
3103147
3103345
3103878
3104557
3105102
3105327
3107123
3108060
3108820
3111051
3112162
3113792
3115789
3117090
3118000
3120230
3121736
3121826
3121987
3122376
3122595
3123282
3125893
3126470
3127524
3128716
3131755
3134355
3134592
3135453
3135495
3135717
3135804
3135870
3136912
3136963
3139387
3139907
3141505
3142594
3143627
3144383
3146092
3147773
3147945
3148223
3150207
3150266
3151685
3152562
3153039
3154286
3154358
3155963
3156200
3156643
3156751
3157327
3158333
3158960
3159136
3160302
3160577
3162915
3163323
3163340
3166183
3167415
3167796
3168337
3171306
3173351
3174906
3176332
3177967
3178378
3179947
3181853
3183339
3184296
3185196
3185419
3186197
3186380
3187293
3188500
3189994
3190885
3192175
3192185
3193794
3194224
3195990
3196496
3196514
3199981
3202297
3203511
3204348
3205651
3205732
3205957
3206264
3206981
3207410
3207524
3209596
3210775
3211420
3212279
3213681
3213684
3217183
3217707
3218274
3218299
3218952
3220757
3220799
3220818
3222209
3223509
3223545
3223734
3223777
3225173
3225730
3227156
3227613
3229137
3229140
3229249
3229328
3230229
3230278
3231282
3232487
3233009
3233052
3233082
3234064
3234253
3234498
3234622
3235186
3235932
3236000
3239071
3240576
3242248
3244039
3245138
3247021
3248818
3248927
3250030
3250699
3252278
3252304
3252334
3253355
3253440
3254146
3255207
3256187
3256624
3256920
3257508
3258178
3258283
3259906
3260762
3263404
3263647
3264056
3266672
3267523
3270622
3272482
3272935
3277990
3278369
3278890
3279332
3279999
3281923
3283676
3284085
3285408
3286217
3287669
3291882
3292773
3293549
3293597
3294254
3295347
3295565
3296445
3296539
3297778
3300202
3300605
3302619
3304743
3304940
3305092
3305921
3306560
3306827
3307361
3307593
3310502
3310609
3310937
3312134
3312423
3312728
3313369
3313843
3314260
3314853
3315607
3317466
3318184
3320166
3321369
3321383
3321829
3321893
3322193
3323064
3325652
3326109
3328985
3332936
3333810
3334149
3334433
3336113
3339546
3342457
3342913
3343095
3344773
3345738
3347181
3347733
3348458
3349115
3350315
3350873
3351648
3353934
3354107
3354273
3354950
3355950
3356017
3356076
3356399
3356591
3357676
3359928
3363086
3363557
3364996
3365186
3365756
3366209
3366290
3366550
3366755
3368734
3369092
3369486
3369836
3370358
3371254
3372375
3373070
3373990
3376933
3377908
3379084
3379103
3379134
3379713
3379775
3380211
3385187
3386448
3387312
3389296
3389438
3391166
3391420
3391459
3392328
3394368
3394421
3395865
3396433
3396781
3397239
3397877
3398883
3398894
3399990
3400101
3400248
3400256
3401059
3402061
3403224
3404192
3404237
3407108
3407805
3409265
3409364
3409799
3410817
3411075
3411219
3411346
3411372
3411398
3412830
3413309
3414002
3414427
3415703
3416869
3417313
3418590
3419404
3423009
3425175
3426351
3426487
3426800
3427029
3427226
3427428
3428351
3428580
3428767
3430295
3430816
3432218
3433075
3433127
3433257
3435074
3435316
3436414
3436552
3437754
3437983
3438902
3439294
3441438
3442005
3442544
3443888
3444187
3444421
3445227
3445880
3446634
3447221
3449484
3449534
3451137
3451161
3452065
3452399
3452630
3454242
3455396
3456414
3456935
3457999
3458749
3459191
3460789
3460856
3461023
3461152
3464601
3464743
3465129
3465214
3466912
3469215
3469661
3470948
3471411
3471711
3471766
3472630
3473200
3473201
3474164
3475738
3476269
3477779
3479275
3480084
3481233
3482286
3482484
3482564
3482719
3483948
3485190
3485793
3486599
3486955
3488897
3489896
3490185
3490455
3492277
3492354
3492895
3493796
3494999
3495243
3496979
3497122
3497322
3497787
3498809
3499881
3499909
3500620
3501853
3502028
3502208
3502449
3503078
3504156
3508681
3511701
3513455
3515502
3517510
3519187
3519604
3520006
3520143
3520671
3521169
3523110
3523141
3524461
3524866
3527364
3527588
3528058
3528753
3529880
3531826
3532258
3532642
3533579
3534241
3534465
3534978
3536202
3537599
3537704
3539007
3539604
3542555
3543182
3543733
3547046
3547463
3548369
3548517
3550287
3550385
3553555
3553754
3556498
3557568
3561026
3564344
3565231
3566475
3567009
3567112
3568174
3568382
3569418
3570746
3571426
3572788
3575599
3576847
3577406
3578694
3579707
3580600
3581031
3581050
3582110
3583730
3583800
3583931
3584099
3584886
3585468
3586015
3587578
3587660
3587676
3588788
3588845
3590472
3590497
3590621
3590644
3591036
3591091
3591197
3591549
3591838
3593316
3593933
3594726
3595709
3598402
3598916
3598980
3601352
3603963
3604673
3605482
3605500
3605949
3608438
3610380
3612475
3613070
3613824
3615782
3615923
3617465
3617788
3620511
3622867
3622870
3625793
3627204
3627227
3627997
3631781
3632406
3632585
3633024
3633269
3633904
3634900
3635122
3637375
3637659
3638346
3643326
3644713
3644971
3645888
3646022
3646867
3647175
3647417
3648350
3648469
3650091
3652364
3652709
3653015
3655598
3655903
3658409
3658707
3659721
3660743
3661350
3661851
3661858
3661947
3661962
3664185
3664455
3665044
3665733
3666519
3668905
3669168
3670389
3670520
3670655
3671892
3671909
3672806
3672987
3673431
3673677
3674896
3675112
3675202
3676026
3676607
3677212
3679430
3679463
3679527
3679764
3681228
3681273
3682178
3682935
3684222
3684256
3684713
3685098
3689262
3691325
3693803
3693934
3694238
3694585
3695276
3697404
3697529
3697708
3698272
3699560
3701026
3701177
3704599
3708042
3708515
3710070
3710073
3711025
3711588
3712479
3712624
3713311
3713609
3713979
3715303
3715964
3716033
3718000
3718011
3720418
3720802
3721239
3722336
3722911
3723437
3723652
3723855
3725262
3726055
3727810
3728106
3729608
3730683
3732045
3732122
3733591
3734571
3734992
3735123
3735279
3735863
3736280
3736901
3737794
3737941
3741165
3741578
3741906
3743519
3743641
3743704
3744409
3745456
3745917
3748258
3749034
3750201
3753290
3754514
3754602
3754729
3754755
3755753
3755937
3757757
3757864
3757947
3763830
3763921
3764904
3765526
3766323
3767929
3769340
3771033
3771616
3773003
3773709
3774154
3774489
3774854
3775547
3776755
3777097
3779749
3781598
3781832
3782023
3783781
3783959
3784019
3784927
3787468
3787505
3789111
3791629
3794627
3794683
3795783
3795973
3796440
3797375
3798413
3799469
3799589
3799678
3800014
3800455
3803755
3804807
3805311
3805444
3805458
3806047
3806222
3806737
3807209
3807283
3808024
3808278
3808316
3808631
3809191
3809507
3810625
3811861
3812511
3813663
3814136
3814945
3815189
3815544
3815727
3816379
3817399
3818136
3819247
3819251
3820786
3821814
3822169
3822771
3823444
3825241
3827378
3827860
3828087
3828568
3829385
3829537
3829933
3830040
3830060
3830129
3830232
3830885
3831084
3831287
3831420
3831592
3831678
3833208
3833380
3836762
3838186
3838476
3841277
3842127
3842656
3842730
3842872
3844658
3845101
3845840
3846976
3847330
3848937
3849904
3850250
3852460
3853258
3853334
3854083
3854142
3854274
3854305
3854506
3854535
3855598
3855861
3858161
3858606
3858787
3860964
3864983
3867043
3868130
3869235
3870577
3870876
3872035
3872773
3874062
3874522
3877091
3877599
3878254
3884604
3884951
3885219
3886698
3887642
3887723
3887925
3890138
3891628
3892315
3893119
3893887
3893896
3894219
3895645
3896544
3898337
3899251
3902237
3903033
3903176
3904698
3904846
3906273
3907723
3908051
3910383
3911371
3911467
3912079
3912513
3912522
3912865
3913398
3917794
3918277
3918303
3918433
3918653
3918977
3919536
3919768
3919903
3921960
3922678
3923449
3924304
3924315
3926080
3926752
3927168
3927518
3927755
3927910
3928699
3930893
3932130
3934655
3934942
3935104
3936621
3936716
3937718
3938010
3938814
3941324
3941352
3941754
3941959
3941980
3942553
3943902
3946087
3946121
3947169
3947919
3947976
3948050
3948107
3948796
3948798
3949057
3949163
3949386
3949456
3950024
3950297
3951748
3951967
3952026
3953216
3954178
3958647
3960186
3960607
3961276
3961828
3961871
3962273
3963026
3965382
3965605
3966941
3967450
3968164
3968948
3970609
3971818
3973166
3974507
3975726
3976778
3977076
3977669
3979821
3979894
3981083
3981655
3981817
3982052
3982054
3982491
3984751
3984755
3984936
3986242
3987798
3988387
3988722
3989123
3989126
3989438
3990273
3991320
3992061
3992451
3993736
3994132
3995979
3996875
3997480
3998390
3999999
4000658
4001803
4002084
4002451
4003454
4004549
4004742
4005807
4006167
4006393
4007289
4007318
4007720
4007782
4007833
4010169
4010369
4011122
4015532
4016089
4018655
4019046
4020686
