155
268
1634
3302
3304
3474
3660
4809
5876
6053
7632
8068
8097
8351
9777
9883
10251
11242
13227
15044
15576
15812
16020
17066
17132
17382
17436
18564
19963
20295
20377
20871
21141
23350
23513
24176
25203
26478
26640
27105
27351
27820
27955
28815
28921
29351
29511
30431
31308
32280
32299
32368
32435
34595
34965
35800
35825
35998
38924
38986
39525
39531
39878
40439
40709
41146
41628
42206
44544
44666
44728
45474
47286
47600
48769
49245
49479
50258
50791
53112
53240
54079
56296
57612
57734
58746
59883
60151
60874
61018
61475
61683
61959
62020
62059
62412
62850
63638
63802
63933
64307
65073
65512
65848
67631
68917
69484
69980
70006
70530
70902
71078
71735
72068
72932
72948
75174
75574
75911
76014
76655
76913
76980
78302
79212
80502
80528
81236
81633
82112
82454
83053
84357
84989
85598
85894
86537
89002
89909
90030
91523
91535
92207
92379
92393
93178
93399
94340
94857
95836
96643
98211
98313
99212
100010
100133
100733
101826
102140
105686
105879
106343
107039
107140
107263
107498
107697
109235
109622
110088
110991
112612
112754
112898
112915
113356
113535
113909
114189
114823
115573
115597
116204
117200
117230
117833
117926
118314
118400
119290
119821
120483
120971
121034
121268
121283
121509
121699
122191
122525
123378
123628
124225
124960
125115
125185
125730
125824
126038
126153
126480
127093
127590
127625
127862
128098
128207
128746
128769
129914
129985
130674
131182
132021
132481
133129
133495
134420
134542
136147
137285
138570
138619
139149
139175
139435
140133
140631
141569
142382
143513
145924
146350
146649
148422
148672
150699
151070
151769
152150
152574
152927
153009
154185
155318
155767
156245
156842
157237
158766
159563
159603
160084
160288
160734
162142
162219
162810
163376
163478
163871
165042
165957
168285
170377
171205
173413
174068
174278
174313
175958
176113
176661
177689
178823
178925
180152
180492
180670
180820
182891
182991
183978
184017
184296
184579
185045
186420
186563
186726
187732
187836
188611
190256
191178
192457
192653
192786
193043
193667
193927
193955
194086
197755
198410
198904
199696
200525
200601
201783
202849
202995
203089
203909
204252
204330
206091
210279
210514
211246
211926
212125
212201
212347
212723
213041
213751
214242
214310
214884
215750
215775
216690
217757
217907
218211
219167
220525
222676
224465
225100
225966
226720
226956
226964
227123
227708
227935
228340
228619
229276
229526
229556
229804
230241
231528
231768
232040
232142
232334
232924
234914
235331
235553
235612
236406
236834
237030
237480
237999
239949
240197
240263
240506
241479
241852
242718
242765
244177
244178
245485
246972
247481
247529
248111
248293
248620
248688
249285
250016
251035
251103
251657
251680
253015
253275
253638
254391
254660
254752
256060
256742
256982
257817
258324
259302
259533
260510
260578
260676
260845
261316
261664
262334
262646
263740
263909
264748
264881
265288
266250
266383
266551
266555
266564
266688
266819
267027
267106
267262
267505
269198
269611
270821
271848
273222
273866
275179
275416
275431
275491
276159
276296
278841
279569
280089
280299
280524
280741
281035
281365
281486
281820
281876
282554
282899
283148
284631
284689
285106
286369
287350
287746
287914
288260
289446
290064
292151
292370
292642
293494
293690
294514
295655
295770
296008
296410
296684
297423
297733
298356
298392
299079
300355
302790
303209
303364
303685
304267
305211
306133
306654
307672
307988
309314
310084
310682
310777
311089
312044
313466
314244
314442
315353
316969
317265
318026
318351
319233
319833
320383
320400
320787
320972
321836
322402
323300
323643
323980
325056
325503
326012
326649
326674
326683
326954
327254
327630
327807
327896
328447
328625
328679
329228
329550
330750
331151
331508
331785
331949
333658
334247
335048
336361
336443
336517
336688
337170
337340
338022
339509
341008
343586
344180
344367
344848
345381
345630
346158
346812
346957
347021
347104
347160
348806
349323
350724
352865
353798
353841
354840
355603
355831
356367
357353
358560
359995
360150
360151
360277
360592
360674
360935
361031
361245
361982
362265
362615
362648
363019
363155
363373
363384
364823
366167
366642
366729
366807
367160
367324
367474
367693
367759
368267
368636
369576
370363
370790
371936
372394
372437
372507
372532
373387
374078
374119
374563
374811
375197
377024
377394
377932
378316
378723
379236
379508
382819
386252
386414
387449
388768
389131
389908
390307
390566
390621
390668
391139
391982
392161
392257
393393
394375
394661
394959
395121
395430
395745
396074
396412
396682
396980
397045
397650
397948
398088
398614
398749
400021
400486
401390
402136
402865
404439
404466
405280
405431
405530
407903
408600
408721
409027
409273
409502
409688
409757
410393
410552
410722
411145
411375
412164
413712
414033
415432
417056
417749
417863
417877
418012
418687
418720
419940
420391
420555
423111
424652
425251
425670
425723
426522
426578
427853
428033
429765
431323
431437
432333
433102
434956
435257
435408
435656
436085
436258
436318
436929
437033
437882
442438
442866
443356
444294
444493
444591
444744
447018
447249
448271
449179
449464
449791
450068
450338
450800
451856
451898
452667
452942
454223
454798
454823
457797
459570
459660
460101
460115
460322
461398
461782
462536
464756
465458
465698
466053
466190
466503
466919
467369
467490
467605
468594
469380
469952
470992
473185
473715
473870
473912
475191
475507
475628
477100
478487
478634
479527
480517
480991
481004
481088
482181
482643
483314
483731
484415
485275
486115
486781
488482
489315
489544
489999
491110
491448
491476
491680
492144
492432
492892
493307
493763
493961
494331
496623
496676
498122
498338
498600
499654
501230
501844
501942
502580
502765
503053
504154
505166
506054
508096
508969
510404
510463
510480
510545
511033
512104
512393
512970
513211
513481
513597
513648
513826
514421
514450
515328
515533
515645
515723
515766
516594
518287
518388
519061
519484
519959
520356
520613
520745
521928
522323
523088
523677
524570
524948
525171
526784
529310
529691
530070
531500
531536
531766
531827
532072
532800
532970
533447
534321
534427
534433
534814
535035
535561
535966
536116
536384
536740
537212
537310
537421
537679
539519
540507
541943
543606
544551
545647
547109
547141
547374
547737
548090
548136
549138
549466
549567
549966
550130
551217
551459
552197
552311
553298
553440
553471
553907
553951
554353
554363
554377
554726
555086
555910
555952
556157
556336
556354
556721
559964
561853
561898
562855
562945
563189
563297
563731
564487
564907
565121
565371
565751
566318
567315
567399
567857
569475
570750
571139
571233
571631
571794
572044
572988
573479
574697
575797
575886
575958
576715
577079
577152
577166
577201
577322
577980
578472
578746
578872
581129
581214
582022
582057
582252
583451
583905
584335
584980
587246
587322
588396
588691
589659
591718
592002
593812
594313
594706
595579
595631
596424
597390
597690
597834
598060
601177
601228
601372
602250
602343
604279
604683
605421
605621
606510
606845
607437
607794
608100
609333
609336
609747
610724
610807
610932
611208
611479
611993
612052
612179
612886
613652
613806
614117
614447
615737
616659
616914
617899
618474
618521
619212
619701
620860
620896
621277
623581
623720
624945
625007
626570
626784
628149
628334
628596
628891
629445
629649
629714
631094
631402
631503
631903
633202
634085
634683
634815
636270
638623
639010
639081
639119
639397
640070
640177
640276
640344
640530
640636
640687
640825
641091
642074
642161
642271
642890
644951
646752
646784
648990
649749
649946
650487
650539
650579
650674
650737
650872
651689
652257
652919
653545
654560
654797
654990
655825
655911
656748
657792
658831
659678
660416
660820
660869
660895
661043
661226
661368
661828
662212
662323
662810
663797
664530
664933
665154
665358
665530
665898
666105
666337
666628
667237
667391
667417
667504
667937
668772
669977
670096
670610
670735
670949
671018
671910
672169
672334
672891
674496
675034
675059
675157
675234
677867
678787
679000
680441
681953
682277
684666
685260
686295
687381
687430
687486
687819
690389
691056
691927
692406
693417
694957
695326
695371
696335
696451
696966
697269
697978
699168
699533
700196
700417
700616
702681
702921
704450
704879
705469
706181
706832
708021
708988
710156
710761
710833
711517
711790
711933
712102
712343
712395
712860
713047
713847
714111
714278
715240
715459
715486
715988
716839
716940
716956
717608
719215
719301
719375
719869
720019
720340
720790
721433
721447
721455
722380
723366
724757
725088
725598
725670
725975
726029
726499
726778
727251
728238
729184
729246
729416
729862
730376
730490
730778
731156
732660
734006
735485
735546
736027
736169
736697
737341
737547
738019
738276
739114
739136
739193
739432
739677
741499
742215
742494
742528
742610
742882
743038
744393
744609
745991
746121
746229
746257
746295
746587
746809
748108
748407
748723
749883
750238
750654
751238
752209
752292
752316
752835
754810
755534
756004
756327
756590
756981
757723
758236
758618
759757
760887
760988
761330
761563
761937
762338
766063
767275
767670
768548
770320
770679
773170
773658
773740
773760
774291
775972
776368
777835
777937
778203
779990
780003
781005
781550
783357
784378
784522
785392
785836
786492
787207
787571
789693
790669
790763
791765
792060
793537
794144
795938
796104
796647
796988
797492
797688
799890
800131
800458
801960
801992
802194
803126
803492
803694
805072
805492
805802
806006
806161
806270
806326
806534
806950
806995
807430
807929
809049
809304
809354
809388
809694
810838
810964
811138
811573
811706
811796
812547
812856
813025
814350
815976
816358
818458
818475
818587
818755
818952
820346
820428
820648
821762
821984
822861
823213
823258
824681
826914
827615
827737
828343
828810
829769
830002
831186
831504
831889
832367
833042
833312
834071
834662
836921
837231
837766
837846
838857
839482
839498
840365
840954
841013
842206
842399
843553
844619
844739
845127
845876
846601
847184
847731
847757
848501
849339
850946
851062
852773
854089
854530
855823
856615
857178
858363
859334
859408
859905
860843
861939
862072
863188
863508
863964
865305
865535
867646
869895
870063
871369
871844
872611
872878
873057
873626
873674
873889
873936
876101
877160
877804
878007
878320
878559
879248
880573
880874
881013
881897
882580
882654
882702
883060
883101
883129
883435
884242
884298
884589
884849
885845
887420
887592
888232
888351
889695
891316
891465
893577
894073
894125
894581
895220
898184
898277
898817
898826
898918
899429
899681
900055
900605
900811
902403
902867
902908
904045
905039
905433
905728
905733
906517
906849
907219
908138
908203
908213
910017
910282
910657
911233
912145
912940
913278
913485
914101
914242
915421
916798
916996
917031
917210
917891
918282
918678
920137
920294
920803
920948
922291
922403
922476
923230
923354
923574
923928
924109
925437
925634
927399
927682
928628
930902
931083
932093
933553
933782
934105
934785
935514
936528
937414
937531
938150
939697
940840
941282
941865
942182
943391
943440
943827
944292
944884
945628
946959
947630
949330
949590
949740
949885
950256
950524
951014
951625
953561
955181
955595
955761
956249
956782
957182
957204
957296
957329
958758
959615
961251
961726
962079
962209
962681
962985
963082
964084
965208
966352
967400
968271
969065
972150
972458
973042
974944
975145
976059
976916
977209
977548
978777
978814
978983
980496
981311
982064
982727
982729
983626
984932
985533
986063
986629
986665
986926
987146
987225
987226
987387
987465
987615
988118
988633
988941
989972
990104
990199
990276
990484
990541
990890
991107
991249
992812
992875
993129
994372
994593
996991
997169
997528
997627
998015
998276
998523
999002
999307
1000765
1001175
1002224
1002473
1002809
1003803
1004203
1004939
1005073
1005397
1005658
1005665
1007786
1008542
1009030
1009043
1010141
1011047
1011130
1011636
1011844
1012075
1013037
1013923
1014449
1015121
1015259
1016270
1016317
1016684
1018955
1019745
1020714
1021110
1022848
1024197
1024946
1025227
1025358
1025651
1026018
1026257
1028275
1028631
1028748
1028862
1029194
1029648
1031163
1031993
1033215
1034642
1034870
1035473
1035564
1035833
1037110
1037638
1037870
1038671
1039127
1039271
1039822
1041183
1041319
1041687
1041802
1042808
1043279
1043537
1043656
1044468
1045076
1045088
1045435
1045504
1046205
1046891
1047444
1047493
1049305
1049473
1052529
1052844
1054159
1054953
1055768
1057325
1058641
1059917
1061165
1062586
1062705
1063320
1063418
1064928
1065326
1065792
1066311
1066729
1066878
1066900
1067024
1067746
1067848
1067888
1067973
1068693
1068722
1068728
1071251
1072134
1072185
1072555
1073099
1073232
1074127
1074191
1074610
1074678
1075080
1075316
1075331
1076756
1076810
1077595
1077881
1077937
1078742
1079176
1080462
1080558
1080569
1080848
1082606
1083743
1083841
1084377
1084611
1084732
1084785
1084975
1085521
1085660
1085809
1086530
1086774
1088777
1088953
1089997
1090274
1090448
1090666
1091029
1091489
1092727
1092730
1092763
1092774
1094518
1094653
1095237
1096269
1096381
1096511
1096587
1097179
1097798
1097847
1098304
1098528
1100251
1100352
1101950
1102085
1102122
1103155
1103328
1103727
1103776
1104621
1105960
1105970
1106350
1106836
1108164
1108405
1108805
1109025
1109488
1110130
1110365
1110723
1111047
1111219
1111347
1112261
1112514
1112828
1113257
1114148
1114502
1114939
1115114
1116107
1117514
1117629
1119870
1120954
1122884
1123427
1124761
1125163
1125179
1125503
1126097
1127195
1127671
1128410
1128512
1129510
1129551
1130253
1130873
1131241
1131623
1131745
1133600
1135864
1136827
1136866
1139012
1139132
1139764
1139797
1139986
1140853
1141105
1141129
1142580
1143117
1143523
1144246
1144621
1144753
1145757
1147919
1148310
1148343
1148495
1148713
1148990
1149031
1149647
1150669
1150903
1151107
1151178
1151258
1151470
1151879
1152049
1152360
1154165
1154344
1154374
1156178
1156183
1156575
1157081
1157152
1157784
1158643
1160662
1161702
1163495
1163937
1164900
1165225
1165773
1165976
1165999
1168637
1168979
1169027
1169223
1169339
1170307
1171187
1171322
1171350
1171590
1172779
1174352
1174924
1175185
1175742
1177047
1177229
1177416
1179273
1179560
1179954
1180235
1180408
1180528
1180582
1181501
1181900
1182155
1182958
1183060
1183625
1183726
1184165
1184180
1186403
1186633
1186939
1187493
1187515
1187987
1187995
1188818
1189191
1190271
1190600
1190761
1191004
1191815
1193552
1193662
1194547
1195038
1195756
1195879
1196121
1197099
1197354
1197704
1199268
1199437
1200237
1201216
1201675
1201730
1201936
1202006
1202591
1203357
1203859
1204436
1206322
1207281
1207765
1208303
1208313
1209097
1209117
1209299
1209764
1210367
1210386
1210595
1210793
1212763
1213157
1213310
1213659
1216947
1217129
1217178
1217266
1217458
1217833
1218905
1219655
1219813
1220059
1220241
1221551
1221665
1222344
1222357
1222440
1222818
1223354
1223544
1223632
1223715
1223930
1224035
1224807
1224821
1225417
1226997
1227097
1228295
1228365
1229816
1230096
1230787
1231120
1231218
1232920
1234697
1234994
1235331
1235579
1236158
1236780
1237232
1237241
1237347
1238312
1238429
1238565
1239000
1239139
1240847
1241412
1241812
1241944
1244425
1245296
1245827
1246909
1247171
1247325
1247326
1247605
1248295
1248351
1248960
1250768
1250837
1250945
1251091
1251128
1251575
1251949
1251964
1252374
1252649
1252945
1253025
1253318
1254484
1255222
1255957
1256487
1257162
1257802
1257842
1258357
1258832
1259322
1259354
1259660
1259811
1260985
1261799
1262122
1262871
1263386
1263857
1263982
1264939
1265413
1265928
1266162
1266417
1266676
1269425
1270070
1270339
1271176
1271183
1271614
1272449
1272971
1273645
1273668
1273877
1273903
1274295
1274769
1275296
1276692
1276950
1276958
1277171
1277711
1277806
1277971
1278352
1278734
1280145
1280489
1280502
1280641
1280828
1281559
1282411
1282450
1284079
1284241
1285871
1286998
1287464
1287960
1289703
1290030
1290290
1290869
1291014
1291164
1291167
1291246
1292408
1294069
1295128
1296156
1297007
1298092
1298769
1300582
1301081
1301362
1301641
1301923
1302359
1302638
1302705
1302740
1302927
1303096
1303760
1303986
1304017
1304159
1305826
1305880
1306110
1307237
1307489
1308359
1309385
1311362
1311971
1312126
1312430
1312663
1313140
1314069
1315417
1315959
1316047
1317216
1319477
1319908
1320100
1320278
1320882
1321010
1321292
1321518
1321662
1321695
1322436
1322575
1322576
1322656
1323281
1325104
1326285
1327174
1327475
1327813
1328048
1328298
1332510
1332638
1333471
1333994
1334544
1334904
1334923
1335073
1335284
1336517
1338431
1341616
1341749
1341783
1341993
1342841
1345182
1345473
1345730
1346063
1346711
1347029
1347455
1348041
1348355
1348608
1349101
1350315
1350433
1350523
1351464
1351763
1352702
1352721
1352761
1353534
1353611
1355531
1356257
1356452
1357612
1358492
1359159
1359338
1360398
1361217
1362115
1362193
1366607
1366759
1366841
1366944
1367179
1367197
1367630
1368176
1368494
1368586
1368858
1369607
1371520
1371661
1371850
1372628
1373385
1373663
1375018
1377395
1377468
1377565
1377600
1377954
1378026
1378278
1378538
1379821
1379869
1379969
1380369
1380836
1380945
1381558
1381844
1382154
1382160
1382504
1383587
1383830
1384248
1384816
1385357
1385960
1386327
1393718
1394510
1395967
1399354
1399560
1400771
1400927
1401082
1401203
1401214
1401381
1401494
1401547
1401787
1402157
1402563
1402691
1403308
1403648
1403742
1404074
1405042
1406058
1406722
1407017
1407545
1408068
1408362
1409315
1410086
1411796
1412755
1413245
1413432
1413883
1415052
1417313
1419155
1419339
1419503
1419947
1420462
1421890
1422441
1423218
1424037
1425536
1425552
1425582
1426649
1427745
1427810
1428345
1428960
1429060
1430296
1431203
1431837
1432141
1432767
1432836
1433169
1433827
1433977
1434203
1434480
1434662
1435074
1436015
1436423
1436504
1436769
1436995
1437756
1438890
1438944
1439351
1439387
1441069
1441676
1443484
1443736
1444116
1446284
1447472
1448011
1448177
1448710
1450609
1450865
1451074
1452772
1453295
1454000
1454031
1454177
1454431
1455411
1456608
1458042
1458061
1458745
1458909
1459068
1459385
1462003
1462234
1462860
1463509
1463891
1463978
1464139
1464193
1464685
1464888
1465368
1465603
1466108
1466206
1466819
1467053
1467614
1467725
1468087
1469252
1469280
1470369
1470444
1470758
1472649
1473121
1473264
1473624
1473824
1474821
1474891
1475029
1475156
1475341
1476318
1476447
1476577
1477040
1479609
1480269
1480641
1480966
1481803
1482037
1482660
1483455
1483955
1484290
1485081
1485203
1485409
1485567
1485750
1486095
1486338
1486544
1487892
1488706
1489057
1489953
1490726
1491012
1491113
1491196
1492474
1492909
1493146
1493331
1493804
1494174
1494238
1495026
1495263
1495329
1495437
1495551
1496067
1497032
1497433
1497791
1498349
1498448
1498858
1501202
1501210
1502003
1502078
1502442
1502639
1503013
1503121
1503567
1503925
1504301
1505202
1505313
1507146
1507801
1509742
1509883
1510550
1510699
1510960
1511245
1511821
1511964
1512317
1512451
1513064
1513691
1514734
1516041
1516051
1517282
1517613
1517775
1517782
1517837
1518369
1519298
1519487
1519667
1520634
1521569
1521707
1521840
1521847
1522496
1525073
1525226
1525645
1526055
1526841
1527157
1528652
1528816
1529119
1529192
1530377
1530540
1530774
1530857
1530966
1531310
1533330
1534149
1534308
1534924
1535663
1535783
1535981
1536608
1537925
1538863
1539551
1539958
1540821
1541354
1542926
1543580
1544217
1544621
1544911
1545057
1545305
1546280
1546461
1546598
1546772
1547432
1548201
1548489
1548505
1549001
1549655
1549748
1549768
1550246
1552780
1553326
1553694
1554030
1554517
1555031
1556086
1556877
1557559
1557892
1558098
1558500
1559724
1560187
1560370
1560971
1561331
1562625
1563795
1563811
1563994
1565619
1565759
1566144
1566500
1567125
1567184
1568698
1568731
1570408
1570973
1571021
1571232
1571276
1571674
1572713
1572815
1574074
1574206
1575063
1575319
1575986
1577683
1577834
1577899
1578551
1578696
1579759
1580337
1580615
1583254
1583541
1583734
1584648
1584856
1584971
1587059
1587478
1588688
1589631
1590334
1590835
1591031
1592780
1592783
1593757
1593886
1593979
1594346
1594791
1594973
1596030
1596235
1596841
1597204
1597871
1598394
1600194
1600265
1601346
1601797
1602483
1603940
1604583
1605068
1605197
1605637
1605942
1606067
1606190
1608294
1608607
1608658
1609408
1609626
1610852
1610904
1611385
1611444
1611846
1612172
1612347
1613594
1613807
1614062
1614364
1615023
1615215
1615305
1615709
1617292
1617604
1617982
1618593
1618777
1619187
1619386
1619654
1619790
1620246
1621135
1621642
1621659
1622167
1623176
1623784
1624590
1625412
1627164
1627268
1627764
1628869
1629942
1630105
1630143
1630630
1630986
1631135
1631430
1631520
1631732
1631879
1632415
1632540
1633500
1634468
1634690
1635469
1636503
1636997
1639279
1639396
1641144
1641239
1641281
1643033
1644828
1645806
1647438
1647587
1648278
1648909
1650210
1650288
1651296
1651419
1651620
1652292
1652293
1652488
1652774
1653835
1654675
1654893
1655138
1656951
1657368
1657738
1658373
1658532
1659101
1659427
1660383
1661354
1661764
1664379
1664638
1664698
1665356
1665514
1666720
1667168
1667267
1667406
1667931
1668223
1669002
1669388
1670505
1670710
1671352
1672561
1672811
1673197
1674086
1674331
1674602
1674682
1675331
1675953
1676576
1678236
1678663
1680372
1681196
1681471
1681612
1681897
1682430
1682511
1682994
1683963
1684200
1685023
1685339
1685891
1686545
1686684
1687625
1689337
1689714
1689881
1689892
1691219
1691253
1692730
1693515
1694163
1694541
1695089
1695802
1696940
1697355
1698098
1698172
1698815
1698837
1698952
1699318
1700230
1700968
1702277
1702818
1702872
1704281
1704659
1705291
1705482
1706491
1710316
1710487
1710672
1710743
1711041
1712231
1712438
1713681
1714007
1714244
1715764
1717737
1718436
1718603
1719519
1720432
1720650
1720869
1721223
1721239
1721453
1722645
1722960
1723119
1724152
1724253
1724714
1724740
1725379
1727534
1727548
1727587
1727867
1727934
1728099
1728189
1729681
1729799
1730501
1731623
1732222
1734178
1734737
1735101
1735329
1736904
1737304
1739254
1739277
1739625
1739659
1740111
1740665
1740737
1740812
1741166
1742815
1743423
1743444
1744568
1744828
1745408
1746164
1746550
1746724
1747226
1747273
1747362
1747672
1748096
1749751
1749909
1750531
1750587
1750735
1750756
1750824
1752660
1752927
1754184
1754658
1754697
1755214
1755466
1755586
1756379
1757279
1758198
1758251
1758648
1761046
1761161
1761814
1761820
1762335
1763182
1764000
1764086
1764904
1765074
1765807
1765983
1766126
1766460
1766478
1766898
1767124
1767347
1767598
1767689
1767770
1768111
1768192
1769766
1770343
1770576
1770743
1771233
1771459
1772847
1773063
1773544
1773838
1774827
1775184
1775185
1776041
1776198
1777432
1777797
1777860
1778163
1778872
1778986
1779759
1780365
1780580
1781131
1781774
1782256
1782700
1782975
1783411
1784279
1784500
1785805
1786204
1786327
1786666
1787883
1789847
1792437
1794607
1795622
1795809
1797090
1797174
1797622
1798681
1800449
1800459
1802174
1802947
1803595
1804399
1804455
1804477
1805059
1805960
1806825
1808118
1808234
1808734
1809374
1810904
1810950
1810956
1811767
1813065
1813815
1814287
1815651
1816330
1816459
1817439
1818172
1818611
1818721
1820220
1820303
1821387
1822286
1822719
1824203
1824365
1824889
1826609
1827464
1828723
1831716
1831820
1833014
1833445
1833495
1833596
1835575
1835747
1835847
1836037
1836660
1837399
1837578
1837654
1839054
1839238
1839716
1839870
1840034
1840645
1840954
1841530
1842100
1842522
1843178
1843713
1845230
1845560
1845752
1846033
1846595
1846814
1846902
1848164
1848266
1848582
1849646
1849854
1849872
1849968
1850068
1850474
1850486
1850523
1851000
1851517
1851971
1852030
1853870
1856501
1856939
1857087
1857206
1857575
1859159
1859278
1859571
1860085
1860702
1861559
1861822
1862123
1862176
1862310
1862567
1863916
1864713
1864880
1865100
1865436
1865680
1865769
1866639
1868214
1868858
1869568
1869946
1871565
1871888
1872405
1872826
1872829
1873135
1873260
1873275
1873478
1873848
1874174
1874404
1875052
1875313
1875856
1875885
1875959
1876025
1877422
1877691
1878421
1878633
1878898
1879088
1879247
1879424
1879657
1881448
1882631
1882851
1882858
1883108
1883447
1883912
1884074
1884515
1885266
1886193
1886534
1887058
1887835
1888988
1889058
1889496
1890734
1891675
1891701
1892173
1892978
1893001
1893245
1895675
1896512
1899408
1899776
1899938
1900364
1901213
1901403
1901782
1902086
1903009
1903200
1903260
1904194
1905875
1906817
1908601
1908621
1909140
1909260
1909298
1909363
1909467
1909573
1909968
1910193
1911254
1912162
1913607
1913719
1913906
1914692
1916447
1916810
1917728
1918658
1918730
1919361
1919705
1919751
1920043
1920616
1920869
1920959
1921338
1922053
1923067
1923103
1923162
1923939
1924198
1924659
1925160
1925887
1926341
1926549
1926741
1927261
1927300
1927417
1927738
1928118
1928795
1929910
1930843
1931373
1932339
1932484
1932848
1933035
1933330
1933577
1934358
1934749
1934830
1936769
1937914
1938181
1939082
1939222
1940011
1940109
1940269
1941857
1942492
1943446
1944635
1945301
1945935
1946008
1946706
1947161
1947229
1947757
1947983
1949087
1949459
1949837
1951088
1951233
1951377
1951889
1953190
1953927
1953996
1954184
1954496
1954726
1954877
1955219
1955531
1955819
1956189
1956545
1957257
1957296
1958134
1958717
1959621
1960062
1960337
1960357
1960736
1961141
1961842
1962230
1962565
1963195
1964263
1969403
1970280
1970751
1971083
1971772
1972645
1973792
1973847
1974028
1974923
1975978
1976023
1976116
1976425
1976859
1978046
1978247
1979995
1982037
1985194
1985333
1985916
1987433
1987628
1989187
1989572
1989752
1989950
1990010
1990290
1990688
1991007
1992637
1994033
1994398
1994818
1994832
1994865
1996046
1996308
1996565
1997209
1997604
1997853
1997888
1999149
1999358
1999816
2000010
2000229
2000416
2001955
2002502
2002867
2003387
2003618
2003631
2003722
2003830
2005030
2005205
2007211
2007246
2008227
2008761
2009362
2009632
2009967
2010026
2010195
2010577
2010638
2010665
2011348
2012261
2012932
2013011
2013135
2014462
2015130
2015521
2016651
2017618
2019298
2020093
2020627
2020971
2022304
2023275
2023625
2024674
2025628
2026201
2026820
2027481
2028121
2028299
2028809
2028914
2029740
2029902
2030760
2031071
2031830
2031965
2032001
2032059
2032196
2032698
2032782
2032832
2033282
2034255
2034267
2035020
2035214
2035529
2035621
2037451
2037986
2038026
2038208
2038708
2039279
2040052
2040478
2040938
2040960
2043475
2043734
2043834
2044231
2044998
2045343
2045489
2046197
2046340
2046517
2047892
2048005
2049103
2049172
2049446
2050298
2050509
2050895
2052195
2052240
2052512
2052660
2053840
2054051
2054411
2055125
2055892
2055908
2057427
2057809
2058813
2059493
2060447
2060595
2062568
2062731
2062987
2063872
2064296
2065086
2065293
2065380
2065853
2066020
2066947
2067683
2068610
2068644
2068952
2070084
2070344
2070886
2070908
2071087
2071155
2072197
2072750
2075072
2075078
2075385
2075578
2075651
2076088
2076204
2076409
2076808
2077292
2077454
2080817
2080955
2081167
2081415
2081715
2081904
2082281
2083413
2084194
2084259
2084954
2085229
2086316
2086418
2086485
2087367
2089054
2090757
2091395
2091926
2091995
2093018
2094784
2094912
2095685
2096830
2097623
2098185
2098541
2099184
2099502
2099956
2101272
2101399
2101675
2102108
2103881
2103915
2104541
2105825
2106464
2106562
2106840
2107956
2108101
2108205
2108852
2109579
2109784
2109971
2111793
2111980
2112711
2113045
2113063
2113306
2113878
2114082
2114802
2115000
2115236
2115639
2117341
2118698
2118802
2118962
2119176
2119866
2120071
2120342
2120836
2121013
2121150
2122309
2123357
2123467
2123889
2124205
2125251
2125398
2125458
2126083
2126100
2126341
2126401
2126821
2127748
2128446
2128781
2128866
2129123
2129161
2129507
2129610
2130078
2130831
2131284
2132153
2133028
2133046
2134538
2134843
2135110
2135963
2136625
2136644
2137055
2137380
2137397
2137660
2137949
2138250
2141233
2141962
2142517
2142536
2143632
2143899
2144968
2147157
2147299
2147428
2148007
2148340
2148695
2150137
2150166
2150290
2150461
2150642
2151233
2151272
2151640
2151642
2152866
2153085
2153807
2154426
2154971
2155675
2155831
2155850
2156318
2157020
2158276
2158891
2159836
2159858
2160844
2161055
2161215
2161282
2162871
2163151
2163384
2163512
2163586
2164208
2165236
2165304
2165410
2166265
2166893
2167058
2167986
2168260
2168287
2168373
2169234
2169475
2169543
2169723
2172235
2173518
2173766
2174919
2175103
2178009
2178937
2179078
2179350
2180758
2180943
2181041
2181753
2182176
2182558
2182746
2183097
2183234
2183495
2185884
2186897
2187581
2187916
2189318
2189432
2189553
2189554
2190545
2191670
2191991
2192003
2192622
2193181
2193356
2194251
2194429
2196331
2197033
2197561
2197954
2198711
2199048
2201165
2201349
2202265
2202531
2202739
2203139
2203151
2203397
2205697
2205741
2205768
2205827
2206336
2206983
2207093
2208760
2208887
2209625
2209791
2209941
2210788
2210861
2212308
2213012
2213161
2214182
2214794
2215198
2215455
2215641
2216489
2216773
2217169
2217665
2219033
2219856
2220016
2220607
2221158
2221516
2221718
2222584
2222806
2223925
2224433
2224449
2224599
2224607
2225178
2225180
2225988
2227431
2228300
2228554
2229778
2229940
2230116
2230596
2231186
2231375
2232109
2232523
2232701
2232776
2234916
2235064
2237060
2237819
2237993
2238450
2239450
2239710
2240859
2241856
2245300
2245701
2246408
2247446
2248037
2248061
2248984
2249013
2249479
2249737
2249985
2250547
2250838
2251492
2252361
2252796
2253185
2253791
2255882
2256241
2256307
2256432
2256540
2256542
2256756
2256977
2257128
2257158
2258014
2258294
2258365
2258453
2258930
2259488
2260386
2260545
2260734
2261209
2261662
2261762
2261785
2261801
2262120
2262963
2263706
2264138
2265080
2265762
2267742
2267978
2268269
2268374
2268560
2268608
2269390
2269396
2269703
2270524
2270882
2271634
2271779
2271797
2272995
2273754
2274474
2275039
2275115
2276696
2276889
2277773
2278367
2279154
2279838
2279915
2280554
2282665
2283029
2283591
2283904
2285715
2286193
2286742
2286751
2286866
2289240
2291842
2292454
2293298
2294137
2294523
2294932
2295149
2295414
2295542
2295854
2296242
2297808
2299095
2299529
2300032
2300200
2300616
2301617
2302416
2305333
2305832
2306504
2307886
2308498
2308981
2309688
2310037
2310148
2310580
2311919
2312251
2314870
2315200
2316142
2317070
2317108
2317160
2317417
2317615
2317777
2318343
2318415
2318783
2319580
2320127
2320919
2321603
2321745
2321799
2322191
2322370
2322792
2323972
2325884
2326524
2326814
2327097
2327588
2327958
2328160
2328529
2328962
2329035
2329081
2329896
2331100
2333355
2333836
2333840
2334280
2334552
2334591
2335504
2335613
2335761
2336032
2336590
2336790
2336808
2336982
2337078
2337622
2339570
2339810
2339910
2340844
2341207
2341269
2341353
2343348
2343902
2344383
2344707
2345096
2345381
2345568
2346254
2346440
2347991
2348028
2348333
2348665
2350273
2350505
2350824
2350883
2351153
2351457
2353254
2353495
2354243
2354845
2354941
2355899
2357941
2358878
2358942
2360872
2361269
2361468
2362506
2363382
2363530
2365015
2365372
2365388
2365578
2365693
2366410
2368236
2368926
2369091
2369372
2369486
2369908
2370208
2371201
2372067
2372175
2372301
2374038
2374850
2374921
2375033
2375240
2375441
2375507
2375699
2376321
2377637
2378680
2379503
2380486
2380607
2380780
2380856
2381068
2382545
2383061
2383118
2385382
2386674
2387001
2388015
2388811
2389646
2390389
2391238
2391414
2391815
2391841
2392060
2392266
2394587
2395157
2395388
2395992
2397328
2397491
2398695
2399044
2399148
2400124
2400197
2400393
2400579
2400817
2401220
2402628
2403522
2403782
2403986
2404122
2404157
2405672
2405730
2407308
2407548
2408737
2408869
2409073
2409836
2410181
2410393
2410615
2411606
2412053
2412387
2414063
2414217
2415647
2416227
2416884
2417459
2417494
2422185
2422725
2423486
2423628
2423759
2424088
2424439
2425964
2426082
2428557
2428702
2430649
2430655
2430962
2431009
2431832
2432057
2432892
2432921
2433490
2433897
2433935
2434611
2435110
2435410
2436564
2436768
2437358
2437604
2438464
2440151
2440531
2441621
2442784
2443034
2443218
2443315
2444630
2445180
2445348
2446496
2446701
2446724
2447227
2447907
2448498
2449183
2450041
2450586
2450921
2452007
2452164
2452174
2452775
2452826
2454003
2455480
2455807
2456011
2456072
2456324
2456567
2456999
2457722
2457744
2457801
2458010
2458617
2458792
2459013
2459247
2459741
2460441
2460493
2460713
2460714
2461076
2462093
2462262
2462787
2463903
2464214
2465172
2465388
2466247
2467700
2468144
2468812
2470102
2470172
2470626
2471300
2471303
2471930
2472448
2472502
2473188
2475537
2475704
2476567
2476974
2477093
2477203
2477313
2477693
2478991
2479275
2479550
2481240
2482594
2483450
2483675
2485206
2485209
2485605
2486123
2486920
2488686
2488720
2488761
2488887
2490480
2492031
2492960
2493086
2494770
2494899
2495108
2495566
2495819
2497500
2498313
2498347
2498502
2499461
2499572
2500190
2500262
2500523
2501808
2502092
2504092
2505634
2505796
2506556
2507825
2507864
2508254
2508647
2508713
2511299
2511694
2513475
2514668
2514762
2515154
2515857
2517034
2519692
2520006
2520123
2521188
2521208
2521236
2521972
2522092
2522722
2523365
2523373
2523425
2523679
2524393
2524677
2527262
2527573
2527772
2527928
2529173
2530965
2531438
2533177
2533422
2533442
2533856
2534196
2535764
2536736
2536912
2537857
2538341
2538748
2539531
2540163
2540512
2542927
2543023
2543059
2543222
2543477
2544297
2544384
2545285
2545453
2547254
2547486
2549088
2550248
2550718
2552335
2552479
2553062
2553563
2554058
2554243
2554400
2556529
2556881
2557530
2559480
2560363
2560921
2561057
2561903
2562057
2563649
2564803
2565000
2565396
2565545
2566025
2566260
2566349
2566790
2567068
2567359
2567403
2567490
2567709
2568200
2568648
2568728
2569152
2569406
2569545
2569566
2569719
2570551
2570749
2570889
2571209
2571637
2572798
2573846
2573961
2574327
2575157
2575685
2575944
2576022
2576301
2576319
2578959
2579655
2581907
2583257
2583824
2584885
2585699
2585750
2586395
2587911
2587925
2590255
2590269
2590764
2591166
2591654
2592055
2592142
2592909
2593886
2594310
2594324
2595306
2595334
2596094
2597082
2597596
2597861
2598213
2598280
2598714
2599890
2600082
2600106
2600726
2601338
2601345
2601429
2601736
2601961
2602190
2602299
2602430
2603437
2605274
2606323
2606330
2606741
2608329
2609267
2609898
2610272
2610972
2611950
2612044
2612255
2613763
2614348
2615012
2616081
2616098
2617795
2618643
2618743
2619212
2620518
2620950
2621464
2622042
2622563
2622916
2622920
2623798
2624357
2625602
2625614
2625798
2626150
2626226
2626609
2627093
2627100
2627765
2629190
2629755
2630130
2631329
2631990
2632079
2632237
2632250
2632268
2634213
2636591
2636708
2636782
2637188
2637259
2637986
2638335
2639322
2639911
2640034
2640059
2640107
2641155
2641187
2641809
2641816
2642034
2642737
2642842
2644079
2644328
2644378
2644499
2644958
2645648
2646944
2647027
2647163
2647183
2648032
2648515
2648557
2648742
2648873
2650042
2650341
2650444
2651097
2651449
2651491
2651904
2651910
2654702
2654967
2655158
2655239
2655306
2655672
2658978
2661562
2661649
2662306
2662400
2663226
2664223
2664881
2664899
2664915
2665140
2665529
2666869
2667930
2669070
2669733
2670222
2671994
2672890
2673406
2673689
2673807
2675269
2676207
2677524
2677806
2678059
2678281
2678821
2680474
2680961
2682175
2682652
2684468
2684518
2684598
2686240
2686987
2687370
2688411
2689809
2690011
2690167
2690339
2690497
2691298
2691713
2692718
2693001
2694288
2695498
2697470
2698437
2699662
2700560
2701246
2701740
2702156
2702779
2703742
2704397
2704771
2704796
2705052
2705227
2705291
2706090
2706156
2707233
2707330
2708005
2708549
2709373
2709853
2710778
2711294
2711376
2711595
2712819
2713820
2714033
2714204
2714287
2714773
2714814
2715375
2715498
2716035
2716609
2716834
2718420
2718505
2718829
2718944
2719604
2721804
2722178
2722911
2723788
2725198
2725221
2725409
2725442
2725544
2726218
2727047
2727622
2727876
2728625
2729266
2729425
2729967
2731687
2731847
2732169
2732893
2732935
2733658
2734748
2735138
2735181
2735636
2739139
2739197
2739215
2741720
2742068
2742217
2742325
2744765
2745853
2745870
2745903
2746534
2746793
2748085
2748765
2750365
2750430
2750461
2750833
2751325
2751754
2751781
2752772
2754801
2755515
2757043
2757101
2757320
2757525
2757632
2758437
2759346
2759557
2759568
2759898
2760102
2761377
2761472
2761596
2761806
2762772
2763767
2764093
2765526
2765755
2766394
2766440
2766879
2766919
2767578
2768287
2769368
2769401
2770453
2773101
2773488
2774334
2774565
2774956
2775359
2775459
2776344
2776510
2776812
2777893
2778098
2778211
2778413
2779497
2780083
2781195
2781939
2782081
2782211
2783081
2783116
2783624
2783849
2784239
2784284
2785030
2785460
2785814
2786981
2787371
2787670
2787679
2787916
2789277
2790068
2790480
2790938
2792332
2792521
2793440
2796849
2797229
2797641
2798394
2798615
2799304
2799649
2799756
2802370
2802765
2803760
2804405
2805615
2806249
2806553
2806576
2806651
2808033
2810756
2810796
2810810
2811708
2811780
2813716
2814056
2814388
2814726
2815827
2816648
2816753
2817248
2817718
2817930
2818456
2818726
2818979
2819525
2820777
2820821
2821329
2821938
2823465
2823824
2824231
2824601
2825553
2826213
2827565
2827605
2828215
2829028
2830665
2831145
2831657
2832188
2832522
2833320
2833440
2834990
2835989
2836537
2838456
2838883
2839372
2840582
2841387
2842640
2842650
2842975
2843222
2843310
2843864
2844230
2844969
2845566
2845735
2845996
2846183
2846574
2847367
2847463
2847941
2848367
2848729
2849816
2850265
2850932
2852022
2852315
2852812
2853108
2855280
2855505
2856265
2856303
2856382
2862189
2862268
2862416
2864296
2865525
2866097
2866230
2868149
2868864
2869415
2870495
2870577
2871046
2872709
2873813
2876015
2876146
2876587
2876928
2876996
2877744
2879309
2879725
2880023
2881934
2882203
2882280
2882853
2883152
2883464
2883551
2884231
2884353
2884795
2885940
2885952
2887118
2887255
2887362
2887393
2887580
2887997
2888534
2891915
2892314
2892954
2893244
2893717
2894391
2894552
2895267
2896033
2896906
2896920
2897225
2897577
2897847
2898278
2899120
2899886
2900554
2900661
2900691
2900782
2902203
2903536
2903700
2904015
2905001
2905303
2906671
2906705
2907104
2907431
2910247
2910351
2911547
2911781
2911906
2912274
2912383
2912441
2912988
2913335
2914352
2917085
2917508
2917731
2917747
2918205
2918470
2918546
2918855
2919244
2920853
2921000
2921146
2921660
2921921
2922354
2923071
2923587
2923843
2925058
2925252
2925348
2927429
2927986
2929486
2929542
2930104
2930957
2931041
2931681
2932063
2932888
2933400
2933758
2934781
2935289
2935783
2936697
2937331
2937382
2937708
2938744
2939441
2939608
2939996
2940043
2940813
2940880
2940915
2940988
2941434
2942370
2944017
2944788
2945033
2945207
2945808
2945913
2946047
2946401
2946760
2947022
2947353
2948033
2948615
2948668
2948691
2948817
2948879
2949685
2950044
2950786
2950912
2951262
2952166
2953669
2955067
2955893
2957728
2957825
2958252
2958403
2958989
2959292
2959484
2960093
2960741
2961523
2962104
2962568
2963843
2964155
2964263
2964663
2965540
2966156
2966382
2966904
2966947
2967004
2968883
2969378
2969441
2970873
2971057
2971353
2971589
2973404
2973674
2973858
2973985
2974553
2975224
2975251
2975314
2975411
2976212
2977086
2977746
2978010
2979290
2979409
2979547
2979674
2980419
2980784
2980798
2981901
2983759
2984112
2985081
2986825
2987845
2990057
2990435
2990960
2994017
2994207
2994423
2994632
2994682
2994704
2994840
2995524
2997402
2997507
2997587
3000611
3001003
3001852
3002129
3003023
3003783
3003850
3004767
3005460
3006707
3006747
3006965
3007047
3007294
3007345
3007736
3008356
3009644
3010284
3010819
3011019
3011872
3012702
3014970
3015319
3015679
3015763
3015844
3016147
3016407
3016997
3017401
3017456
3017501
3018220
3020546
3020723
3021010
3022552
3023136
3024086
3024163
3024852
3024922
3025415
3025762
3026627
3027648
3027762
3027983
3028127
3031375
3031806
3032832
3033340
3033439
3033609
3034789
3034860
3034972
3035095
3035423
3035930
3036250
3037820
3038318
3039041
3039277
3039734
3040797
3040975
3041474
3041944
3042729
3043355
3044221
3044711
3045397
3046132
3046163
3046427
3047545
3049031
3050280
3050833
3052975
3056563
3057089
3057363
3058951
3059154
3059834
3060502
3061912
3062667
3064249
3064808
3065346
3065516
3066067
3066427
3067713
3068947
3069262
3070226
3072787
3073034
3073549
3073945
3075053
3075592
3075639
3075856
3076092
3079041
3080132
3081314
3081702
3083537
3084474
3084533
3085276
3085622
3085637
3085813
3086275
3086407
3086798
3087117
3088039
3089185
3089640
3090151
3090481
3090731
3091630
3091947
3092253
3092313
3092384
3093238
3093625
3095117
3096076
3096084
3096410
3096471
3098586
3098706
3099398
3099579
3100190
3100499
3100608
3100918
3101186
3103236
3103560
3103587
3103810
3104119
3104407
3104437
3104811
3105592
3105747
3105750
3105837
3106558
3107048
3107459
3108236
3109644
3110477
3110537
3111500
3111649
3112839
3113030
3114545
3114673
3114959
3115377
3115649
3115951
3116022
3116270
3116441
3117328
3117451
3118480
3119159
3119769
3120176
3120546
3120563
3120812
3121197
3121838
3121884
3123498
3123967
3124262
3124277
3124473
3125140
3125843
3125988
3126061
3127031
3128814
3128948
3129329
3129413
3129689
3130915
3131590
3131607
3132434
3133482
3133825
3134015
3134113
3134392
3134465
3134834
3134945
3135048
3135158
3135192
3135721
3136194
3136275
3136425
3136709
3137226
3137727
3137877
3138552
3138625
3139527
3139831
3139928
3139969
3140145
3140568
3140730
3140735
3141341
3142288
3142377
3142621
3143877
3143980
3144114
3145827
3146239
3146618
3148432
3149814
3150478
3150738
3152827
3153511
3153883
3154942
3157022
3157100
3157209
3158409
3158630
3158953
3159957
3160304
3160615
3161011
3161433
3161587
3161991
3162098
3162254
3162574
3165735
3165877
3167159
3167877
3168297
3169429
3169769
3170443
3171021
3171025
3171537
3172098
3172332
3172926
3173496
3173788
3174834
3174936
3174976
3175077
3175129
3175134
3175738
3176015
3176022
3177070
3177677
3177746
3178750
3178964
3179094
3179632
3180947
3181041
3181178
3182662
3182942
3182999
3183185
3184253
3185953
3187619
3187827
3190261
3191266
3191689
3192902
3194555
3195781
3196188
3196581
3197576
3197769
3197835
3198844
3199168
3199978
3200288
3200336
3200457
3201612
3201741
3202145
3204262
3205140
3205386
3205488
3205811
3207065
3208147
3208874
3210485
3211198
3211204
3211495
3211830
3211937
3212086
3212409
3212535
3213471
3214519
3215433
3216258
3217252
3217457
3218270
3218333
3218627
3218852
3219536
3219871
3219872
3220627
3221577
3221703
3222008
3222552
3223159
3224012
3224029
3224924
3225905
3226007
3226419
3228042
3228430
3229419
3229596
3229929
3230821
3231378
3232445
3233641
3233855
3234450
3234633
3234784
3235345
3235835
3236010
3236245
3236952
3237064
3238077
3238143
3238279
3238732
3238856
3240327
3240544
3240943
3241915
3241973
3242649
3242982
3243729
3244671
3245381
3247330
3247432
3247817
3247838
3248113
3248161
3248774
3249635
3250443
3250645
3251541
3252924
3253593
3253785
3255882
3257019
3257763
3260081
3260119
3260398
3260433
3261610
3261665
3262007
3262370
3262583
3263137
3263385
3264111
3264576
3264772
3266202
3266222
3268006
3269521
3270126
3270975
3271233
3272379
3273148
3273653
3273767
3274067
3274533
3274570
3275051
3275515
3276672
3278714
3278952
3279992
3280468
3281538
3282258
3282322
3282988
3283010
3286572
3287234
3288405
3288600
3288986
3290558
3290873
3293781
3294127
3296533
3297313
3297516
3298213
3300095
3300468
3300576
3300609
3302032
3304466
3304533
3305696
3306185
3306402
3307321
3307633
3307863
3309006
3309595
3310288
3310632
3310893
3311492
3312624
3313791
3315184
3315310
3315554
3316100
3316217
3317245
3317295
3318587
3318986
3320128
3320531
3321181
3321619
3322186
3323529
3325789
3325924
3326219
3326447
3327471
3331370
3332903
3333208
3335676
3335798
3335822
3338204
3338295
3339208
3339463
3340278
3340949
3341528
3341926
3341996
3342776
3343468
3345276
3345568
3345667
3345934
3346097
3346434
3347845
3348007
3348145
3348627
3349944
3351865
3352383
3352862
3353179
3354194
3354767
3354796
3355655
3356396
3356415
3357209
3357903
3358248
3358562
3360299
3360381
3362655
3362770
3363002
3364504
3364626
3365809
3366332
3366781
3366865
3367196
3368203
3368238
3369859
3369945
3370088
3371176
3371798
3372113
3372198
3375669
3375929
3376961
3377615
3377777
3378157
3379326
3379418
3379579
3380561
3381933
3381960
3382102
3383555
3385143
3385191
3385200
3385611
3386103
3386503
3386702
3386736
3386934
3388039
3388062
3388983
3390536
3390649
3390681
3390764
3390821
3391449
3391588
3391605
3392017
3392670
3392686
3393081
3393613
3394221
3395731
3396016
3396553
3396944
3397418
3398052
3398106
3398139
3398206
3399724
3399884
3400194
3400690
3401340
3402335
3403137
3403154
3403267
3403725
3404305
3404570
3405188
3405191
3405968
3406069
3406128
3406258
3407772
3408248
3408556
3408656
3408783
3410737
3411177
3411781
3411948
3411979
3413488
3413595
3413889
3416588
3416646
3416653
3417042
3417292
3417362
3417830
3417856
3418052
3418692
3419518
3420213
3420627
3420651
3420657
3421627
3421800
3421837
3422430
3422883
3422893
3422953
3422986
3423205
3423443
3424486
3426600
3426828
3427957
3429963
3430144
3430573
3431264
3433006
3433734
3434777
3435736
3436309
3436462
3436800
3437098
3437392
3437864
3438069
3438188
3438573
3439652
3440309
3442300
3442997
3443267
3445797
3446579
3447063
3450014
3450571
3450669
3451073
3451342
3451809
3452437
3453457
3453710
3454553
3455051
3455569
3456111
3456371
3458473
3459159
3459811
3460114
3460689
3461010
3461936
3464809
3466433
3467071
3467076
3467259
3467460
3467501
3468060
3470026
3473493
3473632
3475273
3475356
3475692
3475860
3476091
3476107
3476301
3478226
3478683
3479132
3479595
3480012
3480970
3481612
3482853
3483163
3484305
3484624
3484690
3484817
3484868
3485401
3485425
3485637
3486977
3487276
3487596
3487621
3488856
3489943
3490555
3491191
3492366
3492792
3492942
3494397
3494510
3494852
3494951
3495587
3498336
3498348
3500465
3501098
3501693
3502616
3503331
3504326
3504824
3505324
3505344
3506961
3508350
3508507
3509243
3510476
3510655
3510949
3510980
3511611
3511632
3511735
3511747
3511877
3512850
3513001
3513678
3514216
3514354
3514479
3514650
3515298
3515432
3516076
3516807
3516842
3517967
3518645
3519554
3519833
3520108
3521018
3521142
3521243
3521414
3521717
3522456
3522702
3522885
3523239
3523666
3524495
3524597
3525042
3525578
3525580
3525773
3526080
3526244
3528179
3528349
3529353
3529709
3529782
3530780
3531398
3531609
3533112
3534452
3535323
3536856
3538818
3539605
3540341
3543749
3544058
3544974
3546875
3547315
3547614
3547864
3548082
3548424
3550714
3550901
3551674
3552127
3552456
3553529
3553636
3554034
3554393
3555412
3555492
3555738
3555854
3556727
3557838
3558352
3558630
3558754
3560022
3560475
3561607
3562322
3563036
3564223
3565131
3566892
3567142
3567270
3568041
3568279
3568304
3569006
3569318
3570067
3570196
3570750
3571018
3571085
3571323
3571494
3571647
3572002
3572112
3573547
3573829
3573838
3573877
3574302
3574336
3574434
3574546
3575210
3575262
3575802
3577273
3577321
3577325
3578203
3578438
3579533
3579937
3581154
3581442
3582447
3583164
3583981
3584455
3584511
3584657
3584985
3585421
3585676
3586438
3586609
3586874
3589154
3589597
3590953
3591029
3591144
3592497
3592875
3594977
3595233
3595388
3595556
3595844
3596027
3596979
3596997
3597533
3597804
3597868
3598197
3598639
3600366
3600673
3601535
3603569
3604202
3604731
3604794
3605228
3605720
3605775
3606645
3606917
3607147
3608807
3609103
3609168
3612023
3613030
3613805
3614624
3615085
3615624
3615980
3616578
3617077
3617105
3618217
3618303
3618445
3618676
3618731
3618806
3618934
3619507
3621117
3622501
3622668
3622919
3623754
3623805
3624884
3627872
3628081
3628488
3630033
3630107
3630668
3631120
3632404
3633412
3633757
3633877
3634247
3635041
3635940
3636934
3637427
3637732
3639583
3639638
3639762
3640226
3640235
3640742
3641752
3641887
3643465
3645808
3646178
3646732
3648929
3649244
3649275
3649653
3649692
3649948
3650065
3650416
3652022
3653070
3653490
3653602
3654152
3654615
3654853
3655250
3655343
3657062
3657257
3658608
3658883
3659273
3659885
3660189
3660557
3661120
3661359
3661927
3662205
3662817
3663254
3664004
3664346
3665062
3665337
3667338
3668033
3669049
3669310
3670772
3671787
3672642
3672652
3674752
3675222
3676252
3676581
3677520
3677786
3677895
3678042
3679355
3679386
3679890
3680115
3680202
3680300
3680569
3680734
3681577
3681664
3682970
3682975
3683463
3683578
3683910
3685351
3686416
3687372
3687591
3687824
3688284
3688690
3689440
3689499
3689533
3691286
3691323
3691817
3692664
3692740
3693305
3694368
3695224
3696415
3696430
3696971
3698313
3699866
3700700
3700714
3700877
3700947
3701377
3701505
3701555
3702244
3702719
3702833
3702999
3703746
3704572
3707922
3711654
3712612
3712755
3715326
3715695
3716837
3717509
3717745
3718120
3718445
3718921
3719934
3720058
3722798
3723689
3725453
3725636
3726829
3727785
3727827
3727894
3728391
3729876
3730961
3731151
3731401
3732808
3733210
3733844
3733958
3734107
3735027
3735149
3735945
3736620
3736791
3736845
3737242
3737247
3737595
3737725
3739940
3740229
3740566
3741314
3741480
3741934
3742222
3742849
3742973
3743441
3745035
3745356
3745738
3745834
3746714
3749054
3749083
3750451
3750965
3751134
3752090
3753162
3753391
3754626
3755068
3755470
3755523
3755998
3757870
3758064
3758210
3758706
3759811
3759815
3759835
3760564
3760781
3761821
3761866
3762308
3766623
3767204
3768837
3769969
3770189
3770284
3770550
3771828
3772228
3772961
3772997
3773623
3773874
3774121
3774991
3775057
3775089
3775551
3776567
3776722
3777911
3777921
3779897
3780024
3780458
3780643
3781219
3781383
3781767
3781938
3782431
3782636
3783203
3783207
3783635
3783662
3784802
3784982
3785920
3787132
3787493
3787765
3788134
3789232
3789950
3789967
3790175
3790532
3790617
3790742
3791185
3793065
3793414
3793503
3793693
3793919
3794702
3794799
3795136
3795444
3795563
3795621
3796239
3796464
3797571
3797600
3798845
3799485
3800587
3800960
3803766
3804241
3804892
3805341
3805391
3805679
3806255
3806417
3807737
3808085
3808951
3809177
3809979
3810226
3810954
3811602
3812717
3812904
3812936
3813566
3815216
3815465
3816266
3816619
3816620
3817163
3818527
3819096
3819788
3820315
3821768
3822034
3822049
3823007
3823788
3824315
3824789
3824820
3825133
3827361
3827555
3827720
3827998
3828295
3828937
3829185
3830634
3830662
3830760
3830880
3831108
3831307
3831721
3832477
3834559
3834904
3836359
3837456
3837754
3838920
3841065
3841363
3842266
3842676
3845909
3847440
3848144
3850222
3851468
3851676
3852187
3852344
3852380
3852822
3852983
3852997
3853457
3853576
3853842
3854879
3856465
3856503
3856871
3856893
3857798
3858710
3859070
3859566
3860158
3863002
3863586
3866146
3866952
3867292
3868254
3868712
3871044
3871173
3871208
3872632
3872695
3873809
3873883
3874268
3874998
3875126
3876134
3876596
3876613
3877780
3878919
3878920
3880590
3880711
3881141
3881259
3881554
3881607
3882091
3882666
3883568
3885036
3885454
3886092
3889011
3889021
3889665
3889844
3890363
3891371
3891397
3891951
3892872
3893364
3893579
3894048
3894906
3896068
3897342
3897393
3898157
3898903
3901261
3902963
3903204
3903904
3903922
3904380
3905004
3905216
3906163
3906394
3907082
3907765
3908604
3908736
3908912
3909421
3911960
3912599
3913176
3913231
3914442
3914693
3914898
3915791
3916695
3916805
3916934
3918952
3919284
3919613
3919747
3922105
3922479
3924022
3924191
3925033
3925467
3925788
3925863
3926096
3926145
3926320
3926756
3926877
3926992
3927323
3928312
3929137
3929219
3931077
3931303
3931815
3932123
3932257
3933072
3933658
3934164
3934166
3934941
3935620
3936202
3936473
3939404
3939816
3940661
3941253
3941886
3942028
3943000
3943472
3943586
3944099
3944520
3944909
3946209
3946304
3946836
3947578
3947798
3948611
3948717
3948752
3949340
3950428
3951254
3952405
3952819
3952875
3953609
3954489
3954953
3955067
3955122
3955863
3956703
3956847
3956869
3957938
3958511
3959385
3960208
3961219
3962117
3962248
3963261
3963529
3963569
3964504
3965211
3965958
3966123
3967676
3969389
3969658
3970528
3970645
3972340
3972428
3973131
3974315
3974584
3975427
3975612
3976436
3977826
3979275
3979997
3981438
3983321
3983716
3985797
3986583
3987761
3988007
3988487
3988669
3989229
3989680
3989683
3989841
3989860
3989986
3990331
3990552
3991009
3991154
3991159
3991492
3991565
3993164
3995605
3996117
3996274
3997533
3998637
3998848
4000063
4000647
4001542
4003126
4003133
4003214
4003981
4005095
4005865
4005920
4007130
4009011
4009215
4009395
4009926
4010796
4012785
4013094
4013273
4013928
4014123
4014253
4014813
4015388
4015619
4016696
4016760
4017705
4017867
4018328
4018564
4020293
4020847
4021080
4022136
