497
943
1798
1915
3240
4255
4284
5123
5133
5996
8356
8772
9048
9188
9274
9756
10853
11518
11543
11552
12326
13238
13931
14062
14633
15237
17001
17733
18603
19189
19242
19447
19643
19813
21818
23085
23539
26574
27155
27445
27605
27733
28451
29432
29569
29994
30581
30949
31996
32877
33167
33475
34421
34833
35198
35290
35564
35609
35616
36071
37369
37837
38635
39236
39770
40970
41038
43922
44290
45005
46112
46646
47054
47142
47261
47831
48071
50598
51151
51825
52155
52495
52904
54256
54668
54716
55677
55976
56478
56672
57065
58254
58377
58908
58911
59192
59347
61109
62018
62827
64607
64973
65208
65650
65652
66134
66363
66850
66979
67141
68431
68835
68988
69034
69145
69507
70423
71470
71944
72611
72714
73491
74201
74614
74629
74945
75523
75752
76115
76246
77072
77163
77353
77547
78895
79088
79541
79542
80769
80880
81159
81277
81411
81950
82024
82587
82748
83829
85858
86055
88035
88125
89459
89625
91800
93302
93322
93634
94004
94149
94211
94310
94388
95357
96549
96775
99312
100463
101123
101176
101441
101972
102045
102634
103215
103440
103888
104375
105163
105390
105757
107007
107090
107296
108451
109656
110099
110652
110704
111038
111546
112559
113481
114187
114388
114610
115491
116433
116668
117779
118053
119647
119800
120443
120485
120713
120994
121617
122477
122592
123045
123066
123113
123252
124725
125302
125500
126612
129602
130006
130446
130844
131398
131524
131988
132051
132331
133649
134172
134308
135495
137918
138077
138187
139467
139760
141705
141818
141922
142869
143214
143311
143378
143672
143737
144204
144303
144986
145172
145519
146343
148074
148175
148178
148735
148936
150804
151332
151344
151941
152041
152630
152656
153786
154897
158309
159125
159245
159306
160584
161514
162492
162766
163044
163871
164430
164462
165220
165594
165883
167449
168418
168824
169358
170838
172154
172212
172432
173255
173362
174223
174532
175087
175880
176296
176337
177352
177634
178750
180300
180646
182171
183204
184447
184945
185289
185436
186583
186613
186835
186977
187716
187734
188769
190081
190730
191816
191848
191926
192198
193604
194996
195374
196702
197563
198888
199263
199692
199988
200294
200310
200432
200801
201179
201340
201622
202086
203457
203586
204084
205020
205393
206709
207656
208791
209400
210327
210416
210544
211196
213041
213356
214050
214655
215831
216044
216385
217754
217823
223089
223863
224206
224888
225495
225813
225820
225866
225986
228078
228602
228745
228761
228779
229222
229422
229557
229674
230039
230247
230898
231876
231914
232249
232715
232752
234558
235017
236353
236713
236726
237746
238322
238989
239907
240418
240934
241109
241148
241441
241643
241816
242691
243040
243445
243504
244562
244578
244933
245169
245903
246082
247496
247674
248323
248378
250607
251478
251818
252650
253054
253300
255960
256017
256997
257453
259064
259299
259376
260698
261021
262116
262131
262452
263918
264307
264863
265629
265839
267673
268078
270744
271731
272635
272760
273353
273999
274388
274561
274682
275162
275609
275733
276089
276129
276203
277512
277526
280477
280981
281328
281579
281615
281632
282733
282779
283392
283557
284052
284415
286071
286774
286804
287897
288531
288738
289575
290500
291535
292047
292967
293233
293522
295656
296368
298171
298552
298994
299198
299669
299961
300177
300516
300564
300904
301085
301625
301641
302637
303729
303916
304322
304422
304488
304504
304819
305179
305540
305657
305721
306178
306347
306528
306724
307059
307096
307729
308266
309181
309365
310142
310253
310390
310812
312265
313023
313295
313785
314017
314277
314691
315611
315631
315997
316268
316687
316934
316946
317055
317322
317617
317802
317911
318209
319658
319784
320373
320500
321651
321849
321967
322126
322251
322325
323063
323453
323777
324194
324214
324323
324581
324847
325687
325963
326415
327664
327781
328425
328454
329646
330174
331170
334164
334689
335304
336540
337551
337732
338510
341407
341943
342203
342649
344420
345232
347618
347783
348010
348153
348755
349097
349291
349554
349576
350471
350748
351277
351493
354604
356123
356864
357542
357581
357935
358861
360051
360101
360390
362596
366157
366880
368973
369601
369708
370438
370942
371107
371561
373135
373637
375387
375640
376323
376788
376947
377223
377368
378382
378771
379783
379856
380494
381128
382091
382314
382470
383598
384369
384783
384812
385407
385476
385505
386065
386280
386756
387889
388022
388522
388786
389077
389832
390571
390640
391476
391987
394895
396461
396909
396934
397453
397568
397611
397878
398009
398915
399601
399999
400012
400955
401764
401787
401952
402024
403340
404016
404739
405291
406630
407570
407688
408237
408892
409011
409053
409483
410431
411005
412093
412699
412796
414485
415076
416128
416733
416749
416761
417090
417732
417890
418335
418400
420629
421943
422241
423789
424528
425710
428370
428463
429066
429116
429778
429820
430423
430634
431419
432620
433125
433284
433557
433717
435253
435295
436445
437769
439155
439691
439869
440836
443643
444808
445808
446070
447697
447759
447893
448314
448710
449475
450842
452478
452598
453534
453776
454360
454536
454626
454953
455145
455163
455215
455642
455916
456016
456019
456047
456365
457235
459025
459047
459126
459655
460575
460819
460951
461141
463234
463512
463801
466186
466312
466908
467076
468886
469651
469870
470776
471600
472264
472358
475833
476755
476834
477149
477650
477988
478076
478702
479092
479692
479823
480786
481463
481507
481823
482013
482279
484388
484910
485894
486890
487043
487337
487670
488073
488330
488717
489412
489684
489694
490387
492155
492365
493585
494427
494564
494602
496399
496670
497128
498390
499605
499776
499822
500610
500676
501449
501736
502170
502505
503352
503668
503828
504501
505206
505362
505378
505387
505411
505557
506067
506507
507027
507935
508396
508859
510694
511189
511311
512115
512271
512913
513683
514114
514386
514535
514872
514876
514986
515726
515734
515956
516946
518081
519796
520578
520655
521989
522354
523610
524042
524337
524681
525376
526052
526293
526662
527706
527851
528004
528501
528976
529314
529974
530536
531440
531957
533930
534499
534976
535331
535928
535972
536135
536559
536685
536781
536867
537703
538681
538802
539263
539418
540542
542512
542628
543496
543535
543988
544420
544604
544736
544975
545258
545802
546255
546735
546865
546917
547216
548433
548604
548777
549130
549533
549730
551846
552994
553513
554782
554852
555289
556884
556912
556939
557616
557654
558427
559742
560951
561982
562253
562579
562709
562774
564742
565214
566792
567259
568030
569275
569309
570027
570399
571828
571915
572594
572699
575286
576941
577200
579137
580513
582421
582775
582951
583352
583992
585883
587686
588214
588670
589304
589945
590911
591801
592320
592372
592424
593933
594234
595599
596166
596451
596636
598046
598252
598550
598761
599489
600759
601057
601312
601577
602282
603709
604083
604926
607774
608194
608558
609192
609512
609516
610990
611418
612304
613451
613981
614670
616403
616661
616675
617357
617375
617678
617712
618208
618655
620081
622081
622718
623381
624286
625613
627846
628089
628858
630044
630803
631439
631487
632155
632353
633209
634144
635015
636091
636459
637086
638932
640429
640523
640774
642426
642530
642794
642826
643484
643721
645301
646853
646861
647265
647459
648503
648807
648984
651467
654595
654946
655008
655325
656012
656183
656721
657570
657787
657855
658470
658879
659475
660989
663740
664085
666155
666822
667561
668566
670093
671630
671654
671698
672438
672463
672667
673028
673613
674417
675138
676167
676286
676617
677956
679599
680098
680462
681271
681488
682370
683824
684272
684672
685871
687896
688555
688603
689193
689231
689463
689623
690526
690880
691415
691579
692732
692935
693177
693249
694196
694293
694896
696635
699468
700146
700372
701382
701650
702294
702596
704301
705035
705726
707663
709452
710591
710626
711048
711750
711834
712965
713922
713989
714008
715539
716001
716111
716209
716307
717685
718675
718928
718993
719420
719444
720573
720858
721125
721187
721240
721750
722126
722785
724026
724818
724907
725022
725083
725490
726029
726070
726292
726302
727660
727772
729763
729868
730116
731454
731856
732023
733959
734748
736295
736537
739763
739850
739949
740154
740201
740247
740909
741451
741546
742550
742624
742971
743641
744219
744312
744395
746755
748109
748553
749770
750246
751059
751109
751425
751541
753070
754123
754347
755018
758123
758368
758491
758539
758686
759269
759278
761278
762057
762572
763680
764446
764665
764736
764944
766358
766370
767929
768516
769002
769255
769263
770067
770699
771053
771093
772265
772575
773671
775315
775446
775482
775708
776007
776097
776351
776983
777165
777182
777369
777799
778130
778143
778295
778552
779890
780351
780807
781387
782390
782414
782476
782552
782738
782901
782936
784455
784628
784696
786169
786404
786769
786970
787162
787602
788108
791323
792075
792401
792860
793760
793876
794410
795961
795969
796221
796361
796407
797211
797634
798669
798705
800456
800969
801329
803958
805007
805946
807774
807877
808559
808708
809189
809500
814767
816341
816620
816734
817049
817083
817106
817160
817523
817896
818939
819269
821065
822102
822277
822349
822614
822807
822843
823801
824342
825048
826378
827265
827335
827421
827838
828065
828691
829228
829244
829491
830495
830529
830546
831270
831384
832883
833228
833321
834551
834592
835702
836381
836476
836615
837013
837082
837231
837503
837559
838547
839147
839676
840436
841332
842513
842597
843278
845647
845806
847203
847872
848147
849388
849700
849968
850578
851506
852026
852670
852978
853105
853108
853457
854536
854583
856805
857293
859444
859726
860503
861018
861456
861616
861668
862209
864195
864281
864406
864971
865288
865676
866310
866838
866974
867101
867404
867926
868382
871192
871381
871587
871807
871970
872447
873577
874187
874196
874383
874554
875150
877449
877489
878003
878202
878633
879768
880046
880438
881038
881480
881595
881795
882509
882991
883447
883498
883884
883944
884673
885428
885822
886348
886951
886987
888981
888988
890084
890295
892017
892443
893381
894010
894582
894957
895270
895326
895466
895598
896129
896297
897670
898069
898144
898339
898537
898576
898815
898998
899740
900058
901613
901813
902185
902622
902696
904033
904755
905502
905547
905731
906216
906419
906740
906989
907224
907822
909100
910010
911784
911853
912490
913514
913877
915160
920516
921134
921789
922032
922084
923145
924269
926288
927412
928382
928728
929523
930290
930604
931332
931992
933276
934684
934746
935325
936493
936647
939200
940069
940077
940524
941000
941128
941204
941424
941503
942101
942762
944014
945536
945593
945744
945883
948000
948118
948236
948340
948364
948385
948633
950036
950049
950539
951232
951505
951607
951724
952611
952687
952893
953038
953281
954186
955279
956599
957478
957845
958190
958869
959291
959983
960173
961656
962836
963567
965011
966798
969363
969478
970516
970557
971044
971200
971385
972209
973048
973633
973949
974040
976342
978410
980023
981715
983132
983468
983491
984665
985302
987037
987207
987396
987659
988838
989071
989501
990693
990915
991414
993243
993436
993812
995080
995380
995735
996474
997350
997420
997521
997579
997713
998102
999123
999368
999479
999734
1001265
1001327
1001457
1001862
1002474
1003167
1004832
1005284
1005289
1005525
1005540
1007233
1008254
1008319
1008354
1008482
1008510
1009162
1009437
1010010
1011916
1012266
1013082
1013299
1013459
1013472
1014573
1015765
1016871
1017490
1017858
1018185
1018769
1020130
1020590
1020804
1021521
1021649
1021958
1022375
1022451
1023754
1023900
1024602
1024849
1025537
1025760
1026410
1026524
1027931
1028652
1029423
1029859
1030417
1030654
1030871
1032032
1032659
1033322
1033531
1034175
1034396
1034625
1035504
1035808
1036245
1036405
1036731
1036873
1037782
1038092
1038686
1038979
1039787
1039930
1040710
1041185
1041239
1042114
1044301
1044737
1046326
1046581
1047254
1047418
1048360
1048855
1049152
1050079
1050860
1052860
1053495
1053675
1054692
1057739
1058080
1058358
1059026
1059219
1060063
1060577
1061192
1061340
1061889
1063352
1063403
1063482
1063514
1065601
1067809
1068547
1068792
1068938
1069274
1069706
1070355
1070523
1070896
1071707
1072267
1073145
1073708
1074369
1074637
1074790
1075091
1075244
1075874
1076163
1076405
1076462
1077091
1077328
1077516
1081374
1082042
1083060
1083158
1083428
1085304
1087635
1087666
1087829
1087893
1088302
1089214
1089984
1090750
1091024
1091425
1093079
1094636
1096032
1097054
1097187
1097409
1098266
1098569
1099825
1100043
1100158
1100417
1100465
1101805
1102800
1103158
1103530
1104437
1104772
1104901
1105155
1105607
1105749
1107087
1108847
1109227
1109350
1110168
1110305
1110987
1111043
1111381
1112406
1112566
1112985
1114078
1115133
1115243
1115980
1116563
1117603
1117687
1117690
1118217
1118480
1118999
1119172
1119276
1119465
1119636
1119835
1120138
1121867
1122563
1123176
1123271
1123284
1124097
1124296
1124687
1124756
1125421
1125865
1126020
1127458
1127647
1127869
1128214
1129567
1129755
1130516
1130597
1133682
1134246
1135066
1135415
1135669
1136072
1136096
1136989
1139054
1139140
1140150
1140621
1140785
1141328
1141654
1142073
1142259
1142534
1143374
1144399
1145674
1147525
1147575
1147582
1147754
1147770
1148577
1148616
1149945
1150833
1151449
1151712
1152860
1153062
1153976
1154176
1156200
1156739
1157405
1157523
1157573
1157759
1158715
1159099
1160303
1160934
1162228
1162381
1162646
1163070
1163432
1163490
1164037
1166176
1167514
1167759
1168068
1168807
1169193
1169581
1169737
1170713
1171841
1172122
1172158
1174683
1175640
1176190
1176290
1179486
1179630
1180119
1180875
1181086
1181144
1181716
1181860
1185075
1185155
1185619
1185871
1187387
1187582
1188215
1189026
1189057
1189277
1189369
1189657
1190717
1191184
1192665
1192956
1193874
1194279
1194284
1194305
1194563
1194781
1195391
1195455
1197068
1198282
1198604
1198839
1199233
1199442
1200157
1200506
1200676
1201031
1201328
1201356
1201822
1202712
1202861
1202994
1203181
1204158
1204822
1205660
1206476
1206873
1207606
1208001
1208550
1209089
1210225
1211426
1211438
1211906
1212812
1213017
1213584
1214446
1215298
1215714
1216220
1217412
1218488
1218696
1218828
1219366
1219393
1220354
1221006
1222117
1222276
1222530
1223251
1223955
1223995
1225063
1225273
1225582
1225813
1225916
1226500
1226522
1226597
1227575
1227612
1228120
1228629
1229612
1230399
1232868
1233899
1234466
1234974
1235085
1235798
1236399
1237133
1237916
1237990
1238919
1239099
1239874
1240004
1240701
1240798
1241158
1241297
1241622
1242034
1242272
1243353
1243449
1243697
1244387
1244414
1246352
1246643
1247500
1248796
1249654
1251469
1252157
1252249
1252280
1252323
1252502
1253336
1253966
1255226
1255303
1256497
1257185
1258409
1258769
1258825
1259805
1260772
1261022
1261343
1261675
1261706
1262052
1262471
1263061
1265100
1266255
1266736
1266795
1266994
1268351
1268474
1269717
1270457
1270738
1273199
1273468
1273556
1273797
1273958
1273985
1274775
1276997
1277302
1278260
1278577
1279068
1280372
1281485
1281569
1281838
1282115
1283076
1283552
1283836
1284217
1285446
1285518
1286327
1287346
1287420
1287427
1287502
1287553
1288507
1288711
1288844
1289066
1289278
1289816
1290855
1291824
1292589
1294449
1294514
1294588
1294771
1295323
1295537
1295821
1295958
1296352
1296541
1296976
1297778
1298083
1298613
1298910
1298993
1299098
1299356
1299587
1300889
1301631
1302724
1302772
1302935
1303354
1304149
1305335
1305514
1305941
1306358
1307387
1308688
1309999
1310018
1310450
1310594
1310721
1311047
1312946
1313122
1313241
1314525
1315231
1315579
1316198
1316611
1317537
1319672
1319956
1320645
1321068
1321071
1322054
1322263
1322355
1322763
1323030
1325483
1326735
1327031
1327134
1327506
1327598
1328064
1328229
1328235
1329920
1330303
1331433
1331967
1331981
1333926
1334702
1336078
1336530
1336895
1336950
1337110
1337198
1338192
1339050
1340339
1341076
1342950
1343943
1344647
1345353
1346195
1346405
1347468
1348792
1348955
1349681
1349998
1351309
1351320
1351752
1351851
1352417
1352860
1353247
1353393
1353643
1353832
1354554
1354586
1354994
1355356
1355783
1356064
1357078
1357101
1357447
1357901
1360268
1360549
1360683
1361543
1362383
1364470
1364510
1365612
1365686
1365763
1365936
1366106
1366464
1366568
1367324
1368078
1368617
1368736
1368973
1370103
1370192
1372353
1372390
1373260
1373930
1374794
1375643
1375761
1376833
1377307
1377443
1378469
1378756
1378823
1379249
1380535
1380626
1381366
1381868
1381988
1382376
1382393
1382459
1382618
1382709
1383962
1384243
1384245
1384555
1386742
1386846
1386876
1388192
1388854
1389316
1390368
1390665
1391078
1391290
1391430
1391494
1391611
1392091
1392979
1393235
1393409
1393775
1394099
1394467
1394574
1394745
1394823
1395290
1397249
1397391
1397667
1397694
1398002
1398333
1398688
1398870
1399499
1400086
1400658
1400701
1400910
1403884
1405002
1407059
1407062
1407326
1407432
1407438
1407543
1407634
1407662
1408357
1408630
1409608
1409771
1409847
1410341
1410733
1410976
1411167
1411558
1411866
1412939
1414032
1414241
1414499
1416248
1416427
1416945
1418159
1418638
1419178
1420268
1420344
1421030
1421886
1422504
1422607
1423449
1424371
1424666
1425454
1426337
1426359
1426805
1427459
1427620
1427631
1428026
1428799
1428987
1428992
1429683
1429891
1430088
1430301
1430364
1431907
1432122
1432581
1434165
1434463
1434948
1436388
1436423
1436568
1436719
1436777
1437274
1437436
1438273
1438320
1438662
1439604
1440536
1440805
1440929
1441096
1442108
1442818
1443775
1444686
1444926
1445855
1448588
1449204
1449462
1449609
1449699
1449998
1450270
1450288
1451144
1451147
1451823
1451828
1452146
1456140
1457076
1457269
1457370
1457524
1458079
1458338
1458767
1459044
1459457
1459701
1459857
1459963
1460851
1461637
1462008
1462102
1465044
1465731
1465932
1466868
1466960
1467522
1468535
1468705
1469915
1470012
1473340
1474544
1474703
1474956
1476554
1476953
1476961
1477339
1478114
1478558
1479259
1480115
1480373
1480454
1481325
1481651
1481986
1484092
1485339
1485414
1485446
1485883
1486145
1486689
1487989
1488622
1488864
1489301
1489363
1489438
1489874
1490491
1490496
1491772
1492547
1492835
1493550
1494649
1494817
1495241
1495670
1495688
1496132
1497472
1497748
1497781
1498712
1499152
1499956
1502911
1503469
1503961
1504341
1507988
1508317
1509272
1509418
1511373
1511975
1512004
1512150
1512924
1513042
1513106
1513444
1513930
1515650
1515853
1516827
1517997
1518105
1518227
1518506
1518595
1518756
1518793
1519020
1519175
1519863
1520339
1521215
1521552
1522059
1523802
1524244
1524264
1524478
1524598
1526065
1526698
1527203
1529724
1530334
1532383
1532411
1532469
1532551
1532603
1535777
1536399
1536912
1538352
1538929
1539181
1539210
1539358
1540349
1540636
1541791
1542587
1543373
1544053
1544466
1544571
1544811
1545057
1545118
1545757
1545876
1546512
1546631
1546633
1546726
1547335
1547429
1547660
1547899
1548118
1548239
1549043
1549076
1549225
1549929
1551736
1551924
1552298
1553091
1553839
1554708
1555365
1556680
1557548
1557616
1558179
1558202
1558207
1558209
1559097
1560855
1561142
1561862
1561916
1562915
1563183
1563611
1563672
1563839
1564603
1564946
1565167
1565642
1565969
1566182
1566535
1567252
1567488
1571917
1572185
1572797
1573167
1573387
1574014
1574470
1575449
1576467
1576478
1576573
1577567
1578263
1578963
1579317
1579329
1579866
1580077
1580784
1581790
1582316
1582397
1583385
1584607
1585680
1586052
1587181
1588067
1588555
1589851
1589992
1590331
1590757
1591152
1591156
1591698
1592384
1592821
1593260
1593323
1593675
1593698
1593777
1593945
1595478
1596022
1596515
1596783
1597132
1597212
1597242
1597881
1598839
1599005
1599343
1600202
1600662
1600994
1601327
1601466
1601490
1601494
1603009
1603605
1604077
1604138
1604796
1604931
1605311
1605654
1606445
1606832
1607073
1607692
1607744
1608452
1609692
1610141
1610195
1611501
1612919
1613518
1613857
1614767
1615133
1615389
1616081
1616436
1617759
1618014
1618541
1618575
1618849
1619306
1619469
1620673
1620824
1621439
1622616
1622655
1623407
1623924
1624383
1624485
1625649
1625919
1626396
1627887
1627960
1628448
1628785
1629110
1629304
1629461
1629478
1629564
1630029
1630576
1631294
1631368
1631508
1631763
1632753
1632815
1634742
1634789
1635069
1635157
1636667
1637943
1638541
1638700
1638772
1638789
1639706
1641401
1641615
1641760
1641817
1642127
1642520
1642939
1643934
1644736
1645064
1645258
1645644
1647082
1647106
1648780
1649273
1649522
1649613
1651907
1652904
1653450
1654950
1655208
1656362
1656459
1657962
1659074
1659777
1659900
1660055
1660098
1661118
1661404
1661922
1662126
1663282
1663551
1663706
1664213
1664547
1666457
1667064
1667420
1668341
1669610
1669991
1672323
1672762
1673764
1673926
1673961
1674314
1674781
1675192
1675780
1675936
1676039
1676050
1677669
1678186
1678417
1678795
1679299
1680366
1681280
1681354
1681680
1681797
1682347
1684162
1684862
1685419
1686421
1686826
1690247
1690543
1690867
1691224
1691520
1692484
1693182
1694522
1694731
1694854
1695372
1695439
1696324
1696343
1696636
1696671
1696877
1697701
1698187
1698515
1698615
1699492
1700029
1701020
1701410
1701580
1702334
1702992
1703727
1704052
1706476
1706819
1707009
1707010
1707915
1708010
1708269
1708409
1708849
1709080
1709086
1709399
1711208
1711660
1712017
1712111
1712201
1713129
1713335
1713795
1714165
1714584
1714847
1716232
1716787
1716829
1716949
1717779
1717989
1720060
1720231
1720858
1722244
1723075
1723938
1725696
1726413
1727078
1727131
1727171
1727724
1727988
1728806
1728945
1729333
1729719
1729753
1730088
1730665
1730752
1730915
1731154
1731155
1731243
1731388
1731859
1732290
1732564
1733105
1733835
1733910
1734556
1734930
1735113
1735306
1736917
1738035
1738456
1738802
1739568
1739827
1740741
1742243
1742347
1743818
1745127
1746061
1747299
1747916
1748100
1748308
1748405
1748653
1749156
1749703
1749917
1750208
1750350
1751181
1751568
1751628
1752013
1752226
1752688
1753102
1753995
1755058
1756268
1757943
1760101
1763914
1764309
1764539
1764972
1765425
1765571
1766630
1766739
1766874
1768188
1768390
1769717
1770429
1770759
1771472
1772001
1772264
1772591
1773748
1774494
1774511
1777176
1777288
1777668
1777865
1779495
1780113
1783582
1783696
1784005
1784106
1784270
1784580
1785160
1787462
1787798
1788876
1789620
1790485
1790986
1791089
1791477
1791919
1792581
1792991
1793200
1793253
1794252
1794304
1794353
1794818
1795457
1795551
1795646
1796655
1797382
1800226
1801228
1801548
1802855
1803169
1804206
1804441
1804689
1804706
1806288
1806832
1807898
1808689
1809546
1810050
1810174
1812489
1812948
1813104
1813677
1813684
1813918
1814026
1814180
1814986
1815914
1817259
1817340
1818195
1818507
1818722
1819238
1819383
1819407
1819915
1821132
1821635
1821769
1821917
1821995
1822230
1822287
1822609
1822628
1823032
1823456
1823824
1824143
1824165
1824926
1825723
1825726
1826210
1826388
1826857
1828792
1830292
1830364
1831089
1833173
1833379
1834172
1834290
1834990
1835731
1836838
1837624
1838673
1839152
1840115
1841434
1841947
1842040
1843858
1844667
1844904
1845311
1846736
1847347
1847962
1848124
1848209
1852055
1852228
1852327
1852979
1852984
1853460
1853474
1853617
1854212
1854499
1856565
1856704
1857050
1857249
1858028
1858466
1858580
1859027
1859673
1859690
1861265
1861355
1861614
1862961
1863242
1863491
1863542
1864047
1864049
1864285
1866291
1866417
1866758
1867443
1867614
1867828
1867898
1868194
1869042
1869054
1869660
1870159
1871498
1872617
1872830
1874882
1874893
1875604
1876035
1876836
1876952
1877485
1878062
1878164
1878272
1878496
1879349
1879412
1879945
1880262
1880322
1880926
1881652
1881825
1882103
1882462
1882521
1882857
1883526
1884147
1884192
1884349
1884539
1884985
1885620
1885775
1887250
1888316
1888461
1889463
1890696
1890700
1890952
1890972
1892262
1892682
1892734
1893406
1893484
1894367
1894946
1896144
1896888
1897702
1897773
1899621
1900140
1901731
1901762
1903638
1904255
1904678
1904733
1904929
1905685
1907022
1907314
1907534
1907617
1908577
1910026
1910741
1910908
1911573
1911631
1912059
1912062
1912468
1913508
1914627
1914825
1916181
1916271
1916314
1918354
1918950
1919957
1920098
1920135
1920197
1920761
1921040
1922148
1922357
1923499
1924646
1926093
1927474
1928675
1929105
1929404
1929480
1931136
1931259
1931651
1932355
1933166
1934067
1935205
1935431
1935899
1936114
1936294
1937027
1937905
1938163
1938174
1939451
1940550
1940968
1941801
1941991
1942018
1942376
1942632
1943562
1943571
1943703
1944330
1944433
1944524
1944973
1945666
1946648
1946675
1946869
1948791
1949459
1949837
1949842
1949959
1950418
1951181
1951403
1953684
1954331
1954355
1954535
1954895
1954963
1955225
1955377
1956535
1956605
1957532
1957974
1958212
1958401
1959494
1959956
1960849
1961191
1961234
1961615
1961741
1962417
1962589
1963530
1963982
1966207
1967137
1967368
1967713
1968288
1968768
1968938
1969499
1970061
1970077
1970323
1971068
1971083
1973258
1973351
1973384
1973590
1973663
1973787
1975032
1975034
1975070
1975864
1976258
1979143
1979316
1980692
1981553
1981702
1981844
1981999
1982243
1982326
1983725
1984484
1984553
1984587
1984643
1985260
1985572
1986437
1986566
1987179
1987374
1989229
1989668
1989802
1990044
1990740
1995167
1996422
1996496
1996819
1997157
1998848
1999475
2000099
2000292
2000459
2000543
2001090
2001650
2001654
2003965
2005051
2005604
2005720
2006102
2006822
2007135
2007404
2008538
2009249
2009576
2010229
2011727
2012112
2012287
2012546
2013261
2014795
2014816
2014915
2015195
2015489
2015709
2015971
2016810
2016839
2017088
2017528
2018647
2019296
2020375
2020427
2020441
2020571
2020603
2020942
2021053
2021724
2022000
2022056
2022579
2023573
2025374
2026476
2027192
2027260
2027585
2027625
2027961
2027986
2028633
2029191
2029593
2030571
2031106
2031290
2031348
2031810
2032200
2032384
2032487
2032831
2033658
2033691
2033830
2033925
2034071
2034532
2034874
2035400
2035565
2035684
2035739
2036158
2036816
2038315
2038615
2039039
2039390
2039547
2040209
2040772
2041000
2041634
2042216
2042641
2042873
2042984
2043164
2044948
2044983
2045145
2045592
2046147
2046300
2046390
2047027
2047081
2047434
2047783
2047822
2047919
2047954
2048626
2048920
2049096
2049272
2049547
2050120
2050797
2051265
2052121
2052404
2052732
2053233
2054294
2054406
2057871
2058559
2059993
2060276
2060349
2060748
2061146
2061478
2062378
2066570
2067828
2068199
2068242
2069610
2070713
2071098
2071383
2071596
2071735
2072632
2074267
2074521
2075417
2076153
2076426
2077443
2078159
2079084
2079609
2080309
2080664
2080864
2081661
2083139
2083710
2083983
2087140
2087207
2089337
2090001
2091424
2091482
2091548
2092146
2092748
2093711
2094835
2095616
2096733
2097152
2097652
2098841
2099103
2099362
2099814
2100824
2101022
2102038
2102796
2104432
2104717
2105638
2105996
2106989
2109476
2109580
2110148
2110444
2110876
2111640
2111904
2113374
2115332
2115344
2115653
2115787
2116148
2117070
2117238
2117556
2118721
2118879
2119136
2119617
2120993
2121412
2122353
2122406
2123040
2123581
2124043
2124825
2125554
2125791
2126662
2126841
2127357
2127466
2128079
2128236
2128276
2128576
2128625
2129456
2129867
2130228
2130512
2131877
2131879
2131928
2133032
2133562
2135037
2135163
2135456
2135459
2137241
2137300
2137926
2138027
2138391
2138861
2139362
2140624
2140696
2140964
2141782
2144024
2145330
2145633
2145933
2146546
2146945
2147460
2147475
2147676
2147836
2148614
2148658
2148815
2150338
2150412
2151519
2152195
2153328
2153698
2155572
2155709
2156378
2157252
2157726
2157950
2158123
2158375
2158986
2159317
2159987
2160266
2161237
2162019
2162944
2163472
2163741
2163770
2164142
2164152
2164751
2165410
2165510
2166722
2167385
2169397
2169420
2170120
2170903
2171027
2171627
2171712
2172518
2172807
2172826
2174516
2174522
2175965
2176440
2176572
2177219
2177638
2178527
2179339
2179824
2180043
2180292
2181747
2181754
2182310
2182350
2182847
2183234
2185198
2185636
2185940
2187523
2187849
2188471
2189069
2190270
2191427
2192227
2193140
2193236
2193533
2194106
2194449
2194523
2195037
2195349
2195524
2196048
2197191
2198178
2198236
2198281
2201536
2203002
2203290
2203459
2203670
2203901
2205872
2206139
2206477
2206709
2206828
2206969
2207679
2207994
2208563
2210108
2211123
2211166
2211200
2211574
2213216
2213366
2213758
2215047
2217191
2217537
2218374
2219532
2220271
2221335
2221376
2222138
2222467
2222562
2222721
2223042
2223932
2224178
2224240
2224353
2225286
2225410
2225873
2226447
2227071
2227996
2228008
2228361
2228414
2228677
2229356
2230264
2230414
2230938
2231247
2232118
2232402
2232659
2232961
2233302
2233784
2237317
2237827
2238609
2238679
2239200
2240208
2240604
2240929
2241059
2241686
2242359
2242454
2242573
2242763
2243212
2243642
2243715
2243820
2245518
2246611
2247125
2247948
2248894
2250520
2250905
2251277
2251396
2252334
2253886
2255061
2256505
2257860
2258564
2259087
2259591
2260609
2261782
2262896
2263012
2263248
2267758
2267870
2267938
2268943
2269017
2269033
2269607
2270026
2270591
2271533
2271706
2272081
2272954
2273288
2273398
2273974
2274274
2274451
2275057
2275548
2276657
2276847
2276869
2277600
2277725
2277991
2278655
2279038
2280147
2280259
2280465
2280570
2281911
2282098
2282189
2282245
2282712
2283345
2284764
2285798
2285869
2287952
2288772
2289399
2289454
2290214
2290229
2290732
2290782
2290829
2291459
2292791
2292827
2294031
2294180
2294607
2294772
2294966
2295047
2295105
2295681
2296752
2297792
2298055
2298822
2299732
2299856
2300373
2300791
2302585
2302679
2303751
2304393
2305146
2305540
2306064
2306269
2306466
2307318
2307738
2308861
2310758
2311718
2312379
2313438
2313575
2314029
2315857
2316446
2317072
2317321
2318122
2318838
2318936
2319068
2319229
2320041
2320133
2320429
2322633
2324566
2325272
2325750
2326221
2328011
2328220
2328379
2328416
2328718
2328764
2328900
2329051
2329263
2329316
2329639
2329847
2330802
2331183
2331442
2331643
2331938
2332038
2332309
2332890
2332934
2333077
2333099
2333435
2333563
2334120
2335130
2335383
2335472
2335669
2335935
2336519
2336890
2337287
2337472
2337733
2337810
2337875
2339577
2339842
2340278
2340657
2340816
2341071
2342855
2343671
2343780
2344529
2345667
2345751
2346019
2346191
2347805
2347874
2349308
2350768
2350940
2351784
2351844
2352653
2352704
2352849
2352892
2353184
2353512
2353818
2354594
2356289
2356669
2358481
2358930
2360920
2361560
2362923
2363274
2364275
2365097
2365961
2366264
2368026
2370332
2370360
2371148
2371182
2371405
2371930
2372001
2372253
2372290
2373014
2373065
2373180
2373429
2373452
2373890
2374806
2375174
2376253
2376450
2377720
2378151
2378517
2378831
2378954
2380037
2380067
2381100
2381440
2381898
2384448
2386471
2386656
2387556
2387714
2387915
2388963
2389293
2391554
2392531
2392907
2393417
2394142
2394248
2394669
2395078
2395364
2395613
2396501
2397113
2397232
2398169
2398376
2398413
2398566
2399149
2400578
2400849
2402167
2402570
2402737
2403211
2403678
2403744
2404605
2405492
2406967
2407647
2408787
2409664
2409741
2410918
2411030
2412177
2412213
2413814
2414051
2414745
2415279
2415724
2415977
2416115
2417752
2417920
2418317
2418965
2419073
2419138
2419177
2419970
2420002
2421112
2421124
2421962
2422158
2422581
2422618
2422837
2423085
2424428
2424445
2425361
2425419
2426420
2426951
2427166
2427799
2428256
2428785
2429003
2429192
2429596
2430666
2431624
2431637
2433443
2433481
2434447
2435191
2436122
2436976
2437198
2438672
2439417
2439701
2439787
2440196
2440909
2441266
2441434
2441843
2442570
2443618
2443667
2443846
2444373
2445429
2447834
2448020
2449064
2450139
2450219
2450490
2450710
2452393
2452512
2452708
2453346
2453403
2453626
2453671
2453861
2454069
2455205
2455675
2455783
2455977
2458011
2458229
2458237
2459541
2460137
2460274
2460349
2461110
2461221
2461422
2465493
2466523
2466597
2467048
2467801
2468399
2469667
2471574
2471895
2471944
2472762
2472879
2473145
2473283
2473385
2473584
2473698
2475520
2477144
2477199
2478225
2479687
2480151
2482405
2482662
2483975
2484606
2484750
2486549
2486623
2486945
2488481
2488780
2489032
2489074
2489227
2489484
2489589
2489684
2489737
2489890
2490528
2490978
2491126
2491672
2492050
2493119
2493557
2493886
2494576
2496052
2496058
2496442
2497731
2498160
2498298
2499497
2500444
2502283
2502862
2503438
2503835
2503963
2504450
2505184
2505969
2506061
2507396
2507896
2508127
2508755
2508848
2509390
2510129
2510272
2510551
2511318
2511978
2513130
2514706
2514710
2515472
2515974
2517119
2517314
2517755
2518602
2518766
2518796
2519607
2520030
2520290
2520907
2521086
2521564
2521730
2522755
2522824
2523168
2523726
2523968
2523975
2524415
2524433
2524529
2524755
2525667
2526474
2527473
2527759
2527767
2528191
2528803
2530230
2531345
2531401
2532735
2533120
2533329
2533991
2535879
2536673
2537531
2537867
2538111
2538739
2539560
2540989
2542186
2542796
2542887
2543113
2543994
2544730
2545077
2545514
2546080
2546179
2546187
2546668
2547901
2548239
2549264
2549816
2550086
2550551
2551319
2551564
2552410
2553254
2553505
2554116
2555929
2556260
2556651
2556823
2558558
2558909
2560502
2561230
2561635
2561702
2562077
2562471
2562725
2562959
2563267
2564037
2564231
2564975
2565439
2565633
2565741
2565843
2566076
2566398
2567172
2569427
2569853
2569896
2569929
2570261
2570823
2570899
2571848
2571983
2572129
2572945
2573529
2574563
2575325
2575903
2576681
2576805
2576824
2576941
2577193
2577281
2577882
2578027
2578049
2579316
2579471
2580089
2580393
2580497
2580946
2581737
2581798
2583115
2584187
2584598
2586620
2586861
2587614
2588746
2588829
2588878
2589502
2590004
2590355
2590586
2591470
2593013
2594764
2595170
2595392
2597613
2598488
2599335
2599746
2601132
2601626
2601829
2602663
2603116
2603698
2604020
2604199
2605000
2605231
2605389
2605439
2605458
2605847
2606147
2606237
2607854
2608344
2608604
2609603
2609959
2610056
2610083
2610597
2610897
2611333
2612959
2613275
2614267
2614498
2614951
2616724
2616820
2616911
2617907
2618755
2619326
2622114
2624087
2624150
2624423
2624782
2626106
2627218
2627242
2627266
2627569
2628176
2628713
2629308
2629628
2629919
2630131
2630338
2630425
2630931
2632671
2633395
2634371
2635677
2636781
2637240
2637344
2637513
2637576
2638103
2638188
2638369
2638428
2639463
2639705
2641020
2641885
2643634
2643778
2644430
2644589
2644783
2645358
2645364
2646200
2646660
2648587
2649158
2649420
2651179
2654204
2654847
2654864
2654892
2654961
2655651
2655764
2657510
2658566
2658663
2659495
2661037
2661794
2662492
2662497
2662796
2663459
2664316
2664759
2664862
2665152
2665381
2665514
2665878
2666323
2666455
2666591
2667063
2667071
2667766
2669476
2669888
2671376
2671577
2671765
2672176
2673382
2674003
2674312
2674352
2675089
2675410
2675466
2675893
2676742
2677566
2677600
2677677
2677826
2678032
2678763
2680785
2681429
2684623
2684763
2685134
2685166
2685465
2685472
2685959
2687175
2687339
2687428
2687739
2688193
2688538
2689681
2689731
2690314
2691461
2691610
2692098
2692318
2692811
2693011
2693158
2694305
2694340
2694727
2695793
2696076
2696328
2697353
2699057
2699650
2700197
2701001
2701276
2701709
2702961
2703573
2704334
2704747
2705305
2705424
2706338
2706449
2706723
2707132
2707152
2707472
2707566
2708127
2708146
2709725
2709935
2709984
2710248
2711233
2712961
2713276
2713426
2713573
2714846
2716697
2717415
2718062
2718236
2718645
2718693
2718894
2719448
2719458
2719978
2720332
2720449
2721387
2722313
2722588
2723306
2724172
2724440
2724538
2724814
2725056
2725853
2725897
2726262
2726638
2727340
2728525
2729626
2729992
2730273
2730341
2730783
2730830
2731005
2732141
2733638
2734048
2734096
2734517
2735415
2735634
2735945
2737064
2737758
2739695
2740393
2741105
2741485
2741824
2742177
2742276
2742555
2743865
2743983
2744095
2744641
2746280
2747476
2747966
2749219
2749274
2749435
2750657
2750904
2751224
2751511
2752066
2752564
2752922
2754434
2754540
2754776
2755181
2756473
2756652
2757231
2758998
2759218
2760581
2760947
2761739
2762517
2763143
2763153
2764414
2764537
2764748
2764788
2766641
2766880
2769599
2769720
2770095
2771911
2772014
2772272
2772490
2772702
2772800
2772842
2773315
2776920
2777863
2778081
2778987
2780081
2780668
2781889
2781929
2783484
2783744
2783895
2785419
2785859
2785880
2786143
2789071
2789120
2791738
2791789
2791855
2792367
2793017
2793508
2793614
2794267
2794592
2794674
2795935
2796999
2797794
2799259
2799885
2800884
2801223
2801287
2802700
2803025
2804649
2806171
2806488
2806693
2807111
2808220
2808822
2809670
2810458
2811267
2811677
2812759
2812898
2812965
2813981
2814796
2814849
2814922
2815299
2815549
2816212
2816943
2817108
2817600
2818540
2818642
2819760
2821207
2821332
2821442
2821977
2823273
2825561
2826184
2826737
2828313
2828633
2830896
2831152
2831243
2832513
2832561
2833108
2833348
2833678
2834638
2834968
2835838
2836318
2837133
2837795
2837976
2838017
2839479
2841000
2841340
2842097
2842153
2842908
2843533
2844212
2844263
2844340
2844756
2845518
2845599
2846803
2847177
2847632
2849324
2849539
2849637
2851282
2851676
2851786
2852081
2852847
2853412
2854044
2854565
2854830
2855592
2856225
2856666
2857251
2857442
2857578
2859771
2860114
2860300
2860367
2860979
2861184
2861336
2861357
2861886
2862333
2862897
2863129
2863134
2865479
2865745
2866023
2866110
2867019
2867465
2867840
2868059
2870400
2871543
2871712
2871857
2871973
2872106
2872291
2874003
2874221
2874460
2874519
2875406
2875726
2875797
2876211
2877661
2879289
2879598
2879741
2880897
2882574
2883331
2884564
2884578
2885386
2885549
2886323
2886504
2887333
2887851
2888175
2888750
2888989
2890762
2890984
2891661
2891911
2892125
2892554
2893462
2893803
2893927
2894263
2895121
2896181
2896905
2899129
2900100
2901511
2901765
2901828
2902147
2903625
2903763
2903881
2904516
2906032
2906642
2907849
2908761
2909619
2909801
2910712
2910721
2911669
2911910
2914271
2914978
2915860
2916078
2916262
2916599
2916711
2917426
2917507
2917799
2918520
2918725
2918909
2919296
2919305
2920223
2920586
2922022
2922477
2923061
2924077
2924805
2928206
2928308
2929538
2929869
2930030
2930147
2930460
2930809
2930937
2931135
2932698
2932804
2936127
2936381
2936443
2937661
2938617
2938959
2941059
2941085
2942857
2943479
2943637
2944006
2945397
2945615
2947244
2947572
2948149
2948428
2949325
2950254
2950828
2951112
2951242
2951506
2951946
2951979
2952293
2952334
2952860
2953277
2955648
2955849
2956257
2956356
2956640
2956720
2958822
2959674
2960002
2960676
2960992
2961347
2961895
2962105
2962171
2962447
2962970
2964000
2964231
2964500
2964988
2965836
2966606
2966607
2966615
2966996
2967126
2969266
2969545
2970784
2972401
2972735
2972885
2973232
2973341
2974580
2975147
2975171
2975173
2975857
2977217
2978488
2978718
2979353
2980054
2980307
2981056
2982330
2982896
2983830
2984716
2984763
2984821
2984900
2985191
2986347
2988920
2989165
2989866
2992138
2992538
2992729
2992750
2996369
2996391
2996802
2998259
2998444
3000156
3000469
3002374
3002770
3003126
3003803
3004451
3005896
3006026
3006350
3007382
3007739
3007933
3008033
3008891
3009929
3010181
3010218
3011077
3011932
3012679
3013042
3013616
3014313
3014380
3014829
3015046
3015900
3016400
3016448
3017013
3017184
3017592
3018345
3018488
3018851
3019583
3019711
3022079
3022244
3023460
3024038
3024721
3025721
3027786
3028157
3028288
3028389
3028819
3029930
3030123
3030272
3031438
3031495
3031829
3032717
3034239
3035688
3035970
3036744
3036767
3037275
3037454
3037493
3038184
3038995
3039078
3039383
3041208
3041561
3041694
3042231
3044131
3044396
3044770
3045653
3046903
3048047
3048142
3048380
3048824
3049458
3049706
3050825
3051185
3051629
3052142
3052471
3052608
3052895
3054048
3054119
3055276
3055763
3056437
3056509
3056664
3057490
3058883
3059442
3060078
3062143
3063219
3063230
3063505
3063670
3063715
3064425
3064556
3064867
3065400
3065478
3065480
3065925
3066348
3066490
3067237
3067615
3067899
3068938
3069291
3069427
3069837
3069888
3069899
3069960
3070279
3070355
3071317
3072333
3073485
3074154
3076334
3076973
3078282
3079044
3079303
3079809
3079834
3080226
3080748
3081273
3081662
3082124
3083222
3084206
3084874
3085183
3085569
3086531
3086849
3088184
3089446
3089649
3089931
3090436
3091652
3091718
3092644
3093038
3094018
3094564
3095344
3095907
3096130
3097134
3097532
3097884
3098039
3098605
3099429
3103042
3103886
3104034
3104298
3104526
3104769
3106487
3106751
3107867
3108765
3109380
3110098
3112529
3113111
3113912
3113986
3114176
3114204
3114829
3115206
3117685
3117974
3118036
3118273
3118781
3121146
3122483
3122536
3122791
3123056
3124278
3125107
3125282
3125665
3125946
3125986
3126699
3126859
3127736
3128632
3129136
3129217
3129228
3129352
3129646
3129756
3130991
3131245
3132202
3132657
3132684
3132821
3133757
3133948
3134152
3134686
3135373
3135603
3136511
3137298
3138028
3138112
3138454
3138982
3141383
3141784
3142568
3142934
3143564
3143769
3145658
3146632
3146720
3146968
3147383
3147803
3149284
3153764
3155005
3155802
3158015
3158718
3159155
3159406
3159614
3160156
3161114
3161573
3161812
3163281
3163661
3164762
3164856
3164886
3165017
3165202
3165418
3166657
3167602
3167741
3168464
3168790
3169550
3169838
3170267
3170642
3170973
3171398
3171622
3171973
3172876
3176405
3177406
3177819
3178016
3178535
3178567
3178823
3180239
3180831
3181463
3181485
3182991
3183235
3183400
3183543
3184740
3184972
3185027
3185185
3185525
3186422
3187336
3187511
3187521
3187809
3188080
3188442
3189054
3189142
3189637
3189942
3190483
3190542
3190760
3190787
3191142
3191466
3192776
3193374
3193778
3194105
3195567
3195891
3196475
3197559
3198437
3198622
3198952
3199141
3199223
3199416
3200538
3200865
3201005
3201973
3202166
3202442
3203278
3204358
3204719
3205031
3205783
3205885
3206041
3206178
3206283
3206295
3206445
3206786
3206982
3208467
3208833
3209378
3211635
3211963
3212716
3212771
3215872
3216037
3216125
3216216
3216372
3216556
3216706
3216785
3216853
3217495
3217664
3218917
3219491
3221084
3221786
3222259
3223893
3224107
3224438
3225247
3225873
3227151
3228773
3230002
3230023
3231329
3231454
3231863
3234184
3234979
3235267
3237396
3237571
3239209
3240724
3241806
3242436
3243185
3243198
3243700
3244091
3244550
3244925
3245090
3245264
3245448
3245463
3246221
3246254
3246379
3246492
3247640
3247853
3248102
3248866
3248973
3249290
3249740
3252023
3252525
3254062
3254144
3254551
3254626
3256243
3256365
3256533
3256711
3256878
3257360
3258085
3259168
3260431
3260694
3260800
3260910
3261219
3261419
3261471
3262394
3263029
3263461
3263836
3265276
3265317
3265568
3265836
3266473
3266595
3268333
3268468
3269037
3269640
3270777
3270841
3270859
3271102
3271290
3272040
3274451
3274509
3274706
3275950
3277057
3278858
3281528
3281697
3282096
3283169
3283371
3283805
3284743
3285583
3286002
3286425
3286782
3286975
3286993
3287396
3288621
3288932
3290114
3290285
3290955
3291774
3292669
3292729
3293381
3293537
3293713
3294845
3295595
3298483
3299079
3299278
3299909
3300352
3300425
3300793
3300843
3300963
3301189
3301894
3302215
3302293
3302826
3302888
3304009
3304458
3304907
3307441
3307558
3308249
3308466
3308684
3308799
3309148
3309362
3309613
3310124
3312555
3313264
3313291
3314357
3315007
3315406
3317120
3319028
3319043
3319520
3320234
3320622
3320916
3321076
3322002
3322739
3322826
3324587
3326355
3326425
3326941
3327555
3328288
3328568
3328833
3329195
3329566
3330512
3330695
3330718
3330763
3331137
3332145
3332662
3333605
3335122
3335404
3335698
3335866
3336075
3336494
3336636
3338033
3338256
3339272
3340219
3340286
3341463
3341846
3342050
3342865
3343088
3343926
3344329
3344475
3344578
3344813
3344849
3346717
3347304
3347378
3347509
3348216
3348514
3349100
3349343
3350747
3351110
3352618
3353904
3354206
3354385
3356219
3356345
3356481
3357059
3357299
3357965
3358626
3358990
3359099
3359686
3360132
3361035
3361323
3362007
3362194
3362298
3363370
3364415
3364688
3365013
3367596
3367643
3368182
3368343
3368390
3369567
3370167
3370403
3370902
3372244
3372378
3373513
3373811
3375054
3375258
3376044
3376654
3376813
3377785
3378209
3378494
3379198
3379285
3379665
3379688
3380008
3380207
3381128
3381180
3381450
3381513
3382239
3382350
3382851
3383164
3383609
3384300
3384832
3384896
3385276
3386554
3387114
3387219
3388548
3388865
3389396
3392459
3393995
3394019
3396312
3399788
3400186
3400289
3400544
3400845
3401022
3401990
3402307
3402450
3402518
3402780
3403217
3403225
3403505
3403612
3403736
3403766
3403913
3404312
3404806
3405054
3405671
3405672
3405701
3405943
3407213
3408408
3408887
3409753
3410644
3411803
3412156
3412489
3412766
3413729
3414814
3414978
3415790
3416614
3416725
3417339
3417666
3418352
3419696
3419904
3420218
3421202
3421216
3421638
3421714
3421948
3422619
3422751
3424087
3424739
3425298
3425337
3425480
3427315
3428234
3428573
3428757
3428794
3429146
3429405
3431738
3431899
3433220
3433613
3434158
3434623
3434674
3434778
3434787
3436135
3436876
3437026
3438054
3440611
3441100
3441809
3442082
3442369
3442879
3443364
3444640
3445258
3445632
3446656
3447641
3448158
3448757
3449325
3449516
3449971
3450317
3451457
3451761
3452054
3452821
3452864
3453085
3453810
3454895
3455851
3456662
3456707
3456775
3456976
3457869
3457969
3458118
3459652
3459744
3463610
3463903
3464042
3465720
3466872
3467386
3467573
3468374
3468917
3469925
3470417
3470558
3470763
3471976
3476123
3476912
3477277
3477507
3477978
3478662
3478779
3479010
3480204
3480554
3480644
3480648
3480880
3481234
3482264
3482560
3483242
3483738
3484939
3485534
3487583
3488378
3489104
3490794
3491128
3492066
3493748
3494248
3494254
3494758
3494943
3495027
3496212
3496958
3497483
3497961
3498032
3498582
3498908
3499062
3499581
3499644
3501055
3501472
3501694
3503978
3504432
3504612
3505015
3506954
3507779
3508843
3509371
3511929
3512228
3513111
3514878
3515000
3515871
3515998
3516762
3517219
3517297
3517320
3518580
3518898
3518979
3520402
3520669
3521274
3522395
3522458
3523535
3524231
3524689
3525641
3526508
3526754
3527398
3530568
3530935
3531564
3532140
3532161
3532915
3533630
3534139
3534386
3534418
3535771
3536514
3536804
3538064
3538468
3538494
3539189
3539436
3540429
3540781
3542927
3543165
3544171
3544398
3545306
3545363
3545495
3545627
3546707
3547332
3547503
3548751
3549242
3549454
3550358
3550685
3552055
3552073
3552536
3554304
3554971
3554984
3555081
3555114
3556559
3557159
3557896
3558399
3558535
3559476
3560153
3560251
3560877
3561852
3562234
3562601
3562630
3562941
3563040
3563247
3563406
3564694
3566006
3566223
3566519
3566880
3567643
3568093
3569124
3569151
3569862
3571252
3572333
3572476
3572505
3575688
3576543
3579515
3579568
3580186
3580589
3580637
3582084
3582176
3584354
3585722
3586114
3587093
3587872
3588197
3588345
3588765
3589579
3590101
3590261
3590891
3591377
3592263
3593307
3594068
3594103
3594961
3595112
3595611
3595904
3596056
3596304
3596971
3597097
3597808
3597910
3598003
3598801
3599142
3599653
3602449
3602516
3604731
3606277
3606312
3607590
3607707
3608474
3611610
3613671
3613910
3614662
3614833
3616057
3616254
3616622
3616652
3617197
3617636
3617935
3618322
3618554
3619566
3621068
3621473
3621638
3621800
3621806
3622206
3622542
3622698
3622954
3622956
3624099
3624411
3624563
3625892
3627293
3627876
3628672
3629399
3629773
3629952
3630750
3632316
3633375
3635442
3639461
3641986
3642337
3642584
3642979
3643008
3643069
3643578
3643915
3646255
3646696
3647942
3648704
3649509
3649550
3649918
3650110
3650486
3651030
3651766
3651781
3651838
3653162
3653185
3654463
3654976
3655712
3655810
3655863
3655880
3656658
3656977
3658257
3660959
3665074
3666308
3667270
3667626
3668380
3669614
3669892
3671048
3671128
3672383
3673523
3673983
3679029
3679713
3680134
3680777
3681828
3682399
3682473
3683229
3683597
3683625
3687549
3688120
3688466
3688843
3688845
3689012
3689459
3689624
3689957
3689989
3690134
3692765
3694228
3694399
3695109
3695308
3695657
3695701
3697282
3698302
3699738
3700507
3701147
3701879
3701986
3702282
3703222
3703593
3703996
3704412
3704764
3705959
3706226
3706635
3707045
3707255
3708594
3709181
3709813
3710196
3710375
3710647
3711001
3711263
3711832
3711854
3712166
3713236
3713691
3714523
3714997
3715991
3716717
3717351
3717614
3718053
3718132
3718236
3720268
3721092
3721966
3723113
3723519
3723779
3724163
3724339
3724497
3724696
3724866
3725051
3725078
3725288
3725381
3725682
3726241
3726816
3726989
3727324
3727724
3728094
3728167
3729745
3729841
3730240
3730955
3731584
3732822
3733005
3733475
3734658
3735054
3735911
3737693
3737972
3739963
3740515
3741108
3743428
3743721
3744546
3745495
3745857
3746429
3746629
3747620
3748620
3748738
3749219
3749499
3750876
3751674
3752163
3753160
3753571
3753739
3753978
3754480
3754774
3755010
3755143
3755624
3755880
3756227
3756546
3757128
3758400
3758866
3759076
3759322
3761663
3761890
3762632
3763220
3763239
3764223
3765582
3765623
3766226
3766832
3767040
3768577
3768734
3768850
3769390
3769756
3770623
3770746
3771656
3771738
3772134
3773355
3773853
3774653
3775796
3776279
3777358
3778367
3780763
3780803
3782359
3782585
3783107
3783891
3783947
3785476
3786056
3786247
3786316
3786620
3786957
3788654
3789683
3790128
3790281
3790462
3791297
3791701
3791819
3791926
3793384
3794272
3794446
3795912
3796819
3797167
3797338
3799758
3799995
3800075
3800135
3800385
3801465
3804319
3805660
3806694
3807419
3809810
3809925
3811960
3813663
3814546
3814560
3815968
3815969
3816017
3816225
3817777
3818151
3818378
3818512
3818852
3818882
3820919
3820999
3821213
3821456
3821700
3822306
3822790
3823060
3823093
3823625
3823774
3824675
3824822
3826106
3826647
3826814
3826945
3827915
3828120
3829113
3831483
3832189
3832281
3832749
3833736
3834799
3835286
3836091
3836628
3836898
3837392
3837736
3838897
3839114
3839391
3839505
3839628
3841713
3842275
3842382
3842809
3843258
3844861
3846582
3847185
3847802
3847863
3848434
3849056
3850324
3850337
3851494
3852187
3853191
3854081
3854433
3855330
3855956
3858296
3858455
3858649
3859183
3859965
3860275
3860813
3860959
3861350
3861469
3861472
3862017
3862223
3862592
3862779
3863436
3863468
3863543
3864665
3865326
3865640
3865706
3868012
3869449
3870936
3872362
3875693
3876538
3876746
3876858
3877106
3877297
3878277
3878455
3878508
3878689
3878746
3878970
3879049
3879410
3880613
3881190
3883878
3884542
3884822
3886064
3886777
3887383
3887490
3888152
3888273
3888297
3889040
3889132
3889197
3889892
3889978
3890241
3890919
3891002
3892865
3895871
3896471
3896663
3897669
3897907
3898117
3898468
3899168
3899479
3899772
3899890
3900224
3902393
3902855
3903439
3903807
3904084
3904652
3905505
3905881
3905916
3905983
3906494
3906687
3907217
3907292
3907518
3907964
3909327
3910060
3910403
3910849
3911639
3912820
3915229
3915669
3915884
3917434
3917740
3917932
3918774
3920130
3921680
3922489
3922755
3923919
3924573
3924779
3924808
3925764
3926616
3926618
3926827
3927291
3928001
3928290
3928492
3928583
3931408
3931772
3932080
3932297
3932855
3932911
3932989
3933625
3933879
3935252
3936432
3936699
3937400
3938298
3938630
3939179
3939527
3941737
3942243
3942460
3942899
3942932
3943248
3944579
3944964
3945007
3946874
3947450
3949043
3949464
3950178
3950282
3950739
3952032
3952951
3953040
3953349
3954458
3955862
3955895
3957860
3958034
3962435
3963299
3964251
3964783
3965401
3967035
3967828
3968145
3968700
3969124
3969163
3970689
3970756
3971339
3971356
3971460
3972012
3972132
3972420
3973823
3975449
3975626
3976663
3977348
3977515
3978160
3978778
3979042
3979070
3979569
3980492
3980519
3981706
3982689
3983434
3984950
3985604
3986102
3986569
3989270
3992600
3993097
3993376
3994185
3995408
3996079
3996959
3997993
3998193
4000042
4000932
4002118
4002134
4002753
4002917
4003748
4004143
4004255
4005917
4006497
4007635
4008152
4008657
4008723
4009202
4010804
4010892
4013280
4013771
4014571
4015851
4016739
4020028
4020569
4021409
4021827
4022126
