989
1926
2001
2950
2985
3872
3964
4021
4340
5592
6995
7849
8439
8748
9989
10281
11043
11869
12588
13513
13515
16566
17043
17307
18947
19650
19656
20964
21520
21785
22276
23269
23496
24037
24449
24841
25578
26054
26230
26445
27180
27225
27444
27582
27630
27673
27946
28721
29849
30213
30955
31201
31401
33362
33376
33752
34019
35531
35720
35910
37385
37450
38545
38570
40045
40068
40332
40388
40435
41684
42603
43004
43101
43183
44993
45418
45537
47489
47662
48207
48950
49805
49849
50138
50962
51684
53710
54129
55389
55818
56486
56579
56750
57227
57860
58799
59053
59371
60932
61281
61288
61523
62063
63445
63952
63970
64103
64568
65627
66100
66192
67042
67712
67923
67958
68366
68627
68885
69101
69192
69384
69391
69609
70218
70840
71030
71295
72809
72810
72992
73067
73270
74960
76760
77232
78487
79250
80778
80837
81316
81615
82151
82357
82446
82553
83746
84189
84826
86510
87735
88050
88617
88736
90223
90553
90977
91153
91748
91980
92225
92802
93294
94369
94704
95042
96076
97120
98071
98210
98378
99382
99496
99619
101170
101457
102614
103082
103712
104033
104791
104825
105943
106662
106854
106858
106910
106944
107663
108260
109339
110151
110183
110380
111156
111621
112164
112491
112523
113743
113981
114130
114422
114559
115760
116999
117217
118125
118333
119682
120646
121058
121479
122738
123394
123882
124403
126777
127023
127464
127631
127654
127703
128014
128432
129265
130238
130243
130327
130412
131602
131979
132998
133151
133179
133196
134099
134344
134986
138931
139258
139281
139303
139402
139827
140649
140694
140909
141248
142265
143012
143591
143665
144042
144174
144763
144956
145145
145180
146088
146279
146286
146757
146850
148722
149720
150430
150656
150761
151055
152360
152452
152747
153927
153994
154349
155620
155648
156566
156714
157605
158334
158931
159185
160422
162056
162747
164957
165004
165254
167381
168580
171079
171167
171392
171511
172383
172484
173117
173146
173378
174121
174122
174487
175048
175358
176405
177418
177812
178462
178497
179397
179574
179616
179912
180344
180367
181142
181410
182336
184250
185593
185733
186784
187020
187031
187409
190058
190669
191145
191172
193848
194890
195611
196586
196875
197104
197753
198532
199803
200028
200636
202040
202944
203230
203530
203702
204377
204435
204722
205847
205858
206025
206392
207742
208293
209278
209558
209762
209787
210076
210238
210608
210815
211132
212208
212263
213553
213805
213850
214275
214869
215245
216174
216375
216686
217686
218138
218176
218729
219412
219419
219623
220147
220408
221334
221470
221593
222049
223479
223523
223630
225284
226296
228086
228707
228890
229313
229502
229696
230083
231470
231584
232013
232154
232408
233377
233394
234258
234431
234921
234931
235289
235495
236395
237861
240251
240397
241988
242805
242817
243617
245984
246074
246618
247311
247714
248668
249257
249749
250305
252706
253140
253151
253315
253415
253552
253665
254054
254229
254474
255151
255912
256842
257016
257170
259051
259072
259165
259376
259895
260026
260200
260742
260895
261261
261479
264296
264719
264726
265453
265454
265788
266127
266295
266702
267143
267562
268527
268804
271092
271251
272200
272413
273860
274056
274669
274795
274957
275697
276205
276485
277584
277709
278090
278570
279651
279752
280406
281214
281849
281862
282129
282599
282628
282664
283288
283358
283654
284407
284721
284881
285982
286008
286095
286387
287230
287304
287826
287908
287943
288144
289999
290704
291424
292992
294451
294452
294891
295066
295720
295736
295772
295785
296288
296396
297259
298068
299157
301594
301678
302288
302366
302548
302810
305044
305513
306474
306637
308087
308123
308268
308469
310269
311206
312042
313540
314586
315814
316278
316300
316740
317783
318843
320085
320475
320653
321220
321655
324351
324647
325365
325919
325948
326761
327097
327286
327548
327692
327768
327772
327898
328256
328343
329530
329549
329953
330542
331031
331325
331724
334122
336280
336454
338261
338703
338871
338939
339415
340148
340169
340568
340752
341244
341259
341774
342218
342761
343589
343612
343628
343702
343994
345533
345978
347236
347973
348912
348937
349092
349586
350888
351498
353046
353179
353729
354541
356595
356890
358278
358623
358644
360032
360585
362216
362509
362916
363027
363698
367043
367092
367256
367401
367468
367565
367902
368023
368357
369337
369973
370266
370413
370981
371319
371517
371536
371575
371688
372017
373692
373909
374804
375497
375666
376526
377849
378262
379092
379516
380061
380138
380672
380928
382333
383498
385317
385356
385709
385760
385841
387045
387759
388017
390219
390919
392837
393160
393187
393981
395065
395239
395346
396219
396271
396416
397161
397358
397528
398104
398241
399718
400361
401452
402217
402496
402793
403560
403746
404627
404959
405020
406442
406485
407342
407732
407774
407784
408649
409150
409179
410003
410539
410596
410962
411050
411198
411590
412155
412285
412343
412816
413326
413679
414546
414944
415038
415077
415200
415651
415783
416385
416673
416738
417672
417829
419245
419535
419728
420019
421734
421961
422899
423074
423712
423889
424754
424779
425921
427351
428119
428164
428235
428315
428354
428889
429011
429686
431395
432080
433307
434024
434454
434682
435884
436414
436453
436681
436976
437867
438111
438149
439100
439204
440548
443755
444371
444565
446013
446093
446325
447049
448051
449270
450529
450942
450975
451157
451996
453463
454259
454472
455223
455300
455656
455995
456008
457810
458635
460243
460546
461565
461898
462159
463369
463595
464672
465165
466627
467609
468016
468105
468427
468439
469533
470187
470536
470659
471407
472454
472501
473739
474239
474467
474974
475219
475303
475385
475612
475667
475929
478086
478142
478415
478704
478718
478757
478992
479383
480392
480776
482458
482482
482598
482840
483225
483684
483760
483857
483902
483946
483985
484308
484740
485183
485373
485526
486323
486515
487233
487942
488218
489590
489903
490493
491994
492422
492580
492860
493867
495843
495897
496315
496639
497146
498013
499280
499412
499523
499626
499792
502373
502403
502506
503445
505682
506281
507036
507515
508173
508251
508555
509359
511299
511520
512283
513229
514974
515009
515350
516137
516212
517807
517921
518122
519607
520400
521889
523254
524063
524221
524832
525089
525475
526003
527026
529499
529603
531612
531668
531715
532476
533959
534092
534212
535514
536050
538325
538450
538659
538721
539921
540407
541140
541462
542288
542325
542906
543970
544273
544976
545838
547142
547492
547755
547853
549143
549587
549667
549824
549914
550067
550210
550422
550641
552000
552665
552984
554050
554218
554661
554732
555989
556292
556406
556573
556938
556967
557829
557936
557972
558055
558058
559223
560120
560874
561874
561899
562908
563748
564178
564928
564955
565702
565919
566607
567397
568343
569071
569270
571026
571121
572746
573161
573214
573243
573705
573760
575718
576630
577476
577626
577975
578801
579007
579337
579595
580368
581024
581632
582425
582740
584194
584403
584518
586486
586491
586729
587084
588274
588565
588925
589283
589396
590568
591093
591319
592023
595234
595533
596192
596948
597093
597560
599034
599251
599948
600150
600497
600573
601086
601168
601634
602387
603520
605239
606065
606322
606686
607217
607222
607564
608532
608631
609692
610356
610712
611092
611431
611892
612129
612570
612803
613037
613202
614144
614768
614915
616492
616792
617074
617851
618461
618829
619932
620971
621557
621682
623788
625493
626239
626438
627078
627843
628007
629632
631209
631761
632378
632831
633466
633682
633927
634200
634337
634349
634714
635298
636018
636736
636783
637298
637436
637446
637456
637506
638166
639503
639961
640009
640957
641017
641139
641333
642673
643580
644761
645773
645947
647225
648115
648747
650061
650335
651419
651484
651524
653490
653670
654862
655363
656130
656714
656727
657113
657418
658490
658969
659056
659342
661470
662277
663129
663522
663834
664197
664221
664445
665352
666520
667682
667791
668287
668317
668832
668847
669240
669361
669741
669749
672368
673965
674601
674730
675839
676123
678594
679272
680584
681151
681351
681507
682980
683464
684346
684976
686360
686439
688064
688092
688549
689413
690253
690866
691306
691456
691741
691849
693392
695143
695154
695971
696621
697932
697951
700855
700941
701378
701586
701774
703904
704479
705106
705131
705274
705552
705788
707225
707536
708377
708990
710144
710321
710437
710714
710882
711061
712405
712421
713043
713139
713627
714004
714111
714722
715386
715824
715900
716004
717035
718095
719139
719308
719461
720183
720768
720827
720855
721454
721581
722321
722381
724470
725462
725728
726362
726855
727467
727473
728358
730607
731451
731638
731924
732717
733146
733261
734204
734283
734962
736671
737054
737983
738065
738384
739476
741199
741287
741707
742122
742679
743508
743629
743706
745002
745006
745970
746855
747392
748560
748705
748951
751673
751715
751785
751887
752127
752176
752489
752953
753897
754021
754476
755107
756852
757592
757669
757995
758160
758967
760088
761229
761733
762154
764150
765535
765808
767419
767520
767638
768210
770340
771532
771969
772604
773529
773562
773972
774054
774311
774542
775117
776116
776129
776637
777106
777580
777628
778084
778264
778495
779087
779286
779376
779429
779879
780155
780372
781235
781820
782266
782461
782552
782889
783093
783503
784261
785461
785757
786196
786391
786854
786976
787281
787748
787919
788631
789807
791791
792151
792203
792265
792863
793463
793820
793841
794363
795004
796004
796054
796562
797604
800057
801275
801903
802263
802855
803175
803221
803452
805153
806122
806782
807717
807735
808224
810117
810459
810663
812017
814569
814831
815148
815160
816233
816784
816958
817149
817466
817551
818547
818817
819159
819692
820385
821068
821210
821456
822293
823467
823880
824537
825040
825142
826013
826929
827153
827380
827451
827486
827676
827924
828407
828806
829004
829667
829862
830514
830552
830686
830952
831207
832191
832504
833521
834312
835072
835546
835896
835958
836245
837781
838728
840118
840749
841348
841401
841835
842730
843241
843479
843627
844439
844464
844590
844780
847374
848020
849514
850093
850530
851391
851538
851553
851671
851916
851961
852226
852529
852654
853524
853788
854601
856481
856528
856888
857000
857023
857649
857882
858257
859576
860679
861127
861162
861293
862008
862382
862657
863052
863359
864089
864601
865171
866507
868313
869441
869968
871010
871669
872161
873444
874413
874602
875794
876233
877474
878511
878627
878636
878889
878945
879225
879260
879378
880388
881229
881283
881357
882092
882114
882800
883503
883682
884529
884751
884909
885592
885679
886541
887032
888998
889250
889698
890025
890779
891022
891091
891630
891702
893027
894201
894462
895496
895598
895651
899022
900862
900867
901239
902534
902639
903357
903384
905029
905469
905882
906511
906906
908106
908375
908685
909187
909418
909447
910096
910554
912763
914827
915622
915747
915970
916539
916875
916985
918775
919176
919995
921901
922663
922827
924237
924495
925020
925307
925433
925536
925870
925947
926508
927014
927116
927838
927967
927978
928053
929012
931147
931660
932440
932511
933223
934834
935069
935865
936176
936216
936464
937527
938068
938391
938541
940838
943517
943819
944050
944341
944628
944881
945583
945975
948074
949191
949508
950132
950135
950424
951451
951567
952059
954621
955649
956652
956810
958453
961250
961338
961701
961763
961972
962400
962774
962789
962846
963547
963566
964194
964380
964943
966291
972168
972488
972902
972963
973068
973200
973604
974222
974325
975286
976390
976974
977161
978018
978838
979065
979797
979817
979901
981402
981557
981711
981784
982160
982730
984132
984967
985103
986160
986600
986763
987369
987599
987870
988839
989708
989711
990072
991564
994491
994621
994847
996000
997215
997688
998150
998198
999815
1002909
1003892
1004620
1004903
1005114
1005140
1005237
1006622
1007169
1010146
1011800
1011807
1012060
1013858
1014223
1014713
1014835
1015819
1016881
1017144
1017183
1017484
1017584
1018363
1018365
1018606
1019699
1020171
1020259
1020387
1020596
1020980
1021747
1021942
1022871
1023589
1023908
1024803
1024967
1026119
1026126
1027128
1027179
1028677
1029567
1030374
1031135
1031793
1032319
1032629
1033657
1033696
1035099
1035323
1035637
1036038
1036080
1036104
1036406
1038345
1038896
1039234
1039487
1040920
1041170
1042028
1042391
1042857
1042869
1043185
1043711
1044247
1045569
1045604
1046724
1047124
1047343
1047428
1047633
1048609
1048633
1049643
1049811
1050975
1051753
1051887
1052218
1052553
1052841
1053583
1053896
1054373
1054799
1054913
1055611
1055733
1058109
1058219
1058337
1059096
1059376
1059485
1059910
1060480
1061621
1061686
1062571
1063038
1063622
1063641
1064340
1066369
1066466
1066857
1066997
1067639
1069032
1069683
1071240
1071282
1071480
1071799
1071855
1072269
1072614
1072677
1072696
1072794
1072995
1073029
1073571
1073647
1074630
1074851
1074861
1074880
1076109
1077206
1077235
1077340
1077954
1077966
1078126
1078864
1079170
1079471
1079620
1080303
1080346
1081477
1081669
1081742
1082499
1083013
1085117
1085300
1085443
1085983
1086791
1086922
1087242
1088214
1088441
1090163
1091172
1091586
1091588
1091676
1091738
1092015
1092453
1093702
1093817
1095628
1095957
1096490
1098046
1098461
1098670
1099252
1099265
1099323
1099505
1100377
1100433
1101112
1101589
1102358
1102488
1102602
1102611
1102734
1103060
1104082
1104210
1105498
1105688
1105794
1106519
1107297
1109345
1109893
1110511
1110715
1111315
1112869
1112945
1113693
1113733
1114172
1114587
1115578
1118313
1119310
1119839
1119897
1120260
1121879
1122721
1123889
1124184
1125031
1126027
1126408
1129015
1129843
1130728
1131485
1132332
1133683
1133966
1134431
1135979
1136168
1137274
1137848
1138717
1139629
1140196
1141117
1141632
1141715
1141851
1142209
1143008
1144006
1145309
1145539
1146869
1147848
1149053
1149272
1149528
1150584
1150870
1153195
1154078
1154372
1154463
1155162
1155727
1155914
1156244
1157131
1157695
1158804
1160895
1161096
1161183
1161681
1162000
1162770
1163056
1163622
1164158
1165764
1166271
1167890
1168022
1168332
1169160
1169790
1170069
1170308
1170395
1170428
1171198
1171919
1172662
1173124
1173301
1173389
1173420
1174409
1175094
1175661
1176613
1176934
1176975
1177441
1177536
1177814
1178878
1179738
1180335
1181161
1181165
1181315
1181446
1181730
1181827
1182269
1182406
1182902
1183610
1184097
1184113
1184516
1184865
1184879
1184908
1185539
1186334
1187057
1187236
1188882
1189925
1190382
1191168
1191483
1191499
1191552
1191680
1192127
1192352
1193119
1193243
1194511
1194692
1194929
1195387
1195439
1195987
1196239
1196927
1197070
1197085
1198605
1198611
1199120
1199516
1199654
1201066
1201279
1201901
1202077
1202626
1203020
1203111
1203149
1203675
1204385
1204408
1205075
1205159
1205203
1206855
1207056
1208557
1208686
1209402
1209621
1209789
1210398
1212124
1212420
1213363
1215444
1216471
1217765
1219037
1219074
1219210
1219314
1219318
1219507
1219819
1220655
1220802
1221803
1222152
1225243
1225517
1226247
1226597
1226944
1228230
1228642
1229442
1229492
1229536
1231145
1231333
1231537
1232618
1232669
1232869
1233234
1233860
1236728
1237118
1237190
1237239
1237304
1237606
1237750
1238195
1238259
1240288
1240837
1241280
1241282
1241817
1241819
1242247
1243724
1244478
1244544
1244973
1245344
1246152
1246724
1246896
1247204
1247313
1247665
1249213
1250068
1251903
1252817
1252827
1255346
1255990
1256351
1256424
1256464
1257212
1257346
1258180
1258353
1258400
1258841
1259130
1259240
1259417
1259740
1260423
1261142
1261825
1262558
1264432
1264814
1267658
1269172
1269216
1269883
1269923
1270322
1270890
1271107
1271754
1271932
1272347
1272866
1272883
1274662
1275108
1275876
1276080
1276168
1278170
1278223
1278349
1278675
1278990
1282294
1283007
1283155
1284619
1285166
1285334
1285381
1287555
1287985
1288729
1289943
1290052
1290479
1290886
1291531
1292922
1293386
1293501
1293795
1293824
1295901
1296164
1296237
1296818
1297165
1298704
1299820
1299882
1302010
1302115
1303838
1304652
1305615
1305918
1306066
1306081
1306427
1307823
1310046
1312149
1312509
1312545
1312974
1313717
1314162
1314990
1315165
1315273
1315363
1315940
1316665
1318332
1318449
1319160
1319982
1320518
1320996
1321027
1322066
1322118
1323498
1324481
1325051
1326184
1326946
1326992
1327237
1327907
1328096
1328118
1328343
1328665
1329057
1330315
1331197
1331988
1331994
1332463
1334169
1334222
1334429
1335184
1335645
1336532
1337194
1338089
1338438
1339752
1341929
1342043
1342642
1343286
1343375
1343928
1344314
1346143
1348037
1348225
1349030
1350643
1350668
1351689
1352017
1352142
1352401
1352772
1354742
1356819
1357363
1357928
1360003
1360260
1360513
1360859
1362306
1362705
1363784
1364122
1364594
1364788
1365251
1365323
1365914
1365927
1366037
1366295
1366313
1366542
1367162
1367939
1368468
1368718
1369522
1370031
1370959
1371682
1372034
1372053
1372165
1373107
1375783
1376392
1377586
1377841
1377915
1378011
1378552
1378659
1378868
1378978
1379084
1379459
1380209
1380263
1381324
1381454
1381984
1382268
1382774
1384992
1385065
1386381
1387117
1387149
1388375
1388783
1389132
1391489
1392053
1392163
1393803
1394028
1394076
1394450
1395172
1396264
1396915
1396994
1397371
1397396
1400233
1401850
1402402
1403139
1403365
1404779
1404936
1407036
1407221
1407841
1409106
1409424
1409669
1410548
1412715
1413678
1413761
1415023
1415480
1415576
1416827
1418940
1419857
1419898
1420663
1420724
1422023
1424058
1425292
1426979
1427040
1428220
1428283
1428365
1429659
1429940
1430822
1432032
1432575
1432644
1432989
1433019
1433272
1433472
1433610
1433919
1434421
1434508
1435082
1435315
1437045
1437233
1437811
1438512
1439243
1440676
1441282
1442454
1442877
1444433
1445438
1445464
1446247
1446350
1448917
1449056
1449315
1449718
1450617
1451660
1451987
1452811
1453232
1454364
1455979
1456439
1456788
1459549
1459797
1460062
1460196
1460342
1460598
1460608
1460686
1460944
1461736
1462379
1462781
1463186
1464318
1464325
1464470
1464544
1465388
1465626
1466555
1467071
1467698
1467743
1468106
1468151
1469442
1470578
1471616
1471694
1471852
1472961
1473047
1474436
1474461
1474901
1475232
1475617
1476264
1476659
1476861
1478291
1479081
1480117
1481233
1481333
1481763
1481817
1482035
1483047
1483158
1483261
1483356
1483780
1484066
1484123
1484285
1484820
1486538
1488130
1488473
1488824
1488829
1491256
1491915
1492304
1492415
1493024
1493367
1493509
1494490
1495116
1495474
1495611
1496116
1496702
1497553
1498297
1498344
1498873
1499720
1501190
1501391
1502750
1502823
1503731
1504497
1504810
1505222
1505591
1506196
1507004
1507295
1507673
1507915
1508973
1508980
1509169
1509391
1510331
1513002
1514706
1514866
1515000
1515134
1515580
1515674
1515756
1515937
1516897
1517803
1519417
1519659
1520036
1520687
1522360
1523330
1524826
1525160
1525457
1525774
1526012
1526145
1526588
1526597
1527314
1527315
1528373
1529160
1529480
1530035
1530756
1531326
1532773
1533169
1533415
1533566
1533836
1534174
1534654
1534887
1535038
1535312
1536086
1536318
1536572
1536601
1537244
1537617
1537712
1537743
1539691
1540113
1540471
1540884
1541085
1541255
1542119
1542889
1542927
1543029
1543271
1543900
1543973
1544158
1544632
1545622
1545790
1545798
1546155
1546792
1547590
1547696
1547938
1548751
1549312
1550131
1550280
1550496
1551543
1551581
1552271
1554354
1555574
1555744
1555854
1555958
1556716
1557687
1557793
1558691
1558973
1559058
1561304
1561356
1561620
1561810
1562132
1563406
1563438
1563730
1564079
1564181
1564902
1565695
1566349
1567028
1567990
1568771
1570070
1570692
1571629
1571851
1571948
1572392
1572539
1573121
1573314
1573936
1574331
1575118
1575559
1576312
1576337
1577093
1578333
1578461
1578888
1579261
1579492
1580636
1580696
1581070
1582214
1582256
1582493
1584377
1585636
1586531
1586603
1586940
1587997
1590786
1591225
1592022
1592779
1593059
1593114
1593395
1594566
1595130
1595374
1595805
1596445
1597630
1597981
1598266
1598963
1599040
1599435
1599675
1600922
1601125
1602422
1602839
1602955
1603231
1604196
1604380
1605589
1605863
1606708
1607647
1609236
1609606
1609942
1610427
1611627
1612580
1613041
1613740
1614061
1614157
1615460
1615600
1615996
1616150
1616223
1617599
1617682
1617891
1618386
1618494
1619755
1620282
1620587
1621258
1622503
1623340
1624640
1625598
1626645
1627428
1627771
1627815
1629089
1629599
1630004
1630309
1630792
1630935
1631422
1631442
1632003
1632074
1632136
1632372
1632592
1633071
1633474
1633562
1634336
1634649
1635731
1635977
1636288
1637137
1638451
1639298
1639996
1640388
1641390
1641967
1642030
1642858
1643314
1643518
1644848
1644985
1645057
1645132
1645148
1645746
1646044
1646051
1646456
1647213
1648702
1649182
1650073
1650307
1650418
1650720
1650923
1651036
1651166
1651428
1651491
1651514
1652475
1653260
1654061
1654405
1654472
1654802
1654854
1654870
1655529
1655697
1656541
1656775
1657942
1658677
1660574
1660808
1661259
1661341
1661622
1661847
1662675
1663000
1663460
1665603
1665816
1665871
1667618
1669050
1669656
1670094
1670768
1670810
1673433
1673467
1673469
1675366
1675386
1675387
1677405
1677707
1678421
1678604
1678785
1679088
1679557
1679585
1680913
1683525
1685333
1686709
1687157
1687458
1688123
1690913
1690979
1691862
1692796
1692876
1693357
1693403
1693471
1693533
1693906
1694157
1694462
1695606
1695620
1696885
1697307
1697427
1697566
1697598
1698007
1699026
1699094
1699281
1699851
1700457
1700481
1700971
1701083
1703443
1703911
1703999
1704136
1704623
1705649
1705792
1707425
1708409
1709622
1709872
1710481
1713023
1713148
1713431
1713920
1714505
1716602
1718507
1720797
1721100
1722405
1722878
1724018
1724817
1724859
1725320
1725853
1727422
1727796
1728128
1728380
1728406
1730398
1730640
1731107
1731261
1732314
1733459
1733789
1733924
1734599
1734914
1734921
1735956
1736500
1737346
1737806
1737934
1738884
1739909
1740351
1740533
1740707
1740828
1741452
1741923
1742364
1743189
1743231
1743713
1744558
1745217
1747199
1747382
1748693
1749416
1750146
1750207
1750497
1751418
1751825
1752125
1753258
1753319
1755396
1756896
1757003
1757167
1758076
1760915
1761304
1762280
1762633
1762690
1764671
1765210
1767475
1767732
1767892
1768451
1768572
1768628
1768971
1769543
1769617
1769982
1770001
1771415
1772859
1773309
1773855
1774529
1774863
1775323
1775773
1776284
1777617
1778273
1779904
1780098
1780332
1780713
1781169
1781380
1781654
1781911
1782401
1782567
1786873
1787245
1789774
1789806
1790282
1790721
1791499
1792590
1792912
1793428
1794070
1794497
1794501
1794873
1795360
1796400
1797913
1798046
1798214
1798650
1798925
1800084
1800343
1800461
1800532
1800584
1801039
1802847
1802900
1803543
1803561
1805309
1805907
1806376
1806801
1807608
1807960
1810085
1810136
1810493
1810691
1811238
1811480
1811722
1812235
1812572
1813123
1814062
1814076
1815575
1815763
1816124
1816826
1817459
1817931
1819219
1819636
1819814
1819855
1820289
1820636
1821012
1821277
1821750
1821832
1822232
1822412
1822459
1822705
1822726
1824613
1824991
1826505
1826722
1826901
1827995
1828054
1828717
1829780
1830495
1830562
1830621
1831289
1832105
1832344
1832820
1833816
1834350
1835203
1835581
1836042
1836055
1836718
1837524
1838302
1838560
1838696
1838986
1839671
1840229
1840586
1840892
1840954
1841081
1841158
1841296
1841793
1841938
1842540
1842985
1843151
1843559
1843782
1844550
1844937
1845160
1847417
1848866
1849026
1849154
1849740
1850124
1850510
1851557
1851676
1853106
1853679
1854164
1854911
1855175
1855266
1855826
1855834
1857834
1858207
1858688
1859021
1859346
1859796
1859813
1860512
1860627
1860961
1860988
1861581
1861659
1861812
1862823
1863911
1866255
1866924
1867037
1868445
1868897
1869148
1869871
1870103
1870725
1870855
1871564
1871917
1872084
1873316
1874242
1874323
1874441
1874782
1875173
1875690
1875755
1875954
1876480
1877350
1877376
1879129
1879629
1879811
1880188
1881144
1881679
1881913
1882374
1882569
1883499
1883518
1885184
1885593
1887268
1887396
1887770
1888228
1889058
1889228
1890323
1890671
1890958
1891153
1891900
1893588
1893646
1893743
1893751
1893826
1894704
1895184
1895305
1895804
1895850
1896505
1898043
1898261
1898318
1900653
1901764
1902550
1902593
1903753
1903892
1904274
1904480
1905265
1905399
1905667
1905872
1907145
1907772
1908225
1909640
1910927
1910949
1911871
1911962
1911976
1912717
1912835
1914831
1915650
1916081
1916199
1916229
1916795
1917405
1917578
1917778
1917889
1918465
1918470
1918819
1919677
1920279
1921922
1922660
1922674
1922770
1923629
1924472
1925393
1925674
1926966
1929054
1929142
1929353
1929757
1929809
1930050
1930337
1930631
1930945
1931070
1931956
1933897
1934588
1937108
1939772
1940640
1940764
1941294
1942836
1943730
1943752
1943876
1944411
1947705
1948418
1948732
1949034
1949724
1950726
1950939
1951057
1952096
1952944
1953266
1954529
1955628
1956599
1956735
1958247
1958462
1961144
1961956
1961981
1962141
1962709
1963189
1963242
1963387
1963994
1964697
1965329
1966657
1966716
1967380
1967685
1968053
1968101
1971147
1971599
1971785
1972452
1972494
1973188
1973736
1974279
1975268
1975366
1975721
1975726
1976060
1977080
1977392
1979138
1979712
1980007
1980728
1981214
1981371
1982362
1984335
1984635
1985337
1985345
1985374
1985594
1985634
1986217
1986240
1986276
1986555
1986681
1987793
1988019
1988313
1988549
1988550
1989061
1990731
1990861
1991016
1995761
1995873
1996779
1997047
1997167
1997632
1999517
1999745
1999784
2000679
2001585
2002984
2003704
2004455
2004507
2004632
2004693
2005128
2008005
2008337
2008344
2008939
2009431
2009912
2010762
2011532
2011975
2012006
2012210
2014682
2015669
2016305
2017610
2017636
2018825
2018909
2019700
2020274
2020669
2021118
2022125
2022940
2023395
2025538
2025838
2025992
2027024
2028958
2031717
2031910
2032431
2033657
2034145
2034371
2034448
2034472
2034932
2036513
2036620
2036921
2037489
2037535
2037651
2037766
2037935
2038672
2038785
2038891
2041688
2042909
2043212
2043286
2044500
2044611
2044827
2045792
2046655
2046979
2047433
2048913
2052188
2052216
2052379
2052472
2052480
2053080
2053137
2053632
2054555
2055705
2055807
2055823
2056332
2056489
2058699
2059360
2060556
2061867
2062541
2062928
2063763
2064415
2065184
2065199
2065763
2066739
2067448
2067651
2067798
2067810
2068136
2068611
2070270
2070325
2070864
2070916
2070944
2071941
2072051
2072335
2072655
2072946
2075917
2075971
2076192
2076284
2077149
2077893
2078668
2079100
2079686
2080142
2080208
2080860
2080999
2082207
2082405
2083301
2083776
2085184
2086678
2086695
2087529
2087684
2087895
2088399
2088613
2088759
2089842
2090044
2090157
2090292
2092495
2093517
2094447
2095495
2095706
2095930
2096090
2096787
2096802
2098252
2098333
2098551
2099202
2099752
2100825
2101946
2102699
2102710
2102979
2103487
2104022
2105154
2105794
2106078
2106947
2107672
2107724
2108071
2108955
2109227
2110271
2111038
2111546
2111774
2111775
2112134
2112744
2113163
2114669
2115656
2116332
2116586
2116919
2117038
2117350
2117544
2117913
2117976
2118014
2118579
2118800
2118853
2120696
2121842
2122142
2122599
2123081
2123417
2124486
2124787
2124876
2125038
2125596
2125670
2126739
2127193
2128037
2128593
2131091
2131808
2132059
2132356
2132616
2132717
2133260
2134617
2134632
2134712
2135164
2137448
2138383
2138682
2139843
2140127
2140327
2141017
2142306
2142599
2142699
2143932
2144401
2145105
2145390
2145596
2145904
2147533
2147744
2147963
2148974
2149026
2149574
2149690
2151452
2152352
2153275
2153416
2153518
2154771
2155269
2157081
2157120
2157542
2158005
2158160
2158834
2160842
2161064
2161549
2161894
2164591
2166807
2166904
2167964
2169296
2169951
2170098
2170328
2170390
2170456
2170787
2171360
2171587
2173333
2174203
2174877
2175253
2175318
2175610
2176596
2177571
2179504
2180135
2181838
2182754
2183234
2183904
2184183
2184494
2185025
2185072
2185338
2185365
2186436
2187909
2188752
2188893
2189384
2189413
2193745
2194104
2196525
2197207
2197674
2198733
2200261
2200354
2201034
2201658
2203036
2203141
2203155
2203520
2204634
2204655
2204684
2205206
2205417
2206112
2206757
2207904
2207940
2208255
2208390
2209369
2209574
2209957
2212013
2213974
2214612
2215477
2215625
2216044
2216514
2216652
2216734
2216903
2218105
2219071
2219929
2220059
2220614
2220642
2220717
2221434
2221744
2222126
2223313
2224840
2224970
2225355
2225458
2226741
2227215
2227887
2228311
2228407
2230186
2230936
2231252
2231694
2232230
2233297
2233847
2236246
2236412
2236430
2237223
2237441
2238197
2238247
2238252
2238391
2239678
2240890
2241908
2242481
2243324
2243418
2245418
2245724
2245920
2246010
2246323
2248614
2249237
2249698
2250293
2250678
2250713
2251458
2252106
2252489
2252588
2252836
2253497
2254427
2254685
2256231
2256496
2257143
2257245
2257475
2257648
2258125
2259746
2259852
2259901
2260526
2260931
2261701
2261712
2262184
2262266
2262396
2262398
2263783
2263984
2265198
2266178
2266839
2266999
2267122
2267220
2267432
2267683
2267877
2269051
2269192
2270497
2270865
2271235
2271558
2271996
2272485
2272859
2274465
2274490
2275519
2276776
2277091
2277314
2277446
2278376
2278750
2279120
2279302
2280087
2280828
2280895
2281600
2281661
2284386
2285700
2286665
2287623
2288009
2288952
2289679
2289924
2291720
2293040
2293476
2293825
2293939
2294358
2294815
2295063
2296132
2296400
2297635
2298233
2299054
2299291
2299876
2300496
2300707
2301456
2302414
2302986
2303162
2303824
2303852
2303897
2305027
2305172
2305440
2305569
2305793
2305850
2307162
2307210
2307640
2307657
2307762
2308909
2311638
2312615
2312809
2313414
2313858
2315404
2315720
2316431
2316516
2316984
2317157
2318138
2318710
2318969
2319541
2321719
2322998
2323499
2324157
2324516
2325150
2325418
2325970
2326197
2327105
2327135
2328136
2328139
2329981
2330430
2330828
2332591
2333004
2334014
2334764
2335462
2335643
2336322
2336743
2336789
2340430
2341752
2342007
2342534
2342757
2346208
2346369
2347007
2347025
2347565
2348061
2348699
2349756
2350160
2350545
2351055
2352011
2352469
2352896
2352903
2353767
2353973
2354212
2354731
2354847
2354858
2355264
2355418
2355465
2357097
2357589
2357694
2357802
2358259
2358483
2359547
2359625
2360230
2360536
2362845
2364126
2364561
2365988
2366335
2366845
2367149
2367699
2367860
2368562
2368613
2368757
2368847
2369128
2369783
2370374
2370810
2371184
2371284
2372141
2372731
2372838
2373073
2374212
2375074
2377713
2379300
2380673
2381030
2381939
2382721
2383556
2384059
2385590
2385605
2385760
2386027
2386207
2387134
2389511
2389556
2390004
2390624
2391184
2392418
2392765
2395062
2395375
2395604
2397320
2398978
2400782
2402309
2403154
2404798
2404925
2405740
2406233
2406367
2406385
2406450
2406834
2407484
2408388
2409469
2409729
2410012
2411745
2412845
2413056
2413757
2414017
2414280
2415997
2416293
2416328
2416613
2417017
2418041
2418406
2418538
2419595
2420054
2421174
2421795
2422058
2422957
2423301
2423411
2423569
2426460
2426909
2427161
2427569
2427687
2427697
2429567
2430534
2431240
2431410
2431993
2432720
2433156
2433254
2434777
2435161
2438470
2438483
2438984
2439797
2439935
2440032
2441118
2441401
2441581
2442239
2443501
2443905
2443937
2444877
2445422
2445639
2446068
2446391
2446618
2446803
2448836
2449281
2450086
2451147
2451455
2452658
2454383
2454398
2454423
2454743
2455376
2456814
2457618
2457761
2458375
2458488
2458802
2459103
2459550
2459557
2459989
2460129
2462318
2464048
2465811
2465825
2465872
2465966
2466017
2466811
2467436
2468625
2468989
2471836
2472734
2472783
2473341
2474888
2475543
2476194
2478795
2479089
2479281
2479765
2479919
2481304
2482126
2482159
2482377
2482431
2482764
2483448
2484725
2484771
2484786
2484914
2485780
2487746
2490300
2490954
2490999
2491067
2491978
2493784
2494605
2495676
2497591
2498381
2498458
2498583
2499766
2501062
2501844
2501849
2501900
2501948
2502642
2503275
2504130
2504153
2504671
2506343
2507118
2507709
2507892
2508019
2508060
2508416
2508536
2508799
2508885
2510894
2510900
2511913
2512788
2512919
2514162
2514513
2515272
2515338
2515930
2516416
2516450
2516645
2516752
2517567
2517630
2518247
2519245
2519416
2519816
2520462
2521276
2521631
2522236
2522331
2522481
2522522
2524804
2528573
2529632
2531558
2531972
2532300
2532498
2532882
2533284
2533568
2533900
2534014
2535804
2536176
2536960
2538241
2538731
2538744
2538861
2540173
2540513
2540534
2540574
2542100
2542477
2542495
2542513
2544790
2545294
2545510
2547561
2548022
2548250
2548553
2549271
2550569
2550961
2552569
2553184
2554203
2554394
2555483
2556291
2556465
2557034
2558267
2558471
2558718
2560470
2560594
2561564
2561584
2561728
2563338
2563601
2564005
2564200
2564893
2565295
2565370
2566436
2567546
2567776
2567883
2567884
2567916
2568855
2568985
2569428
2569949
2570158
2570266
2570663
2570972
2571525
2571527
2572760
2572948
2573193
2573733
2573988
2574128
2574251
2574741
2574792
2574838
2575190
2577071
2577234
2577336
2577598
2578512
2579628
2579729
2580075
2580274
2580641
2580905
2581341
2581599
2581661
2581739
2582285
2582581
2583165
2583439
2583863
2583918
2584324
2585063
2585137
2585172
2585294
2585505
2585577
2586258
2586394
2586410
2586480
2587509
2587529
2588000
2588591
2588599
2588658
2589709
2590004
2590546
2590748
2591503
2592587
2593312
2593800
2593813
2594174
2594455
2594997
2595507
2595578
2595585
2596509
2596820
2598470
2598704
2599467
2599983
2600363
2601757
2602617
2602668
2604108
2604243
2604358
2604754
2605861
2606214
2606501
2606750
2606813
2608531
2608725
2608843
2609307
2609466
2609565
2609741
2609782
2610389
2612213
2613183
2614006
2614068
2614417
2615499
2615833
2616274
2616662
2616747
2617022
2617036
2618137
2619885
2619939
2620856
2621225
2621446
2621449
2621931
2622988
2623505
2623824
2625195
2626186
2626834
2627262
2627470
2628110
2630723
2631502
2631676
2632082
2632789
2634073
2634194
2635499
2635617
2635660
2635662
2636422
2636813
2637856
2638293
2638372
2638464
2638466
2639305
2640103
2640591
2640918
2642167
2642469
2642611
2643018
2643661
2643727
2643987
2645142
2646092
2647369
2647473
2647564
2650296
2650916
2651144
2651308
2651465
2651669
2651903
2653466
2653934
2654178
2656202
2656227
2656566
2658451
2659030
2659138
2659141
2659208
2660022
2660411
2661367
2663031
2663547
2663558
2663607
2663959
2664159
2665017
2665889
2666431
2666583
2667802
2668523
2669106
2669144
2669981
2670133
2671421
2671581
2672923
2673590
2673593
2674030
2674314
2674459
2674733
2674840
2676014
2676075
2676579
2677029
2677382
2677502
2677718
2678560
2678652
2680939
2681184
2681600
2682494
2683395
2683724
2684125
2684225
2684360
2684502
2685049
2686401
2687015
2687561
2687992
2688847
2690226
2690380
2691892
2692183
2692483
2693192
2693615
2694728
2695261
2695721
2695880
2696064
2696455
2696585
2696941
2697849
2698324
2699151
2699673
2701209
2702069
2703164
2703347
2705378
2705441
2705739
2706458
2707460
2707940
2708299
2708380
2709197
2709211
2710398
2710432
2710827
2711026
2711121
2711163
2712068
2712976
2713879
2714196
2715539
2715723
2716040
2716377
2716706
2717238
2717911
2718756
2719199
2719318
2719581
2720582
2720761
2721280
2722249
2722349
2722860
2724714
2725529
2726786
2727237
2728522
2728636
2728697
2728829
2729439
2729460
2730314
2730415
2731055
2731279
2731335
2731429
2731810
2732800
2733789
2733937
2734033
2734266
2734448
2734656
2735235
2735687
2736424
2736480
2736915
2737558
2737571
2737816
2738339
2738979
2739412
2739583
2740323
2740541
2741957
2741989
2742066
2743023
2743594
2743596
2744154
2744344
2744921
2745859
2746656
2747403
2747568
2748239
2748465
2749356
2749908
2749922
2750232
2750305
2752237
2752297
2753640
2754022
2754707
2754816
2756166
2757449
2758127
2758221
2758574
2759488
2760397
2760695
2760836
2760971
2761219
2761503
2762314
2762328
2763029
2765031
2766678
2766743
2767521
2768116
2768567
2769009
2769661
2770060
2771646
2772393
2772725
2773564
2774368
2775380
2776164
2776348
2776448
2776528
2776915
2776922
2777080
2777201
2777607
2777856
2777879
2778182
2778326
2778461
2778635
2778751
2779074
2779869
2780833
2781180
2782070
2782353
2784322
2785686
2786601
2786614
2786679
2786792
2787928
2788104
2788545
2789341
2789488
2789854
2790063
2790110
2790272
2791484
2791561
2793631
2794543
2795055
2795643
2796529
2797772
2797892
2798147
2798501
2798791
2799077
2799855
2799895
2799940
2800462
2801700
2802144
2802280
2802592
2802729
2803282
2803725
2803945
2804570
2804634
2804679
2806140
2806161
2806199
2806655
2807416
2807448
2807985
2808334
2808702
2809451
2809812
2810970
2811127
2811925
2812804
2812850
2813193
2813528
2814027
2816158
2816538
2817655
2817870
2818345
2820954
2823373
2823410
2823734
2826247
2826615
2826639
2827988
2829571
2829942
2830872
2832511
2832835
2833122
2833377
2833783
2834181
2834876
2835877
2835879
2836258
2836355
2836532
2836574
2836599
2837271
2837559
2837987
2838431
2838591
2838748
2839268
2840311
2841438
2842148
2842339
2842532
2843745
2843872
2845314
2845390
2845489
2845635
2845789
2846159
2846709
2847055
2847204
2847287
2847330
2848330
2848930
2850287
2851301
2851655
2852893
2853164
2853313
2853990
2854233
2854483
2854738
2855371
2856390
2856403
2856482
2856487
2856714
2857042
2857187
2857523
2857869
2859260
2859296
2859946
2860246
2860568
2861495
2862666
2863014
2863847
2863874
2865824
2866682
2866856
2867618
2868022
2868631
2869818
2872754
2873871
2874390
2875880
2876460
2877154
2877481
2878935
2878967
2879247
2879456
2879672
2880198
2881223
2881294
2881629
2884366
2884758
2886201
2887511
2888331
2889231
2890090
2890617
2890885
2891535
2891620
2891705
2892840
2892973
2893700
2893910
2893972
2894642
2895177
2895190
2895406
2895690
2896199
2896915
2898083
2898537
2898925
2899636
2899676
2899811
2899865
2902162
2902721
2903492
2905420
2905626
2906084
2906404
2907475
2908212
2908368
2909027
2909381
2910752
2911339
2913396
2913438
2913639
2913667
2913721
2913982
2914034
2915177
2915924
2916528
2916849
2918470
2919403
2920720
2920892
2921247
2921362
2921436
2921710
2921868
2923700
2925651
2926055
2927236
2928869
2929007
2929292
2929925
2930497
2930575
2931915
2932004
2934149
2936070
2936092
2936411
2936724
2936737
2938545
2939058
2939482
2941797
2941948
2942546
2942795
2943485
2944062
2944260
2944921
2945102
2946341
2947867
2949383
2950581
2951074
2951193
2951426
2951562
2952122
2952735
2953197
2953785
2954426
2956197
2956419
2956534
2957622
2958187
2959685
2959836
2961222
2961781
2962258
2962571
2963638
2965085
2965358
2966048
2967043
2967883
2969169
2969525
2969561
2970127
2970783
2972550
2973982
2974148
2974683
2975097
2975400
2975879
2976131
2977069
2977937
2978370
2978979
2979334
2980676
2981820
2982169
2983215
2983283
2983743
2983871
2985324
2985363
2986221
2986873
2986987
2988183
2988590
2988846
2989512
2989901
2990060
2990698
2991965
2992169
2992595
2992716
2992810
2993066
2993340
2993449
2993928
2994359
2994641
2994738
2995089
2995323
2995684
2996320
2997855
2999859
3000482
3000882
3001156
3002145
3003193
3004792
3005091
3005640
3006296
3006348
3006444
3006689
3007606
3008272
3008775
3009493
3009634
3010394
3011018
3011754
3012313
3012857
3013653
3013785
3014822
3015019
3015096
3015313
3017058
3017154
3018323
3018645
3019495
3019747
3019756
3020104
3021334
3021351
3021933
3022811
3023243
3024714
3025756
3026346
3027503
3027718
3028795
3029038
3029120
3030446
3031946
3032530
3032599
3032632
3032686
3034185
3034447
3034460
3034651
3034685
3035412
3035969
3036260
3036481
3036531
3037051
3037362
3037521
3037827
3038015
3038024
3038173
3038588
3038777
3039426
3040553
3041034
3041680
3042169
3043129
3043374
3044521
3044812
3045420
3047053
3047144
3047743
3050294
3050869
3052904
3053172
3053632
3054793
3055686
3056017
3057102
3057374
3057687
3057695
3058005
3058922
3059068
3059184
3059223
3059393
3059520
3060031
3061212
3061495
3061651
3062160
3062239
3062763
3063496
3064264
3064814
3065235
3065649
3065794
3066575
3068178
3068276
3069090
3069564
3069737
3069779
3070237
3070864
3071628
3071644
3073801
3073977
3074008
3076151
3076220
3076311
3076381
3076721
3076948
3077154
3077400
3077878
3079367
3079541
3079837
3079960
3080638
3080753
3081192
3081486
3082712
3082854
3084564
3086252
3086713
3087694
3087771
3088634
3090297
3090782
3091271
3092419
3092443
3092818
3094875
3095122
3095227
3095970
3096128
3097479
3097496
3097753
3097974
3099241
3100164
3100353
3100511
3101282
3101618
3101832
3101857
3102749
3104340
3104490
3104909
3105588
3107288
3107798
3109231
3110616
3111793
3112371
3112865
3112938
3114046
3114696
3115585
3115887
3116060
3116581
3116972
3117212
3117338
3117759
3117802
3118183
3118873
3119585
3119858
3121023
3122334
3123905
3124466
3124574
3125441
3127691
3128110
3128643
3128666
3128834
3129584
3130270
3130524
3130753
3131536
3131694
3133112
3133209
3133788
3133975
3134719
3135312
3135387
3136174
3137125
3137244
3137659
3137940
3138652
3139017
3139404
3139411
3139506
3139988
3140683
3140696
3141037
3141622
3142589
3142732
3143593
3143707
3143719
3144222
3144408
3145381
3145814
3145901
3147338
3147896
3148034
3148324
3149002
3149652
3150071
3150152
3150749
3151172
3152844
3153130
3153866
3155340
3156498
3157095
3157151
3157159
3157560
3157581
3158356
3159971
3160329
3160419
3161705
3161802
3162447
3163287
3163928
3164956
3165244
3166408
3166970
3167068
3167132
3168134
3168600
3168739
3169368
3169414
3169440
3169960
3170467
3171200
3172738
3172933
3173249
3174126
3174688
3174706
3174751
3174884
3175143
3175403
3177781
3177989
3178268
3179149
3180106
3180259
3181319
3181521
3181549
3182689
3183665
3184058
3184581
3184777
3185148
3185876
3186443
3189697
3189883
3189898
3191557
3191951
3192524
3192662
3192716
3193343
3194102
3195393
3196633
3196935
3197605
3198010
3198785
3199103
3201457
3201462
3202971
3204042
3204839
3205103
3205891
3206287
3207497
3207884
3208216
3209235
3209534
3209722
3209974
3211856
3213879
3215900
3215995
3216421
3216494
3216694
3217020
3218372
3218948
3219488
3220101
3220765
3221043
3221232
3221472
3222819
3223831
3224130
3224441
3224454
3225688
3226554
3226583
3226950
3227371
3227497
3228249
3229048
3229643
3229699
3230063
3230307
3232139
3232320
3232511
3232523
3232877
3233685
3233780
3234606
3235517
3235843
3236036
3236475
3237260
3237973
3239808
3240458
3240740
3241277
3241602
3242340
3243449
3243490
3244178
3244771
3245936
3246021
3246637
3247179
3248191
3248207
3249215
3249231
3249429
3249515
3251060
3251392
3251423
3251664
3251813
3252429
3252961
3253864
3254689
3254813
3255586
3255814
3257581
3258370
3260695
3260707
3260975
3261647
3261668
3262195
3262288
3263634
3263685
3264474
3264866
3265082
3265807
3266335
3266492
3266750
3267127
3267768
3268499
3269446
3269451
3270268
3271544
3271955
3272206
3274241
3274628
3275098
3275802
3275910
3276529
3277249
3278170
3279078
3279307
3281499
3281523
3283455
3283606
3284694
3284868
3285663
3285703
3286517
3286630
3286725
3287126
3287770
3289581
3290250
3290289
3291028
3291479
3294771
3294919
3295648
3296163
3296442
3298467
3298759
3300197
3300572
3300711
3300954
3301456
3302128
3304053
3305385
3305527
3306333
3307120
3307386
3308292
3308347
3309569
3310684
3310808
3311713
3312205
3313196
3313275
3313418
3314338
3315468
3315564
3315683
3316722
3316898
3317617
3319172
3319469
3319718
3320017
3320024
3320801
3321911
3322072
3322934
3323562
3323747
3323841
3323960
3325178
3325798
3327840
3327963
3328582
3328894
3328967
3329502
3330232
3330793
3330924
3331111
3331181
3331853
3333650
3333876
3335545
3336656
3337002
3337281
3338508
3338808
3339740
3339985
3341003
3342601
3342667
3342999
3343389
3343943
3345328
3346024
3347281
3347698
3348531
3350112
3350583
3351228
3352736
3352981
3353095
3354925
3355123
3355824
3356133
3357148
3357966
3358182
3358317
3358424
3358930
3359205
3359225
3359725
3360678
3360761
3361511
3362803
3362907
3363120
3363511
3363964
3364480
3365448
3365492
3366199
3366309
3366675
3368317
3368678
3369142
3369907
3371216
3371622
3371942
3372024
3372655
3372889
3373730
3373907
3375000
3376011
3376042
3378027
3378773
3378853
3378910
3379530
3379842
3379874
3380017
3381448
3383023
3383470
3383662
3383684
3384569
3384900
3385387
3386327
3387228
3388332
3388542
3388965
3389698
3390457
3390598
3391475
3391590
3392394
3392518
3392522
3392896
3392958
3393441
3394499
3395598
3395728
3395948
3396937
3398119
3398383
3398573
3399444
3399977
3401671
3403138
3403691
3403723
3403915
3404373
3405410
3405507
3407353
3408043
3408539
3408625
3408873
3410931
3411098
3411641
3412037
3412274
3412452
3413975
3414676
3414866
3415250
3415879
3417563
3418919
3419651
3420255
3421320
3421436
3421473
3421761
3421775
3422325
3423245
3423851
3424572
3425100
3428311
3428752
3429340
3429523
3429886
3429927
3430956
3431465
3431642
3432014
3432278
3432321
3432863
3432941
3433379
3433760
3434180
3434235
3434395
3434454
3434831
3437113
3437503
3439469
3440292
3443847
3443895
3444550
3445140
3445333
3445477
3446906
3446958
3447375
3447662
3448566
3449821
3450753
3451279
3451469
3451937
3452762
3452956
3453116
3454113
3454296
3454330
3454399
3454833
3455668
3456192
3457244
3458106
3458198
3458946
3460508
3460540
3460887
3460962
3461849
3462637
3462744
3463186
3463321
3463495
3463743
3464548
3465057
3465329
3466419
3466447
3467119
3467553
3467999
3468666
3468744
3469878
3469906
3470058
3470136
3470518
3471106
3471247
3471393
3471565
3473315
3473858
3474125
3475186
3475191
3475238
3476310
3476325
3477445
3477752
3478050
3478271
3478298
3478428
3478766
3479581
3480955
3482258
3482927
3483638
3483811
3484204
3485124
3485180
3485980
3486265
3487183
3487265
3487389
3487518
3487800
3488230
3490551
3491249
3491448
3491580
3491684
3492887
3493684
3494368
3494900
3495453
3495802
3496065
3496709
3497745
3497924
3498825
3499764
3501717
3501868
3502349
3504512
3504663
3505018
3505184
3505357
3505992
3506358
3508148
3508202
3509922
3510208
3510659
3510785
3510890
3511322
3511569
3511707
3511912
3511956
3513072
3513971
3516114
3516300
3516626
3516801
3517796
3518359
3518404
3518449
3518956
3519017
3520293
3520301
3520418
3521020
3521038
3523886
3525494
3525861
3526395
3526797
3528064
3528239
3530071
3530557
3530671
3530921
3531293
3531749
3532240
3534630
3534668
3535060
3535082
3535308
3535869
3536469
3536752
3538110
3541047
3541415
3542444
3543010
3543472
3544380
3544461
3544503
3544832
3545017
3545644
3545829
3545961
3546431
3546728
3547449
3548589
3548633
3548924
3549112
3549325
3549329
3549474
3549506
3549688
3550390
3550665
3551871
3552989
3553417
3553531
3554358
3554467
3554507
3555731
3556284
3556897
3557104
3557395
3558063
3558072
3559581
3559768
3561015
3561088
3563497
3563572
3563982
3564029
3564316
3564391
3567052
3567335
3568150
3568629
3569865
3571104
3571568
3573405
3573672
3574148
3575577
3575949
3576082
3576200
3577033
3578045
3579191
3579372
3579869
3580231
3580809
3581338
3581667
3582145
3582358
3582744
3583361
3583901
3584189
3584643
3585831
3586578
3587325
3588066
3588193
3588929
3592519
3592969
3593041
3593629
3593961
3594665
3596031
3597839
3598088
3598602
3598686
3600303
3600913
3601882
3602091
3602193
3602308
3602396
3602568
3602812
3602824
3603962
3605387
3606119
3606253
3606524
3606750
3607083
3607831
3608003
3608224
3608450
3609258
3611762
3611928
3612105
3612106
3614533
3614686
3614802
3616292
3616432
3616780
3617385
3620030
3620134
3620374
3620392
3620706
3621506
3622672
3623234
3623345
3625457
3625552
3626013
3626379
3627182
3627559
3629773
3629950
3631539
3632457
3633685
3633936
3634227
3634284
3634615
3634748
3634905
3636963
3637459
3638485
3639964
3640324
3640675
3640757
3640834
3641387
3641513
3641726
3642317
3642809
3644107
3645384
3645881
3646887
3647456
3648167
3648630
3648682
3651119
3652217
3652362
3652469
3653431
3654002
3655448
3655714
3655755
3656235
3657201
3657529
3658167
3658865
3659437
3660590
3661149
3663044
3663137
3663533
3665062
3665219
3666309
3666620
3666860
3667756
3668056
3668439
3669199
3670061
3670064
3671148
3671371
3671637
3672388
3673775
3673941
3675075
3675530
3675909
3677077
3677310
3677481
3677846
3677931
3678313
3678349
3680872
3681114
3681369
3681469
3681929
3681971
3682003
3682205
3682682
3683273
3683638
3683939
3684335
3684365
3686175
3686266
3686586
3687186
3688019
3688129
3688290
3689084
3689783
3691168
3691860
3692457
3692605
3692687
3694052
3694684
3694730
3694955
3695221
3695638
3695909
3696148
3697854
3698149
3698573
3699113
3699555
3700329
3700514
3700531
3700590
3701254
3701856
3703136
3703963
3704769
3705049
3705097
3705178
3705412
3705919
3706305
3706753
3706998
3707436
3707851
3707953
3708232
3709806
3711211
3711271
3711439
3712691
3712951
3715019
3715133
3715142
3717655
3718192
3718337
3719573
3719637
3719718
3719750
3720199
3720409
3720507
3722660
3723485
3724965
3725075
3725373
3725507
3726365
3727102
3727536
3727704
3727808
3728582
3728801
3730152
3732385
3733147
3733313
3734093
3734390
3734483
3734584
3734867
3735111
3735827
3736266
3736796
3737702
3737969
3739066
3739470
3740013
3740353
3740890
3743774
3743840
3744374
3744543
3745484
3746010
3746958
3747012
3747209
3747859
3748195
3748913
3749619
3750068
3750157
3750592
3751110
3751712
3753853
3754828
3755185
3755202
3755293
3755808
3757059
3757607
3757892
3758135
3759359
3760375
3760684
3760856
3762263
3763193
3763308
3763652
3764733
3765485
3766930
3767099
3767209
3767479
3767742
3768362
3768372
3768936
3770766
3771402
3772351
3772829
3773134
3773143
3773214
3773567
3773723
3773794
3773920
3773933
3774070
3774137
3774496
3777155
3778059
3778370
3779293
3780505
3780688
3781389
3781719
3781741
3782119
3782349
3782806
3783068
3783572
3783941
3783957
3784947
3785818
3786091
3786380
3787097
3787699
3788595
3789506
3789894
3791397
3792678
3795846
3795944
3796851
3797345
3797630
3797930
3798874
3798911
3799039
3799224
3799720
3800479
3800628
3801521
3801558
3804765
3804800
3804838
3805918
3806934
3807301
3807305
3807413
3808650
3808698
3809148
3809417
3809961
3810801
3810982
3810996
3811667
3812433
3812653
3812754
3813446
3814563
3814930
3815019
3815273
3815365
3815621
3816885
3817496
3819459
3820579
3821747
3822101
3823241
3823687
3823922
3824246
3825578
3826110
3826114
3826199
3827341
3828010
3828340
3828771
3830154
3830294
3830440
3830598
3830996
3831972
3832050
3832123
3832795
3833816
3833850
3834308
3834753
3835263
3835760
3837366
3837469
3837708
3838870
3840115
3841094
3841353
3841815
3842595
3842976
3842988
3845033
3845492
3846163
3846443
3847616
3848003
3848707
3849766
3849894
3850028
3851330
3851880
3852212
3853276
3853510
3854381
3854604
3855103
3855551
3857475
3857621
3857632
3857731
3857760
3857925
3859338
3859521
3861186
3862303
3862688
3862927
3863726
3864349
3864761
3864768
3864835
3865741
3866997
3867036
3868656
3869199
3869473
3869575
3869869
3870229
3871211
3872055
3872150
3873366
3875617
3876340
3876654
3876885
3877369
3877945
3877991
3878279
3878292
3879549
3879648
3879668
3880430
3881107
3881401
3882398
3882646
3883607
3883875
3884126
3884282
3887554
3888354
3888646
3888726
3890188
3890620
3891055
3891373
3892101
3892467
3893245
3893528
3894309
3894858
3896235
3896381
3896665
3898852
3900097
3900468
3900966
3901281
3901574
3902038
3902230
3902537
3903296
3903895
3903916
3904453
3904687
3904822
3905915
3907728
3908000
3908003
3910452
3910580
3911125
3911971
3912519
3913922
3913960
3914240
3915057
3915409
3916051
3916393
3917013
3917907
3918369
3923021
3924116
3924582
3925109
3926823
3927031
3928451
3929169
3929757
3930128
3930911
3931914
3932104
3932808
3932829
3932892
3933375
3934455
3934997
3935931
3936337
3938330
3939112
3939875
3939950
3939994
3940487
3941424
3942028
3942305
3942427
3942541
3942951
3943004
3943053
3943129
3944359
3944807
3944826
3945650
3945912
3946608
3947074
3948362
3949248
3952206
3952447
3952849
3953883
3955020
3955359
3955385
3955421
3955520
3955893
3956234
3957130
3958752
3959292
3959366
3960636
3961491
3961651
3962268
3962486
3963588
3964733
3965400
3965429
3965514
3965805
3965986
3966142
3966958
3967077
3967414
3967954
3968532
3969035
3969040
3969408
3970008
3970371
3971288
3971516
3971757
3973577
3974017
3974365
3976418
3976733
3977286
3977295
3978164
3978254
3978371
3978838
3979222
3979470
3979813
3979885
3979893
3980446
3981968
3982527
3982959
3983141
3983846
3984057
3985091
3985121
3985523
3986420
3986964
3987308
3987353
3987416
3988041
3988318
3988734
3989128
3989967
3990162
3990343
3990604
3990716
3990919
3991292
3991323
3991372
3991432
3991435
3991999
3992182
3992664
3993115
3994119
3994199
3995146
3995953
3996290
3996977
3997426
3998269
3999030
3999370
3999711
4000048
4000566
4000687
4001660
4002498
4002678
4002716
4003239
4003768
4004360
4004433
4006128
4006828
4007983
4008292
4008607
4010438
4010526
4010533
4010770
4014669
4015670
4015965
4016384
4016994
4017384
4017918
4018204
4018379
4018784
