738
1108
1814
3426
3641
4889
5019
5459
7755
12198
12357
13421
14134
14280
14595
14938
15302
16082
16602
17332
19650
20544
20916
21956
23725
24217
24483
24920
26024
26605
26963
27101
28266
28286
28394
28590
29038
29887
31119
31218
32825
33151
34869
35201
35207
37484
37913
38890
39228
40441
40484
40607
42686
45196
45748
45850
46123
46853
46982
47557
48555
49983
51403
53155
55156
55742
56546
57201
57598
57613
58461
60914
61004
61528
61588
61841
62415
62439
64493
66377
67514
68021
68772
68789
69062
69430
69722
69991
70870
70905
71340
71474
72418
72553
72716
72727
73022
73242
73584
74453
74545
75156
75673
76451
77168
77965
78224
78685
80495
81016
81490
83888
84322
84471
84612
85458
85941
86015
87396
87409
87581
87585
87727
87815
88008
89538
90630
92349
92965
93156
93230
94027
95618
96029
96207
97178
97366
97603
97719
98246
98532
100480
102656
104398
105174
105311
108484
108583
109750
110682
111468
111617
111882
112011
112112
113805
114352
116674
117150
118742
120561
120815
122699
123849
124112
124399
125250
125615
126336
127051
127903
129529
131876
133436
134659
135755
136078
137022
137467
138588
139473
140445
140564
141086
141399
141782
142064
144113
145407
145665
145971
147329
147583
147852
148582
150220
150773
151007
152325
152709
153300
154806
156417
158491
159137
159450
160529
160954
161557
162502
163646
163649
163814
164810
164859
164922
169327
169680
169886
169955
170045
171183
171756
171956
172717
172857
174158
174777
175147
176165
176726
177255
177290
177777
178221
180494
181238
183019
183206
184013
185109
185842
189157
189636
190481
190871
191388
191866
192817
193290
194506
195168
196569
196780
196977
197076
197661
198376
198378
199699
199756
200070
200982
201327
205262
206271
206778
209248
209930
209978
210968
212422
214407
215645
216601
216702
217791
218648
219347
219772
220111
220184
221965
222284
222823
222960
223681
224456
225229
225425
225948
226112
228478
228567
229362
230248
230704
231086
231914
232406
232664
233617
234305
234630
235802
235960
236837
237234
237419
237441
238025
238519
239767
239993
240857
241272
241289
241496
241537
241737
241857
241896
243731
244843
245540
247424
247703
248064
248164
248196
248245
248281
248343
248697
250518
251124
252207
252466
253562
253743
253952
254270
255042
256839
257023
257106
258588
258733
258911
259838
259899
260714
260816
261074
261313
262073
263319
263845
264223
264537
264620
265344
265364
265528
265691
265918
267235
267542
267667
268832
269010
269039
269128
269290
269383
272502
272967
275745
275969
276017
276332
276513
277742
277897
278288
278471
279035
279924
280561
280764
281215
281551
281674
282383
283269
283425
283690
283960
285947
286223
286273
288328
290330
290606
290962
291716
291943
293557
294033
295994
296028
297192
298663
298817
298845
300260
301176
301618
302942
305160
305886
306204
306327
306501
306891
307282
307290
307899
308258
308299
308552
308604
309478
309942
310294
310422
310756
311026
313462
313851
315352
317247
318388
318664
320138
321007
322758
323389
323438
324786
325000
325149
326516
327169
327241
327987
330079
330363
330704
330853
331408
332081
333265
333453
335016
335708
335885
336249
336429
336453
336644
336696
336745
338000
338499
338839
339433
339565
340281
340525
340915
341829
342014
342191
342585
344375
344485
344648
346479
346683
346790
348187
348315
350076
350686
351298
351383
351536
351814
352939
354320
354430
354873
354874
354920
355199
355687
357593
357917
358134
358724
358882
360057
360929
361430
363058
363116
363393
365850
366017
366628
367127
367412
367529
367544
367992
368722
368852
369856
369857
370631
371654
372610
372840
373184
374197
374351
375461
376291
378534
378571
379985
380487
382283
382786
383144
383579
384205
385161
385710
385744
385793
386192
386471
386907
386915
387428
390424
393488
395426
395437
396258
397775
399069
399265
400234
400859
401369
402812
403371
403624
403628
405293
406309
406687
406942
408081
408489
409288
409309
412173
414155
414385
414464
415147
415554
415602
415671
415882
417069
417078
417530
417784
417940
418044
418359
418718
419251
419750
419990
420459
421099
421106
421570
422935
424017
424284
424442
425048
425237
428312
429129
429993
430004
430103
431024
431230
431682
431711
432130
433115
433298
437668
437723
438286
438947
439352
440155
441406
441659
443089
443449
444992
445196
445415
445807
446619
449136
450064
450209
450402
450871
451647
452543
455114
455507
456477
457119
458131
460104
460454
460461
460536
461188
461189
461523
461603
461655
461862
461923
462878
463641
464058
464262
464637
465071
465663
466478
467903
467935
468148
468510
468800
469104
470530
471290
472125
472738
473519
474136
475043
476040
477167
477793
478399
479590
480482
480604
480720
481494
483643
483881
485012
485274
485675
487162
488490
488837
490107
490187
490501
492131
492994
493210
493254
494332
494806
495515
496245
496398
497329
498101
498283
498454
498596
498692
500166
501030
502209
502688
503179
503561
503858
504204
504454
506021
506326
507537
508742
509411
510459
511134
511243
511549
512013
512419
513518
515203
517196
518710
520915
521671
522832
523126
524755
528665
530115
531934
532189
532294
532603
534606
535006
535883
536026
536532
536946
536994
538432
538496
539029
539129
539834
540878
541143
541713
541839
542035
542553
543180
545321
546161
547233
548966
549207
549268
549464
550276
550383
550729
551765
553024
554013
554379
556054
556193
556320
556933
557234
558486
559030
559303
559633
561568
562031
562743
562977
567310
568568
569536
569962
570872
570943
571195
571682
572574
574263
574906
575918
576962
578272
579233
581053
581314
581444
581576
582475
583506
583752
584415
584433
584888
585412
586523
587178
587769
588533
588664
590330
591152
591579
591954
592151
592896
593006
593336
593471
593672
595453
595572
595945
597612
597755
598775
601077
602492
602533
603077
603308
603906
604283
605738
606933
607676
608596
610470
612120
614980
615270
616535
616701
617603
618013
618634
618809
618969
620146
620162
621629
624089
624746
625861
626674
626897
627130
628779
629059
629654
629759
630712
631974
632148
632711
632791
633006
633057
633956
634724
635261
635718
639725
640166
641379
642073
642141
642276
642784
644207
644335
644435
644724
645682
646839
649096
650589
650649
650902
651391
651869
651942
651978
652788
655243
655697
655837
655978
657367
658207
658688
659169
660900
662801
663344
663605
663684
664951
665772
666206
666240
666346
667366
668151
668236
668370
668527
670019
671051
671193
673156
674439
675006
675118
675521
676284
676830
677728
678340
678738
679637
679959
681231
682491
682611
682702
683042
683713
685793
686228
686573
687389
688545
688648
689512
690412
690556
692354
695258
697446
698152
698306
699066
699162
699180
700211
700961
700997
702639
703023
703447
703986
704412
704842
705178
705295
705340
705351
705453
707102
707442
710152
710709
710759
713768
715293
716189
716322
717183
717261
717284
717410
717813
717914
718071
720438
720567
721210
721738
722110
722761
723896
725714
726583
728211
729550
729562
729694
732394
733693
734191
734295
736027
736432
736875
737474
737580
738060
738641
739630
739883
740711
740722
741051
741938
743588
743782
744916
745420
745491
745612
745802
746376
747070
748378
748401
749038
749523
749953
749994
750980
751564
752308
752611
753211
753361
754575
755584
756172
757490
757634
759649
761437
761654
762128
765178
766313
766799
766856
766892
767105
767720
768136
768303
768978
769806
770180
770374
770419
770434
771490
771614
772429
772682
772877
773194
773211
773251
773361
774411
774536
774942
776937
777173
778324
778475
779579
780253
780657
781603
782396
782819
783430
784037
784873
785018
785193
789044
791927
793295
793989
794028
794030
794567
795253
795885
796283
796837
797369
797631
798122
798417
798677
799702
799864
800380
801297
802172
802186
803299
805427
806091
808694
808913
809391
809875
810650
810946
812025
812227
812272
812425
812887
813586
813932
814014
814046
814196
815665
815667
817461
818891
819232
819296
820672
822813
823245
823376
825106
826944
827136
827378
828426
828566
828727
830056
830088
830608
831753
832518
832644
832922
833171
833901
834148
834294
834984
835055
835074
835385
835573
835914
836647
836754
837855
838171
839368
839826
840979
841621
841682
842558
844218
844461
845192
850323
850343
851455
851612
851624
851847
852054
852101
852394
852582
853161
853188
853459
854005
854784
856060
857052
858306
858508
858703
859675
859932
860771
862255
863100
863454
863557
863910
864022
864187
865300
867190
869281
869446
870369
870465
870650
870909
871828
874329
874606
875007
876319
876886
877703
878394
879344
880082
881015
881717
882095
883579
883799
885047
885303
886008
886601
886846
887041
887476
889194
889722
891260
892046
892065
892183
892955
893533
893760
893994
896737
897113
898487
898959
899488
899890
899971
900052
900849
901115
901287
901403
902408
902522
902530
902683
902960
903074
905879
906685
908140
908313
909362
909889
910939
913490
913619
913839
914433
915867
916088
916590
916618
917045
917189
917767
918662
918866
920108
920205
921574
922097
922659
923202
923889
924726
925193
925543
925740
926192
927659
928107
929445
929834
931082
932006
932406
932454
932471
932814
933051
933631
934463
935390
937357
938855
939154
939722
940216
942351
942590
943608
944570
947785
949236
951533
952115
953327
954702
955495
956279
957229
957860
957974
958226
960184
961683
963065
964474
964598
965163
965580
966677
967461
967781
967910
968339
969297
969324
970444
971293
972607
973363
973753
974230
975021
975890
976107
976629
976897
977466
977576
978196
978828
979240
981931
982382
982581
982926
983016
983326
984905
984955
985676
986155
986987
987207
987526
988130
988598
988778
989198
990098
990641
991364
991538
992812
993706
994028
995828
995994
996238
997010
997781
998910
998956
999096
1001010
1001947
1002407
1002517
1002751
1002906
1003049
1004131
1004867
1005308
1006114
1007596
1009619
1010895
1010952
1011408
1011586
1012693
1013310
1013898
1015214
1015341
1016579
1016904
1017027
1017176
1017191
1017863
1019119
1019366
1020261
1020747
1020775
1021826
1022078
1022888
1023186
1023713
1024922
1024991
1025402
1025860
1026588
1026625
1026736
1026992
1027161
1029963
1030242
1031243
1031980
1033516
1033552
1033622
1033639
1033697
1035436
1035605
1036831
1037136
1037286
1038711
1039062
1040800
1042317
1042798
1044140
1045993
1046091
1047327
1047398
1047413
1047651
1048620
1052770
1052862
1053179
1053555
1054250
1055088
1055211
1055630
1055765
1055934
1056090
1056897
1057028
1057507
1060520
1060521
1061260
1061385
1061536
1063220
1064337
1065176
1065546
1066209
1067843
1068743
1069118
1069179
1070130
1070337
1070535
1070664
1071071
1071497
1071529
1073747
1074362
1074371
1074624
1075080
1075113
1075201
1076409
1076671
1077018
1077847
1078505
1078549
1080297
1080644
1081327
1081439
1081569
1082199
1082420
1084206
1085572
1086280
1086757
1087501
1087763
1087765
1088545
1089490
1090632
1092974
1093761
1093815
1096142
1097168
1097215
1097221
1100764
1101027
1101266
1101856
1102199
1102458
1102475
1105592
1105831
1106522
1107094
1107270
1108392
1108953
1110291
1110953
1111083
1111482
1112274
1115870
1116828
1116878
1118584
1119313
1120344
1121379
1121509
1121605
1121682
1122128
1122232
1122394
1122420
1122530
1124581
1125973
1126565
1127395
1127402
1128460
1129356
1130333
1132001
1132199
1132759
1133262
1135033
1135463
1135800
1136030
1136548
1136727
1136780
1137235
1139281
1139785
1140363
1140910
1141118
1143273
1143460
1144926
1145198
1145326
1145907
1147794
1149785
1150271
1150577
1153428
1153611
1153641
1157822
1158017
1158353
1158581
1159959
1161746
1161796
1162203
1165417
1167199
1167273
1167787
1167903
1168133
1168698
1170060
1170283
1171430
1171929
1173123
1173304
1174584
1175042
1175264
1175552
1179327
1179867
1180838
1181295
1181837
1182514
1183060
1183605
1185181
1185612
1186190
1186696
1186746
1187081
1187299
1188474
1188527
1188615
1188748
1189662
1190356
1190784
1192039
1193596
1195036
1195040
1195296
1195550
1195821
1195901
1197133
1198644
1199240
1200849
1200972
1201268
1201485
1202152
1202509
1205762
1206008
1207156
1207314
1208237
1209348
1209484
1209593
1211306
1211541
1212879
1216143
1216537
1218234
1219775
1220470
1223025
1223388
1223744
1225412
1225565
1226600
1226864
1227528
1228869
1230834
1231223
1231815
1231915
1232141
1234058
1234763
1235215
1236089
1237322
1237763
1240731
1241339
1242017
1244189
1244629
1244785
1245441
1246463
1247488
1247491
1248107
1248181
1248324
1248428
1248663
1248800
1249631
1249728
1249768
1250108
1250801
1251641
1252620
1253844
1254258
1256397
1256613
1257476
1257575
1257864
1257928
1258418
1258773
1259376
1262592
1264166
1265708
1265789
1266601
1267017
1268486
1268651
1268730
1268877
1269903
1269942
1270365
1271376
1271422
1272000
1272987
1273045
1273689
1273829
1274599
1277477
1277526
1278500
1280157
1281010
1281178
1281545
1281718
1281792
1282657
1283129
1283305
1283609
1283949
1285126
1285290
1285376
1285820
1287359
1287411
1289875
1290210
1292709
1293131
1293465
1293781
1294653
1295328
1295330
1296112
1296168
1296782
1296927
1297249
1298509
1299347
1301104
1304264
1304994
1306713
1307050
1308094
1308225
1308921
1309428
1309468
1310015
1310995
1311313
1312244
1313532
1314048
1314968
1315010
1315554
1315632
1316322
1317836
1318782
1322133
1322370
1324021
1324559
1324577
1325674
1326422
1326509
1328067
1328645
1329328
1329342
1329782
1330023
1330498
1330831
1331309
1331589
1331782
1331942
1332385
1332969
1332998
1333282
1334168
1334379
1334832
1335205
1336029
1337526
1338985
1339741
1340793
1341044
1341097
1341711
1341818
1341832
1342976
1343215
1344788
1345007
1345263
1346319
1346605
1347942
1348066
1348930
1349132
1349344
1349507
1349741
1349991
1350897
1351462
1351681
1352508
1353355
1354186
1355172
1356831
1357735
1358205
1358399
1358824
1359064
1359357
1361014
1362636
1364263
1364283
1364575
1364895
1365385
1366163
1367904
1368803
1369021
1370593
1370718
1371844
1372348
1372397
1372421
1372500
1373271
1375905
1377181
1377465
1377562
1378038
1378113
1378707
1379494
1379786
1381584
1382175
1383657
1384459
1384617
1385104
1386117
1387398
1387664
1388087
1389413
1391722
1391932
1392218
1392412
1392805
1392820
1394297
1396151
1398846
1399157
1399218
1400810
1400858
1400894
1400928
1401127
1401898
1402822
1404299
1405274
1405356
1405519
1405524
1406592
1407724
1408082
1408250
1408353
1408823
1409098
1411376
1412020
1412244
1412770
1412905
1412922
1413173
1415057
1416390
1416847
1417538
1417818
1418272
1422332
1422639
1423638
1423660
1424076
1424218
1425227
1426040
1427209
1427289
1427433
1428127
1428534
1428628
1428928
1430524
1432212
1432918
1433341
1435608
1437015
1437175
1437554
1439945
1440270
1440339
1442303
1442459
1442631
1443271
1443926
1444326
1444660
1444925
1444948
1445803
1446465
1446779
1447484
1447554
1448552
1449097
1452365
1453198
1455035
1455818
1455939
1458199
1460581
1460654
1463484
1464239
1464265
1465280
1466053
1466057
1466339
1466459
1467667
1468645
1470168
1470413
1470843
1471572
1471611
1471764
1473185
1473289
1474691
1475545
1475563
1475589
1476654
1476920
1477092
1477555
1477700
1478029
1480596
1482531
1483622
1483810
1484021
1485381
1485663
1485715
1485767
1486096
1486265
1487459
1491385
1491636
1492082
1492185
1494547
1495382
1495555
1497614
1497911
1498155
1499774
1500387
1500567
1502392
1503296
1503548
1504116
1505272
1505749
1505975
1506322
1506380
1507183
1508209
1508709
1510160
1510531
1512115
1512889
1513345
1513888
1514067
1514184
1514752
1515921
1515953
1516731
1517353
1517406
1518721
1518855
1519036
1520571
1521170
1521191
1521683
1522101
1523347
1523642
1523853
1524032
1524065
1524641
1524792
1525948
1526634
1527203
1527411
1528198
1528936
1530567
1530794
1532267
1534173
1534317
1534368
1535864
1536492
1536955
1537664
1537690
1538210
1538377
1539434
1539663
1540965
1541878
1542298
1542976
1543415
1544488
1545089
1545875
1546069
1546152
1546403
1547390
1548097
1548833
1548945
1549015
1549796
1550048
1550435
1550469
1550477
1550697
1550837
1550938
1551211
1552800
1553098
1553310
1553397
1554966
1555738
1555995
1557716
1559342
1559519
1559924
1559983
1560329
1560399
1560801
1561058
1561122
1562018
1563586
1564285
1565486
1566191
1568842
1570142
1570720
1571820
1573219
1573746
1574680
1574713
1575008
1575816
1575942
1576681
1577715
1578784
1580059
1580727
1581400
1581454
1582021
1582852
1582884
1583129
1584518
1584585
1585419
1585913
1585955
1587036
1587224
1587257
1587643
1589538
1592121
1593468
1593750
1594385
1595719
1596724
1599361
1599688
1601117
1601464
1602606
1602956
1604280
1604841
1605827
1606128
1606614
1607591
1609496
1609925
1610880
1611284
1612465
1613487
1614275
1614415
1615253
1617288
1618300
1619793
1620175
1623283
1623512
1623579
1623955
1624018
1624100
1624212
1624872
1625045
1625384
1630308
1630344
1630482
1631050
1633001
1633548
1634829
1635420
1637805
1638189
1639874
1640285
1641000
1641199
1643198
1643338
1644791
1644793
1644957
1645453
1646646
1648088
1648251
1648546
1648751
1650081
1650572
1651209
1652174
1652253
1652458
1652522
1653007
1653535
1655138
1655269
1655284
1655799
1655894
1656077
1656421
1657471
1657892
1658114
1658288
1658516
1658700
1660044
1660205
1660679
1662798
1663807
1664367
1664538
1665868
1666885
1667351
1667533
1670238
1670636
1670975
1671710
1672075
1672316
1674129
1674137
1674287
1674650
1675540
1676304
1677036
1677617
1677770
1678893
1678938
1678996
1679091
1682069
1682693
1683121
1683773
1684187
1684435
1684559
1685132
1686991
1687070
1689138
1689417
1693244
1693423
1693565
1693777
1695729
1696145
1696365
1696651
1697505
1697795
1698428
1698558
1698951
1701883
1701943
1702826
1703605
1704041
1704103
1704147
1704327
1704715
1704805
1708208
1708577
1710511
1710592
1710735
1711409
1713228
1714622
1716443
1716603
1716722
1718855
1719192
1720403
1720561
1721747
1721880
1722323
1722724
1722983
1724022
1724393
1724686
1725109
1725893
1727455
1728054
1728072
1728357
1729301
1730322
1731612
1732053
1732282
1732309
1733989
1735419
1735426
1735848
1738454
1738624
1739006
1739898
1740916
1742527
1742953
1743055
1743746
1744370
1744813
1744974
1746231
1747330
1748017
1748272
1751306
1752151
1752979
1754148
1754730
1754793
1755319
1755811
1756593
1757022
1757091
1757355
1759544
1759654
1759927
1760730
1761564
1761637
1762105
1762763
1763758
1764349
1765078
1765123
1765350
1767406
1767586
1768549
1768856
1769133
1770294
1771770
1772709
1773214
1773227
1774068
1775227
1776431
1776914
1778138
1778400
1779033
1779428
1780284
1780352
1780503
1780873
1781371
1781593
1781672
1782338
1783035
1783108
1783243
1783737
1784873
1784982
1785069
1786285
1786960
1788031
1788849
1789130
1789720
1789769
1790865
1794775
1796049
1796127
1796860
1796882
1798690
1799096
1799792
1801263
1801429
1802334
1805677
1806179
1806277
1809455
1809475
1811874
1811958
1812743
1813417
1815146
1815476
1815979
1816017
1817161
1817532
1818000
1818570
1820576
1820811
1821086
1821646
1822419
1822497
1823550
1825261
1827738
1827882
1828779
1829297
1829683
1830745
1832023
1832871
1834790
1835794
1837513
1837644
1838593
1839198
1840294
1840351
1840792
1840883
1841545
1841615
1841657
1842191
1843279
1844953
1845098
1845450
1846455
1846843
1847150
1849451
1849598
1850207
1850537
1850680
1851207
1851264
1852115
1852307
1853220
1853603
1853677
1857227
1857451
1857976
1858472
1859400
1860710
1861338
1861577
1863123
1863691
1864833
1865829
1865887
1866503
1866543
1867671
1867737
1867802
1868621
1871121
1871366
1872261
1872507
1872894
1873515
1874823
1875292
1875317
1876533
1876702
1876771
1877371
1880856
1881068
1881683
1881736
1882006
1882381
1883693
1886897
1887736
1889268
1889620
1890012
1890780
1891355
1892266
1892966
1894172
1896760
1896818
1899723
1899734
1899843
1900884
1900941
1901227
1901384
1901711
1903366
1904095
1904931
1905070
1906159
1909226
1909677
1910240
1910898
1910906
1911212
1911326
1911718
1913514
1914881
1915637
1915743
1916133
1916815
1917241
1917296
1917378
1918563
1918700
1919061
1923157
1924646
1925160
1925726
1925730
1926133
1926375
1926914
1927626
1928855
1929524
1932147
1932442
1933800
1934101
1934492
1934790
1938099
1938411
1938924
1938982
1939448
1939733
1940344
1941144
1941246
1941497
1941823
1942833
1944428
1944909
1944997
1945778
1945881
1947185
1947560
1947937
1949180
1950201
1950258
1951148
1952103
1952902
1954082
1954467
1954516
1955268
1958353
1958457
1959051
1959556
1960351
1961025
1961147
1961631
1961853
1963467
1963486
1963514
1963627
1964363
1965736
1965938
1966032
1969044
1969353
1970990
1971352
1972637
1972850
1973898
1974008
1974512
1976448
1977646
1978562
1978874
1979428
1980005
1980232
1980352
1980572
1980613
1980831
1980932
1983607
1985026
1985552
1985593
1985800
1986017
1986313
1989220
1992356
1993221
1993324
1993648
1993653
1993781
1993920
1994385
1994888
1995124
1995819
1996774
1997512
1998458
1998985
1999296
2001044
2002530
2002536
2003188
2003738
2004279
2004684
2005820
2005894
2006228
2006593
2006663
2006973
2007278
2007926
2007970
2008094
2008143
2008510
2008858
2009227
2009811
2009979
2010368
2010483
2010847
2010905
2011124
2013657
2013846
2014659
2015149
2015151
2015371
2015817
2017422
2017485
2018147
2019123
2019236
2020112
2020180
2020857
2022584
2023651
2025113
2026065
2026356
2026702
2027524
2028079
2029299
2029551
2029916
2031318
2031426
2031777
2031866
2032634
2032875
2033259
2034431
2035128
2035964
2036180
2036689
2038275
2038649
2040895
2040947
2041047
2041166
2041565
2042381
2043425
2043526
2044003
2044124
2044601
2046245
2046975
2047649
2048841
2049297
2049759
2050639
2050691
2050864
2052320
2052670
2052787
2052994
2053173
2055081
2055531
2055838
2056247
2056338
2056341
2057106
2057246
2057964
2058558
2059634
2059757
2060928
2061771
2063992
2064037
2064082
2064602
2065269
2065606
2065838
2065891
2066349
2068689
2068738
2069368
2071140
2072196
2073448
2073793
2074076
2074307
2074783
2076421
2076845
2077863
2078109
2079494
2080611
2080919
2081399
2081767
2081839
2082334
2082774
2083003
2084963
2085044
2085092
2085417
2085453
2086334
2086428
2087163
2087191
2087363
2089995
2090065
2090439
2090503
2091251
2091567
2092039
2092240
2092258
2092551
2093680
2094100
2096146
2096533
2099176
2100215
2101905
2102103
2103473
2105980
2106145
2106396
2106953
2107606
2107711
2108160
2108740
2109331
2109795
2109988
2110298
2110348
2111816
2111886
2111934
2113321
2113562
2113867
2113958
2114021
2114908
2115220
2115412
2116014
2116713
2117007
2117403
2117560
2117891
2117909
2118395
2118986
2121128
2121409
2123228
2124789
2124980
2125492
2125544
2125907
2126145
2126805
2127190
2127642
2128345
2128527
2128764
2128769
2128804
2129646
2129815
2131747
2131963
2132740
2132843
2132986
2134162
2134326
2134338
2134429
2134952
2135054
2135566
2136034
2136375
2137166
2138085
2138753
2138783
2138872
2139068
2139487
2139611
2140830
2140850
2141656
2143204
2144218
2144444
2144731
2144923
2147424
2147428
2147554
2152247
2152367
2153162
2153305
2153982
2154588
2155091
2156219
2158371
2158826
2158924
2158977
2159210
2163115
2163458
2164720
2164839
2165758
2166896
2167025
2168229
2169795
2170859
2170970
2171482
2171795
2172006
2172096
2173078
2173546
2173676
2174027
2174888
2175742
2176463
2177193
2178028
2180092
2181893
2182416
2184012
2184114
2184674
2184689
2184713
2185959
2186055
2186466
2186945
2187747
2188512
2188572
2189011
2190094
2190237
2191457
2192626
2192736
2192809
2194504
2195195
2195325
2195463
2197716
2198303
2199439
2199453
2200367
2200428
2200863
2201660
2201854
2202790
2202886
2203249
2203570
2203740
2203962
2204853
2206041
2206819
2207140
2207267
2207430
2208226
2210447
2210767
2211523
2212042
2213912
2214380
2214560
2216467
2217860
2217862
2218670
2218817
2219059
2219463
2220031
2220570
2221576
2222756
2222765
2223146
2223524
2223656
2223891
2226576
2227217
2228243
2228642
2229398
2230183
2230207
2230667
2232659
2233091
2234520
2234830
2237385
2238037
2238157
2238264
2239374
2240418
2241817
2241850
2242341
2242978
2243881
2244361
2246320
2246739
2247563
2249542
2250079
2250827
2252693
2253362
2253484
2253997
2255095
2256291
2257003
2257851
2260919
2261498
2261821
2261962
2263533
2263588
2263649
2263967
2266038
2267085
2267858
2268070
2268236
2268615
2268820
2269781
2270331
2271364
2271814
2272241
2272884
2272938
2273128
2274426
2275841
2275877
2277125
2277942
2278140
2280103
2280492
2280747
2281514
2282191
2282413
2282430
2283049
2283630
2283926
2284136
2285393
2285643
2286963
2289058
2290241
2290871
2291147
2291317
2292537
2293011
2293572
2293778
2293987
2294245
2294286
2294418
2294937
2295242
2295935
2297387
2297601
2298398
2298459
2298859
2300889
2301236
2301436
2301529
2301581
2303407
2303436
2303806
2304901
2304930
2305392
2306104
2306601
2307510
2308479
2311291
2311444
2312087
2312654
2313529
2316431
2317066
2317301
2317444
2317763
2322474
2323977
2324328
2324870
2325632
2327032
2327198
2327543
2327701
2328995
2329249
2331404
2332035
2333408
2334417
2334645
2334914
2334918
2335017
2335692
2336829
2337570
2338331
2339002
2340012
2340699
2341570
2342489
2342776
2343495
2343703
2344022
2345143
2348232
2348521
2348700
2349254
2349315
2349603
2349887
2351011
2352238
2352555
2352816
2353277
2353740
2353771
2353895
2354430
2355780
2356576
2358499
2359230
2359383
2360415
2360659
2361560
2362210
2362611
2362915
2363615
2363699
2366063
2368171
2369504
2369938
2370933
2371053
2371418
2372331
2373113
2375239
2375642
2376044
2376104
2376651
2376740
2376937
2379918
2380807
2381073
2382461
2382496
2383309
2385119
2385148
2389366
2389480
2392260
2392436
2393332
2393409
2394828
2396069
2396297
2397222
2397467
2398011
2398876
2399476
2399671
2400309
2400419
2401451
2402855
2403990
2404018
2404644
2405309
2405789
2405936
2408905
2410347
2412778
2413214
2413798
2414215
2414656
2414806
2416666
2416774
2416900
2416984
2419464
2419718
2420459
2420486
2420575
2421090
2422737
2423046
2424142
2424286
2424723
2425443
2425944
2426279
2426374
2426829
2427965
2429204
2429219
2429342
2430351
2431152
2431415
2431785
2432165
2432455
2432950
2434326
2434444
2434725
2435094
2435413
2436410
2437371
2438216
2438226
2439994
2440095
2441745
2441959
2442584
2443811
2443864
2444019
2444167
2444349
2444588
2444972
2445276
2446131
2446479
2446876
2446910
2447193
2447528
2448224
2448539
2448571
2449460
2449992
2450162
2450818
2451059
2451378
2451966
2452061
2452231
2452388
2453210
2453411
2454407
2455587
2456261
2457141
2457447
2457919
2458131
2458226
2458974
2459518
2460067
2460744
2461600
2462081
2462657
2462734
2462955
2463167
2463973
2464132
2466292
2467731
2469613
2469842
2471254
2471317
2471758
2473192
2473498
2473757
2474300
2475131
2475822
2476400
2477243
2477369
2478035
2478436
2479163
2480408
2480579
2481971
2483225
2483761
2483989
2484970
2485265
2485343
2485414
2487027
2487561
2488048
2489425
2489991
2490093
2491505
2492096
2492232
2492551
2492902
2492960
2493047
2494782
2495190
2496687
2497048
2497191
2497366
2498149
2498379
2499299
2499449
2502080
2502512
2502743
2502897
2503516
2503768
2504794
2506883
2507556
2507972
2508259
2509167
2511547
2512251
2512487
2512892
2513194
2514202
2514312
2514445
2516304
2516419
2517454
2518733
2518890
2519887
2520402
2520997
2521153
2521705
2521932
2522870
2523370
2526019
2526255
2526744
2526922
2526962
2527095
2528476
2528722
2528739
2530499
2530872
2530934
2531197
2531668
2531722
2531889
2532019
2532524
2532703
2532973
2533387
2534058
2534069
2534084
2535148
2536443
2536483
2536541
2537787
2537959
2538359
2540768
2540939
2542021
2542213
2543300
2543796
2545792
2545895
2546378
2546790
2547057
2547256
2548204
2548564
2549502
2549888
2550385
2550466
2550593
2551840
2552288
2553001
2553184
2554628
2554893
2555050
2555081
2555148
2555965
2556329
2556945
2557284
2558326
2559465
2560865
2562189
2563434
2563532
2564297
2564698
2566094
2566760
2567876
2567886
2568386
2568808
2570153
2570521
2571600
2572619
2573448
2576554
2576904
2578038
2578233
2579162
2580312
2580347
2580788
2581495
2581644
2582869
2585246
2585830
2586504
2586557
2586919
2587489
2587507
2588153
2588301
2589043
2589305
2589485
2590774
2591409
2591419
2591680
2593610
2594447
2595440
2596989
2597970
2599247
2599365
2599584
2600660
2601522
2601529
2601871
2602102
2602416
2602561
2602983
2603612
2605069
2606878
2608787
2609370
2609492
2611067
2611732
2612752
2612755
2613024
2613840
2613877
2614595
2614884
2616839
2617647
2617793
2617815
2619175
2621980
2622515
2623040
2623837
2624103
2625641
2626975
2627883
2630806
2630964
2631053
2632896
2633266
2633333
2634205
2634825
2635214
2635467
2635532
2636153
2636646
2637136
2637974
2638468
2639258
2639924
2640012
2640522
2641157
2641189
2642126
2642573
2642937
2643408
2643767
2644133
2644587
2645821
2645868
2647101
2647244
2649262
2650478
2650909
2651072
2651156
2652343
2652549
2653809
2654197
2654291
2654602
2656020
2658130
2659946
2660223
2660227
2660797
2660993
2662038
2662170
2662429
2662546
2662804
2662942
2663502
2663668
2664065
2664088
2664724
2664843
2665541
2665628
2665714
2667102
2669076
2670623
2670799
2671744
2673284
2673896
2674599
2674824
2675654
2676478
2677143
2678112
2678296
2679489
2679650
2679741
2680521
2681118
2681427
2682569
2682577
2682681
2682878
2684605
2687180
2690340
2690555
2691948
2692747
2694728
2697413
2697626
2697634
2700140
2700446
2700916
2700973
2702078
2702903
2702960
2703444
2703508
2703795
2705818
2707033
2707686
2708481
2708610
2708710
2709594
2710248
2711007
2711665
2712812
2713118
2713302
2713384
2714042
2714321
2714562
2715336
2716216
2716838
2716989
2717259
2717876
2718013
2718066
2719491
2719904
2722267
2722613
2723203
2724308
2724809
2727293
2727615
2727707
2727986
2728035
2729303
2729716
2729897
2729957
2730000
2732683
2732892
2733626
2733740
2734286
2734869
2735295
2735789
2735908
2735967
2736455
2737392
2737529
2737899
2738230
2738248
2739528
2739950
2740525
2741057
2741230
2742403
2742771
2742820
2742898
2743691
2744363
2747048
2748531
2749798
2750129
2750130
2750278
2751058
2752180
2752637
2752867
2755830
2755924
2756205
2756210
2756816
2757646
2759740
2759935
2760048
2760478
2761030
2761037
2761133
2761489
2761940
2763150
2763511
2764080
2764720
2765184
2767260
2767816
2768928
2769391
2769392
2769439
2769468
2770146
2771730
2771735
2773333
2773340
2774158
2774533
2775229
2775271
2775464
2778316
2778457
2778843
2778900
2779731
2780210
2780426
2781000
2781029
2781312
2781366
2782860
2782950
2783080
2783631
2784227
2784326
2786789
2787006
2787238
2788762
2790732
2791161
2791324
2791775
2792244
2792685
2793103
2793199
2793538
2794439
2794983
2795164
2796098
2797748
2798352
2798403
2798535
2799226
2799725
2799843
2799989
2800552
2801556
2802236
2802553
2802812
2803940
2803964
2804236
2804578
2805300
2806441
2807013
2807873
2808063
2808347
2809222
2809803
2811234
2811449
2811854
2812161
2812835
2813078
2813912
2814312
2814920
2815724
2817061
2817430
2817666
2817819
2819621
2819982
2821707
2821921
2822157
2822923
2823937
2825929
2826458
2827324
2828705
2828831
2829896
2829929
2830797
2831120
2831234
2832157
2832165
2832307
2832548
2832611
2834028
2834107
2834201
2834659
2835829
2835832
2836443
2836620
2836653
2838675
2838707
2839184
2839722
2840207
2840360
2840761
2841021
2841110
2841328
2842470
2844099
2844517
2845604
2845772
2846025
2846211
2847107
2850272
2851043
2851937
2851962
2852301
2852866
2854418
2854765
2854866
2855060
2855091
2856248
2857111
2857697
2858553
2860708
2861422
2861624
2862166
2862441
2863992
2864258
2864762
2865844
2867592
2868689
2869328
2869765
2870606
2871459
2872314
2872503
2873157
2873785
2874588
2874945
2875825
2875881
2876919
2877022
2877776
2877805
2878360
2878889
2880340
2881698
2883727
2884151
2885159
2886260
2888852
2889475
2891474
2891566
2891799
2892031
2892676
2894305
2894831
2896938
2899082
2901113
2901176
2901420
2901979
2902420
2903057
2904056
2904115
2904842
2904946
2905692
2906475
2906898
2907564
2907803
2907822
2908151
2908711
2909983
2910167
2910917
2911574
2912135
2913546
2914277
2915316
2916414
2917138
2918510
2918757
2919747
2920061
2920504
2920704
2921245
2921768
2922107
2922266
2924432
2924933
2925170
2925779
2926049
2929427
2929524
2929632
2929768
2930001
2931571
2932159
2932215
2932475
2932689
2933019
2934074
2934714
2935407
2937332
2937480
2937556
2937724
2937751
2937801
2938758
2938875
2938924
2939361
2940453
2942391
2943868
2945091
2945503
2945643
2945847
2946040
2946306
2948837
2949147
2950704
2951102
2951787
2952888
2953862
2954720
2954849
2956430
2956481
2956571
2956954
2957552
2958063
2959141
2959202
2959400
2960293
2961255
2961585
2961739
2961965
2962187
2963256
2964302
2964836
2965470
2965795
2967367
2967568
2967651
2967702
2968639
2969306
2969612
2970103
2971041
2971115
2971847
2971984
2972682
2973917
2974149
2974196
2976382
2978943
2979061
2981128
2982304
2982496
2983199
2983663
2985076
2985137
2987219
2987296
2988569
2989655
2990088
2990516
2990790
2991037
2992264
2993643
2993745
2993882
2995103
2995590
2995630
2995950
2998810
2998998
3000261
3000313
3000432
3001875
3002890
3003720
3003760
3003943
3004437
3005906
3006076
3006296
3006705
3006862
3006918
3007673
3008216
3008414
3010373
3010508
3010509
3010660
3011515
3011765
3012273
3014282
3014818
3015410
3015649
3016028
3016467
3017687
3018429
3019060
3019469
3020723
3021498
3021786
3022350
3023454
3023723
3024404
3026420
3027274
3028105
3028246
3028857
3029916
3032057
3033722
3035366
3038279
3039025
3040172
3040996
3041373
3041894
3042790
3042853
3043770
3043866
3044065
3045531
3047036
3047596
3048556
3048797
3048815
3049547
3050155
3050218
3052484
3052922
3053759
3054130
3054447
3055908
3056026
3056035
3056303
3057230
3057366
3058368
3058749
3059582
3061559
3062544
3063353
3065481
3066017
3066213
3066703
3066879
3067151
3068864
3068885
3069606
3069633
3070721
3071317
3071844
3072041
3073216
3073813
3074015
3074093
3074572
3074750
3074982
3075672
3075754
3076560
3077200
3077364
3078536
3079176
3079790
3082023
3084066
3087673
3089645
3090499
3090977
3091573
3091934
3092414
3092650
3092897
3093407
3093597
3094012
3094272
3094854
3095197
3097998
3098645
3098779
3099839
3100402
3100416
3100712
3101361
3102341
3103210
3103436
3104012
3104020
3104522
3105688
3106554
3106905
3107074
3107105
3109456
3109465
3109644
3110404
3111309
3111393
3111972
3112263
3113218
3115105
3115138
3116146
3116503
3117097
3118286
3120071
3120552
3120781
3121790
3122556
3123487
3124953
3126607
3128827
3129139
3129405
3130307
3130314
3130613
3130877
3132002
3132282
3134753
3135066
3135609
3135611
3137683
3138164
3138281
3138429
3139557
3139797
3141237
3141557
3141573
3142910
3142975
3143337
3144085
3144474
3144517
3144934
3145363
3145961
3146391
3147570
3147821
3148770
3149052
3149076
3151234
3151677
3151932
3152717
3153922
3154156
3155002
3155526
3157101
3160820
3161064
3161093
3161899
3163142
3163618
3164101
3165260
3166262
3167010
3167319
3167376
3167525
3168810
3169199
3169277
3170452
3170832
3171033
3171135
3172313
3175069
3176635
3177489
3177574
3177743
3177852
3177904
3180448
3180455
3180579
3180738
3181098
3181207
3182815
3182885
3183364
3183918
3185913
3186275
3186433
3187008
3189016
3189121
3189184
3189663
3190165
3190824
3191018
3191192
3191247
3193263
3195341
3195374
3195625
3195844
3196241
3197060
3198347
3199512
3200786
3202179
3202882
3203231
3203300
3204007
3204023
3205002
3205228
3205369
3205702
3205893
3206919
3207469
3207958
3208896
3209500
3210125
3210141
3210557
3211878
3212140
3212889
3213707
3215366
3215715
3215817
3216498
3218546
3221116
3221137
3221469
3222081
3223491
3227399
3228421
3230781
3231147
3231207
3231272
3232895
3233097
3233562
3233750
3233955
3234512
3234603
3234964
3235195
3235615
3236014
3236663
3237674
3239583
3240213
3240256
3242812
3243383
3246414
3247813
3248889
3248907
3248926
3249490
3249930
3250528
3251293
3253596
3254076
3254179
3254568
3254651
3254803
3254907
3255897
3256292
3256791
3256819
3256947
3257974
3259045
3259238
3260269
3260549
3260724
3260876
3262112
3262547
3263688
3263737
3265193
3265349
3266504
3267340
3267342
3268769
3269019
3269432
3270407
3270660
3270877
3271834
3271908
3271955
3272882
3274282
3274297
3274577
3275115
3275848
3276542
3276960
3277021
3277221
3277920
3280783
3281001
3281829
3282389
3282448
3282506
3282564
3282813
3284225
3284761
3288154
3290962
3291476
3293214
3293231
3296059
3296292
3297017
3297367
3297582
3297588
3297592
3298164
3299562
3300053
3300644
3301295
3301386
3301987
3302968
3303268
3303344
3303672
3304385
3305328
3305418
3306622
3306982
3307528
3307880
3309570
3309670
3310419
3313003
3313558
3313918
3316706
3317060
3317270
3317406
3317935
3318078
3318320
3319001
3319192
3320101
3320309
3320605
3320959
3321154
3321750
3322159
3322264
3322325
3323258
3323426
3323845
3324037
3324086
3325316
3325319
3326305
3326729
3328952
3329253
3329369
3329920
3330796
3332430
3334045
3335159
3335370
3335846
3336103
3337083
3337347
3340161
3341046
3341116
3341405
3341616
3341636
3342517
3344058
3345387
3345624
3345640
3345887
3348589
3349202
3349601
3350896
3351330
3352260
3353295
3353704
3353865
3354994
3356072
3357953
3357968
3358011
3358611
3358877
3359389
3360691
3361494
3362197
3362867
3363575
3364145
3364335
3365189
3365347
3366202
3367926
3368668
3368984
3369861
3370241
3370476
3372235
3372278
3372597
3373232
3373284
3374003
3374115
3374884
3375134
3376771
3377160
3378110
3378968
3379195
3379785
3380505
3380638
3380883
3381484
3381611
3382295
3383602
3385052
3385354
3385490
3385967
3386189
3386837
3388259
3388531
3391113
3393340
3393745
3394021
3394441
3394449
3394520
3395250
3396596
3397197
3397332
3397737
3398266
3399176
3399364
3399386
3400093
3400234
3401455
3401626
3404618
3405699
3406631
3407015
3408108
3408138
3408703
3408708
3409794
3409866
3409899
3410078
3410382
3411730
3411907
3412156
3412313
3412648
3413148
3413922
3414194
3415719
3416726
3416742
3418830
3419045
3419176
3419210
3419471
3420189
3422723
3422789
3422866
3423106
3423232
3424783
3425310
3425434
3425798
3427543
3427874
3428136
3429420
3429438
3429500
3431785
3432275
3432971
3434450
3435028
3435404
3435445
3435598
3435745
3438208
3438424
3439184
3439430
3440268
3440506
3441756
3442636
3443739
3444208
3445178
3445492
3445726
3445759
3446541
3447398
3447399
3449414
3450548
3451334
3451992
3452076
3453805
3453963
3454105
3454163
3455126
3456645
3457997
3458547
3459693
3460209
3460884
3461542
3462227
3466003
3466278
3466620
3467279
3467392
3467690
3470631
3472527
3472529
3472854
3472861
3474119
3475498
3475568
3477191
3477234
3477355
3477878
3478242
3478800
3479009
3479160
3479341
3479694
3479698
3480591
3480685
3480781
3480852
3482365
3482969
3485316
3486162
3489551
3489563
3489682
3489762
3489959
3490598
3491627
3491898
3494928
3495269
3496523
3496800
3498305
3498672
3499066
3499422
3500504
3500627
3503042
3504374
3504459
3504693
3504724
3505145
3507546
3507940
3508396
3508521
3508556
3509245
3509421
3509613
3509795
3510654
3510913
3511024
3512633
3513352
3513965
3515204
3515453
3515700
3515752
3515920
3516475
3516536
3518167
3518353
3518864
3518968
3518982
3520033
3522640
3523662
3523698
3524317
3524454
3525077
3525745
3526528
3526733
3528036
3529278
3531037
3531098
3531816
3532177
3532856
3533572
3534243
3534543
3535475
3538543
3538734
3539106
3540040
3540181
3540678
3541418
3541759
3543730
3544030
3544035
3544552
3544610
3545729
3546591
3547196
3548144
3548641
3548722
3549453
3550633
3551216
3551852
3551890
3553011
3553603
3554050
3554940
3557284
3557411
3557429
3558151
3558642
3558719
3559930
3561919
3564148
3564413
3564877
3564984
3565175
3566059
3566951
3567754
3568547
3568759
3568812
3569424
3570735
3570749
3571330
3571399
3571746
3572247
3572692
3574588
3575199
3575577
3576191
3576879
3577183
3578061
3578084
3578483
3578995
3579397
3580304
3581122
3581552
3581906
3582518
3582963
3583447
3583556
3584607
3586564
3587985
3588129
3588824
3590256
3590336
3591371
3592346
3592684
3593885
3594118
3594308
3595020
3595336
3595712
3595802
3596622
3596969
3599426
3599458
3600988
3604360
3604580
3604608
3604724
3605533
3606162
3606640
3606758
3607427
3607555
3608187
3609210
3609710
3610150
3610471
3610601
3611317
3612751
3612851
3612917
3614683
3615792
3615950
3616165
3617171
3617257
3619447
3620658
3621847
3623859
3625579
3625662
3626629
3627343
3628013
3628676
3630009
3630189
3631637
3632263
3632551
3633238
3635819
3637292
3637437
3638132
3639019
3639230
3640450
3640616
3640694
3641135
3641620
3642242
3642578
3643087
3643110
3643503
3644548
3644690
3645136
3645556
3646516
3646574
3646927
3647718
3648497
3648524
3649340
3649848
3650245
3653405
3653486
3655271
3656107
3656275
3658479
3658934
3659056
3659230
3659478
3660337
3660792
3660954
3661165
3661855
3662313
3662737
3663288
3663629
3664503
3664524
3665641
3667281
3668459
3668555
3670095
3670973
3671040
3671351
3671762
3672072
3672410
3673941
3674762
3675284
3675614
3675616
3677076
3677314
3678076
3678240
3679086
3679243
3679935
3680027
3681687
3681715
3682660
3682918
3683000
3683114
3683324
3683965
3684628
3685687
3687970
3691388
3691800
3691957
3692444
3693480
3695959
3696020
3696684
3697603
3700398
3700526
3700753
3700875
3701006
3701635
3701750
3702093
3702239
3703628
3704313
3705416
3706625
3706822
3707872
3708807
3708832
3710085
3710254
3711434
3711782
3711858
3714139
3714752
3715082
3715427
3716036
3716153
3716618
3717164
3718297
3719720
3720366
3720686
3721229
3723209
3725416
3725829
3727028
3728659
3728778
3730648
3731043
3731298
3731604
3732861
3733201
3733629
3735946
3736376
3736782
3737560
3737569
3737839
3738087
3739174
3739207
3740115
3741688
3742013
3742345
3742463
3742770
3742832
3744131
3744324
3745423
3745606
3746373
3749152
3749861
3750612
3751182
3752340
3752839
3753807
3754608
3756684
3756750
3756823
3758841
3759362
3760941
3761132
3761204
3761260
3763563
3764083
3764261
3764364
3764704
3765594
3766159
3767303
3768164
3768262
3768861
3771157
3771630
3771707
3773277
3773461
3774359
3774780
3774919
3774926
3775107
3775220
3776714
3777784
3778479
3779458
3779613
3781558
3781620
3781808
3782054
3782593
3782637
3783223
3783378
3784664
3785066
3785604
3790088
3790400
3791036
3791195
3791501
3791766
3794421
3794842
3794882
3795068
3795469
3796038
3797167
3798185
3798879
3800826
3800911
3801122
3801516
3801854
3802100
3804673
3804754
3804768
3806033
3807186
3807419
3807862
3807957
3808255
3809523
3809888
3810537
3812408
3813120
3814298
3816482
3816683
3821748
3822901
3824052
3824245
3825205
3825738
3827275
3827628
3827877
3827901
3828208
3828226
3829029
3829051
3829106
3829254
3829420
3829962
3830009
3830152
3830208
3830640
3830822
3832658
3832698
3833072
3834092
3835538
3836059
3836553
3837122
3837461
3840095
3840648
3840653
3841473
3842622
3842708
3842956
3843902
3844232
3846296
3847246
3847315
3847835
3848478
3849327
3849737
3849852
3849945
3850202
3851365
3852482
3852718
3852769
3853468
3854447
3854600
3855172
3856410
3856680
3856884
3857210
3857375
3857703
3858509
3858872
3859359
3859688
3860410
3860439
3860797
3860954
3862355
3862622
3863659
3864656
3864861
3865354
3866168
3868345
3871293
3871447
3872376
3873325
3873666
3873763
3873922
3875996
3877458
3877738
3878103
3878423
3879008
3879465
3881764
3881910
3882955
3883410
3883864
3884025
3884281
3884554
3884816
3885060
3886524
3886784
3888261
3888475
3888729
3889739
3889761
3890492
3890588
3890956
3891921
3893094
3893788
3894218
3894848
3896325
3896650
3897329
3898218
3898871
3899994
3900639
3900784
3901280
3901528
3903321
3904307
3904730
3905106
3906809
3907006
3907582
3908960
3911438
3911537
3913005
3913390
3914485
3914534
3914826
3915031
3915372
3916235
3916242
3916918
3917656
3918128
3918395
3921794
3922147
3922280
3923271
3924244
3924341
3924536
3924683
3925724
3926374
3926375
3927727
3928071
3928738
3930218
3930705
3930961
3931376
3932537
3932561
3935289
3935993
3937090
3937681
3938145
3938910
3940278
3941219
3941858
3943455
3943930
3944044
3944304
3944318
3944581
3945418
3945535
3946845
3946961
3947055
3947447
3949885
3950937
3951900
3952329
3953086
3953205
3955094
3955115
3956145
3956419
3956591
3956881
3957998
3958646
3959043
3959868
3959912
3960973
3961233
3961960
3963390
3964671
3965442
3965579
3965693
3966558
3967137
3968086
3968564
3968686
3968949
3969458
3969668
3969899
3970550
3973235
3973741
3975893
3976094
3976362
3976423
3977758
3978004
3978054
3978800
3979013
3981078
3981762
3982115
3982425
3982591
3984293
3985913
3987236
3987431
3987788
3987802
3988413
3988667
3988668
3991679
3993332
3993392
3994774
3995851
3996214
3996363
3996993
3997025
3997266
3997293
3998249
3998352
3998551
3999267
3999522
4000437
4000500
4000535
4000979
4001653
4002451
4003148
4005696
4005879
4006322
4007402
4007861
4008160
4010026
4010665
4012273
4012360
4012612
4012643
4012804
4013425
4013628
4014559
4014699
4015082
4015194
4017870
4018811
4018834
4019422
4019493
4019976
4021066
4021128
