139
1197
1988
3211
3650
3920
4288
4401
4621
5587
5646
5780
6065
6718
6802
6851
6917
7130
7511
9213
9961
11430
12094
13205
13265
13993
14019
16303
16860
17206
17356
17714
18040
19413
20491
21673
23163
23991
25734
25737
26083
27736
28293
29022
29751
30107
32872
33493
33693
34471
36362
36797
36948
37322
37820
38105
38108
38292
38570
38638
39292
39297
39335
40167
40600
41743
42876
43054
43256
43446
43749
43963
44283
44342
44754
46709
48606
49125
49863
49895
50475
53205
54176
54682
55039
56963
59820
60437
60784
60862
62096
62491
63475
63556
64470
65747
65837
66402
67678
69037
69729
71478
71699
75092
75447
76027
76575
77428
81011
81605
81784
82005
82106
82383
83239
83410
85067
85246
85774
87912
88332
90491
93481
94119
94266
94485
94746
97308
97793
98108
98500
98779
100137
100185
101026
101671
101740
101913
102286
102585
103588
103895
105261
105732
108173
108355
112549
113551
113600
114291
114401
114525
114647
115118
116278
116317
116374
116596
116803
117486
117587
117792
118386
120083
120413
120739
120782
121920
123053
123817
124095
124231
124568
124629
124879
124890
125219
126027
126113
126226
126395
127187
127581
127800
129049
130011
130482
130820
131698
132205
133080
133287
133305
134424
136440
136511
137109
137486
138053
138363
138368
138533
139488
140460
140885
143997
144620
146178
146642
147753
148381
149090
149480
150292
151393
151697
151986
152710
152751
153502
155438
155465
155727
156111
156371
156970
157625
157885
160584
162075
163544
163913
164287
164555
164956
165238
166106
166730
167517
167893
169066
169600
170555
171361
173547
173677
175276
175776
176198
177703
178218
179207
179287
179590
179864
180575
181640
182000
182436
183151
184318
185998
186826
187569
189303
189478
189747
189800
190689
191526
191922
191933
192229
193683
195383
195445
196368
196519
197511
197694
197702
198477
198615
199847
200161
201174
202359
203035
204395
204624
206799
208086
208304
208732
209429
209752
211515
211720
214031
214039
216181
216753
217176
218188
218484
219471
219760
219830
220639
221106
221312
221550
221803
222162
222204
223566
224225
224276
224373
224902
225643
226411
228786
229180
229248
230071
230471
230771
230908
231054
232747
233162
233273
234064
234425
235743
237498
238127
238667
239720
240852
241269
241277
241426
242624
243152
243228
243502
245836
247834
248811
249007
249364
251435
251461
251572
251785
253639
257849
259488
259806
260032
260044
260083
260361
260958
261885
263092
264365
266896
267029
267107
267285
267661
267787
268186
268391
268878
269079
269328
270005
270649
270919
271897
271914
272728
273591
273717
274772
275798
275811
275896
276149
276487
276973
277384
278564
278709
279617
279920
279988
280370
281068
281621
281730
281973
282511
283884
284339
284347
288787
290479
291150
291394
292550
293309
293800
294325
295328
295331
296661
296709
297095
300629
301199
301210
301300
302469
302534
303127
304072
305844
306141
306182
307481
308033
309269
309685
311503
311746
311850
313047
313103
314437
315125
315615
317236
317280
318754
319125
319164
319409
323181
323206
323642
324949
325208
325695
326451
326542
327232
327599
328237
328469
328788
329581
330274
330649
331583
333778
333952
334829
335035
335364
336956
337223
337614
338417
340823
340941
341419
343475
345234
346350
346365
346504
346782
347158
347475
348068
348325
348837
351276
351697
351898
352307
352786
353354
353822
353956
354920
354996
355441
355600
356237
357103
358910
359000
359133
360799
361293
361323
362747
363799
364910
365895
366292
366629
368476
370106
373490
374192
375104
375643
375780
375832
376046
377090
377547
377951
378730
379598
381229
381944
382063
382896
383796
384368
384384
384535
384925
385191
385237
385264
387267
387547
387556
388858
392708
392960
395306
396948
397077
397656
398556
398929
399614
400874
401223
402005
402997
404860
405508
406169
408522
410209
410312
412906
412961
413236
413293
413480
413952
415141
415599
416467
417127
417153
417294
418201
418216
419127
419158
421682
421685
422048
422462
422746
422765
423161
423747
424916
424935
425018
425234
426305
426799
427227
427848
427880
428437
428707
429653
430599
431211
431369
432602
432771
435699
437338
437735
438615
438780
438853
439948
440189
440525
441371
441379
442057
442162
442540
443453
444581
444768
444947
445171
445513
445938
446088
446253
446768
447397
447536
447619
448224
450882
451148
451375
451707
451976
453246
453471
453478
455606
456093
458204
458796
461050
461378
461575
463592
463873
465342
466435
468059
468155
468181
469422
469665
471584
472977
473240
474484
474578
474840
476497
476894
477120
478219
479567
479601
479607
479622
479674
480276
480684
481601
481782
482376
482666
482836
482933
483731
484147
485458
487054
488292
489107
489404
489624
490229
492607
492788
493818
494341
494364
494683
495241
495820
496054
496650
497489
497600
497843
498525
498646
498649
499128
499833
500052
502982
504613
505733
505966
506616
506730
509675
509817
510578
511662
511782
512376
512598
513242
513713
513915
514542
514859
516738
516798
517267
518315
518852
519389
520084
522736
523380
524742
525475
525701
527396
528831
531719
534879
535749
537238
537406
538047
539015
539353
539355
539906
541268
543035
543304
544072
546192
547354
549030
549551
553272
553595
553824
557441
558346
558653
558769
559114
560826
561131
561164
562086
562753
562793
563615
564066
565365
566076
566390
567321
567339
568515
568768
568808
570188
571479
572103
572487
573738
574068
574693
575758
576916
576935
576938
576983
577111
577322
577430
578146
578940
581207
581353
583150
583391
583687
584137
586009
586163
586998
587235
588339
588954
589262
589552
589651
590285
590635
591273
592432
593380
594155
594295
594432
595118
597185
597844
598751
598957
600058
601328
601772
602786
603618
603834
605941
606874
607593
608220
608316
608374
609578
612319
612501
612818
613033
614629
616601
616792
617989
621741
622069
623280
623833
626332
626993
628597
629172
629173
629513
629919
630023
630237
630490
630913
631285
631288
633088
633202
633518
633831
633842
635177
636167
636462
636851
637529
637850
638588
638762
640071
640217
641426
641705
642103
644369
644429
645727
646388
647741
649299
649856
650322
652562
653785
653842
654000
654793
656438
656590
656829
657843
658044
659417
659611
660215
661670
662730
663219
664788
666219
666490
666850
667054
667993
668801
669075
669752
670922
671538
672181
672217
672295
672613
674883
675192
675402
675932
677177
677183
678583
678961
680556
680957
681244
681832
682379
682615
683935
684693
684803
684920
685835
685934
687065
687115
687189
689792
690793
693019
693090
694559
694645
694857
695115
695476
696363
696836
697144
697521
699333
699447
699503
700766
701217
702174
702470
703713
704438
705116
705496
707215
707334
707431
708052
708229
708729
710707
710947
711552
712728
713364
713402
714387
715131
715383
715945
716576
716994
717953
718339
718387
718789
721377
724440
724712
724951
725106
725152
725311
726306
726815
727680
728413
728540
729336
729581
730621
731238
732414
732816
733455
733837
734271
734422
734684
737615
739084
739712
740715
740814
742040
742560
743715
744431
744676
745764
747228
748182
748207
748856
749408
750119
750233
750355
750537
751215
751446
752072
752300
753011
753954
756492
756561
757185
757705
758045
759420
760135
760608
761096
762632
762641
762966
763996
764715
764911
765232
765763
765947
766014
766191
766413
766698
767838
768518
770272
771275
773688
774105
776984
777988
778661
778790
779363
780267
780578
780738
780966
781160
781647
784331
784697
785416
785583
786196
787179
787713
787915
788208
789899
791956
793043
793331
793474
794097
794332
794552
794806
794846
795961
796021
796805
797604
797715
797793
798065
799200
800428
800663
801957
802749
802936
804487
804694
805240
805626
807033
807859
807865
807874
809610
810285
810558
811194
811445
812673
813488
814925
815258
815316
818784
819374
819500
820348
820669
820787
821733
821943
822293
822396
822691
823046
823156
824251
825051
825847
825948
828014
828493
829490
829688
829836
830458
831036
831268
831950
832565
832945
834043
834571
835090
836068
836409
836538
836812
837164
837441
838085
838788
839718
840363
841078
841312
843024
844113
844851
845233
846362
847095
847168
848456
848801
849903
850139
850312
850344
852909
853471
853737
853945
854809
854920
855535
856032
856768
856905
857243
858138
860974
863524
863896
866999
867572
867649
867708
868041
868159
868453
868820
870862
871021
871299
873183
874642
874696
876487
876841
878492
879060
879545
879811
880689
880917
882200
883350
883884
883903
883992
884408
885521
887018
887705
888034
888291
888459
889746
891042
891367
893428
893954
894738
898192
899467
899716
899910
900563
900748
902451
902536
907607
908555
908861
909565
911988
912081
912635
912866
913525
913603
913775
914546
915596
917831
917909
918712
919238
920072
920262
920612
921871
922746
925664
926023
926202
928683
929270
932550
932606
932608
932978
933904
934355
934416
936331
936744
937904
938308
938525
938725
939530
941705
941904
942806
944495
944660
944883
945314
945696
945765
945960
946576
946621
947134
947524
947978
948208
949523
949917
950006
950808
951598
952634
952733
954333
955649
956070
956171
956215
956479
957393
958277
960511
960609
962908
962920
963177
963310
963815
964389
967721
968259
968292
968392
969445
969643
970709
973289
973503
977059
977228
977289
978274
978902
979955
980762
982220
982595
983094
983411
983678
983849
984195
984227
984812
985901
985930
988318
988869
989128
989437
991491
993955
994679
995231
995846
996746
997031
998140
998242
998572
998784
999211
999913
1000610
1000645
1000679
1001181
1001765
1002539
1003181
1003798
1004913
1005048
1005412
1006278
1006628
1006880
1007322
1008826
1009941
1010031
1010063
1010696
1010708
1010867
1011078
1011241
1012673
1012861
1014338
1015680
1015777
1016223
1016828
1017416
1018979
1019562
1019731
1020399
1020442
1021432
1023078
1023528
1024063
1025104
1025573
1026436
1026740
1026756
1026830
1026872
1028146
1028954
1029496
1030823
1031032
1031527
1032118
1032430
1032697
1034209
1034946
1035045
1036531
1037619
1038553
1039676
1039772
1039810
1040159
1040872
1042986
1043154
1043545
1044269
1045774
1047243
1048151
1048405
1049721
1051200
1051212
1051426
1053831
1054892
1055128
1056349
1056495
1056588
1057743
1058345
1058509
1058657
1059047
1059461
1059966
1060714
1061875
1061957
1063932
1064067
1065320
1066840
1066986
1068749
1069015
1069311
1069983
1070312
1071435
1071874
1072722
1073294
1075153
1076334
1076663
1077302
1077504
1078196
1078677
1078986
1079326
1081368
1081492
1081675
1082730
1083633
1084778
1084797
1085645
1086676
1086833
1086907
1087071
1087172
1087399
1087901
1088094
1088468
1088677
1089231
1091079
1092696
1093707
1094159
1095280
1095827
1096820
1096835
1098284
1101494
1103389
1103709
1104423
1105319
1105928
1110000
1111518
1112194
1112329
1112670
1115752
1117752
1118424
1120549
1121202
1121496
1123128
1123411
1123776
1124110
1124394
1125023
1125993
1127925
1128846
1129281
1130016
1130241
1130591
1130639
1130899
1130945
1131589
1131664
1137343
1138538
1138617
1138693
1139073
1140363
1141187
1142073
1142835
1143582
1144686
1147033
1147163
1148133
1148302
1151654
1153029
1153162
1154059
1154078
1154115
1154842
1155509
1155694
1155711
1156652
1157098
1157215
1158191
1160049
1161837
1162841
1162912
1163152
1163280
1163361
1164472
1168229
1168740
1169825
1170074
1170135
1173405
1173898
1174223
1174302
1174893
1175486
1176792
1177434
1177450
1178307
1178663
1178710
1180335
1180374
1183979
1184035
1184976
1186129
1186453
1186545
1186701
1187053
1187083
1187608
1189232
1190526
1191151
1191765
1193638
1194409
1194713
1194865
1198309
1198592
1198808
1199876
1200004
1201134
1201429
1202564
1202571
1202739
1202792
1203702
1205419
1205493
1207255
1208099
1208106
1208289
1208655
1209367
1209546
1211758
1212622
1217668
1218739
1220362
1220370
1221840
1222937
1223440
1223672
1225093
1225246
1225456
1225812
1226538
1226595
1226733
1228240
1228388
1229207
1229728
1230143
1230956
1231618
1232324
1233050
1233558
1234095
1234245
1235322
1235526
1235728
1236433
1236463
1238461
1239298
1239814
1241022
1241587
1245016
1246445
1247269
1248130
1250037
1251031
1251199
1253802
1254576
1255367
1255932
1256825
1257032
1257509
1257743
1258048
1258376
1258408
1259781
1259872
1260531
1261693
1261858
1262911
1264216
1264257
1265629
1266067
1267246
1267488
1268650
1268684
1269658
1269738
1269818
1269860
1270797
1272556
1272640
1273018
1273394
1274061
1274487
1274758
1275624
1276002
1276349
1279225
1280884
1281232
1281279
1281837
1281903
1282280
1284348
1285589
1285897
1287142
1287713
1288584
1289629
1289673
1290536
1290614
1291950
1293976
1295136
1295191
1295353
1295370
1295496
1295800
1296031
1296066
1297299
1298392
1298546
1299086
1299697
1299926
1301181
1302618
1304545
1304649
1304660
1304783
1306031
1307043
1308181
1310380
1312108
1312488
1313219
1313331
1313765
1314724
1315070
1316433
1316927
1316941
1317543
1317882
1318017
1318293
1318447
1318488
1318564
1319771
1321217
1321996
1323136
1323234
1323250
1323328
1324686
1325390
1325516
1325630
1326412
1326556
1326963
1327002
1327188
1327622
1328198
1330585
1331013
1331504
1331913
1332192
1334721
1334730
1335570
1335738
1336428
1336722
1336950
1338411
1339643
1339948
1340431
1341856
1341972
1342849
1343380
1343642
1344198
1345198
1345379
1345974
1346538
1348424
1350536
1350850
1351172
1351668
1351935
1352558
1353650
1353779
1353913
1354073
1354925
1355230
1355249
1356379
1357861
1357964
1358224
1359812
1359898
1360426
1360595
1363473
1363548
1364927
1365107
1366264
1367046
1367962
1368164
1369994
1370021
1370795
1370976
1371001
1371489
1371542
1373851
1375297
1375598
1375716
1376376
1376445
1377360
1377905
1379487
1379657
1379832
1380497
1380790
1382615
1382989
1383706
1383712
1383871
1387328
1387890
1388016
1388454
1389081
1389467
1390039
1391089
1392027
1394169
1394200
1394260
1395571
1395641
1395785
1396230
1396342
1396729
1399107
1399490
1399744
1400944
1402831
1403636
1403713
1404735
1405783
1405850
1406533
1406786
1407462
1407545
1408904
1408929
1409041
1409053
1409093
1414687
1414751
1415366
1416544
1417311
1418155
1418603
1418830
1419072
1419142
1420077
1420308
1420719
1420977
1421592
1422763
1423076
1423193
1423406
1425147
1426091
1426110
1427334
1428139
1428814
1428902
1429870
1431148
1431519
1431637
1432853
1432990
1433418
1433581
1434749
1435294
1435383
1435629
1436174
1436460
1437403
1438801
1438863
1438874
1439400
1440301
1440491
1440763
1440936
1441922
1442029
1442512
1443161
1445599
1445818
1447147
1447226
1447379
1447865
1447885
1448121
1448170
1448224
1448358
1448550
1449618
1449753
1449984
1450190
1451332
1452256
1453014
1454372
1455127
1456866
1457308
1457670
1457752
1457924
1458031
1459643
1461798
1462140
1462475
1464561
1465268
1465292
1465508
1466703
1469377
1469934
1471445
1471499
1471611
1471788
1472660
1473133
1474144
1474313
1474578
1475013
1476389
1476569
1476810
1478154
1478722
1480477
1481173
1481349
1482519
1485092
1485262
1485292
1485832
1486317
1486825
1487660
1488008
1488391
1488911
1488972
1490362
1490686
1490797
1492122
1492852
1493038
1495245
1495612
1496787
1497460
1498037
1500268
1500494
1500942
1503067
1503577
1504013
1504852
1505221
1505279
1505418
1505427
1506966
1507057
1508124
1508148
1508245
1509461
1509571
1509635
1509975
1510121
1511232
1511258
1511321
1511706
1511874
1512155
1512462
1513125
1513325
1513662
1514747
1516616
1516643
1516726
1516889
1517767
1518062
1518161
1519062
1519759
1520033
1520276
1520381
1521250
1522507
1523379
1523660
1524120
1524298
1524334
1524991
1526383
1527024
1528777
1529074
1530632
1531002
1531301
1531837
1532633
1533401
1533589
1533757
1534723
1535166
1535331
1536336
1537901
1540354
1540494
1541636
1541683
1542325
1542716
1543856
1545316
1546209
1547087
1547169
1548357
1548715
1548758
1549261
1549683
1550223
1551691
1551851
1552067
1552502
1552884
1554118
1554364
1554813
1555156
1555193
1555483
1556232
1556626
1556888
1557112
1559633
1559648
1559734
1561279
1562873
1564015
1564428
1564653
1565163
1565710
1567103
1567109
1567153
1567590
1567721
1567783
1567864
1568251
1568399
1569142
1569482
1569908
1570754
1572430
1574013
1575733
1576936
1576985
1577781
1578102
1578135
1578397
1580479
1580943
1580971
1581176
1581521
1581550
1582122
1582271
1584327
1584931
1586456
1587799
1587833
1588411
1588950
1589205
1590167
1590364
1590380
1593239
1593802
1594859
1595839
1596498
1597199
1597280
1599402
1599719
1599895
1600069
1601007
1602114
1602474
1602518
1603102
1604526
1605289
1605357
1605786
1605920
1606630
1606820
1607057
1608035
1608037
1608589
1608699
1608806
1609043
1609467
1611265
1611944
1612259
1612693
1612893
1612909
1614398
1615011
1615998
1616423
1617507
1617857
1617924
1617988
1618677
1618862
1619290
1620288
1621564
1621758
1621814
1623775
1624473
1624487
1625097
1626083
1626507
1626935
1627070
1627211
1629406
1630311
1632079
1632478
1632875
1632996
1636860
1637114
1638898
1638992
1639634
1639990
1641134
1641526
1643186
1643270
1643698
1644861
1645417
1647159
1647216
1648204
1648646
1649565
1649619
1650153
1650268
1652803
1653799
1654646
1654670
1655912
1656140
1656544
1658287
1658995
1659552
1660046
1660079
1660362
1662740
1662822
1663014
1666695
1669830
1670686
1670952
1671056
1671316
1672309
1672733
1673061
1673222
1673425
1676613
1676876
1678422
1678751
1681136
1681154
1682304
1683340
1687134
1687158
1688462
1688739
1689331
1690168
1690639
1693499
1693607
1693922
1694420
1695783
1696441
1696603
1697498
1697528
1698626
1700081
1701420
1701566
1702234
1702987
1704057
1704554
1704889
1705668
1708407
1708658
1708889
1710765
1710776
1710798
1711613
1712275
1713280
1714190
1714253
1714588
1715114
1715922
1716663
1716946
1717017
1717704
1718666
1718696
1718868
1719617
1720760
1720789
1721435
1721734
1722013
1722361
1722715
1722826
1723346
1723962
1724799
1724975
1725131
1725975
1726902
1727199
1727607
1728607
1729652
1729980
1730747
1730768
1731560
1731973
1732060
1732343
1732361
1732722
1733293
1735486
1735787
1735882
1737207
1737299
1737331
1738421
1738848
1739271
1739364
1740617
1740694
1741307
1741448
1742276
1742356
1743007
1743257
1744645
1744679
1745167
1745810
1747445
1747591
1749458
1750590
1751302
1753236
1755422
1756208
1756633
1756659
1757054
1757363
1757442
1757747
1758451
1758859
1759307
1759930
1760350
1761011
1763662
1763811
1766484
1766999
1767041
1768062
1769131
1769748
1770994
1771931
1772148
1773003
1775173
1776489
1777911
1778015
1779074
1780190
1780448
1781067
1781709
1783270
1784050
1784185
1786093
1786246
1788624
1789620
1790187
1791929
1791938
1792379
1793292
1793517
1794024
1794567
1794744
1794936
1795136
1795351
1795389
1795672
1796279
1798162
1799128
1800808
1802198
1802668
1802801
1803707
1803820
1804051
1805715
1806852
1807550
1808899
1809063
1810432
1811727
1813330
1813596
1813873
1814483
1814678
1815221
1815484
1816262
1816317
1818079
1818334
1818723
1820039
1820090
1821693
1824576
1825736
1825748
1826167
1826642
1826984
1827315
1829783
1829862
1829979
1830090
1830697
1830791
1831982
1832038
1832389
1833134
1833836
1834021
1834040
1834945
1836055
1836676
1838652
1838688
1838929
1840627
1842611
1842989
1843342
1844804
1845236
1845337
1847114
1847437
1847792
1847799
1848786
1849679
1850201
1850844
1851375
1851377
1852084
1852182
1852249
1852634
1853554
1853579
1853667
1855064
1855184
1855324
1855341
1855443
1855583
1855752
1856610
1857634
1858013
1859574
1860433
1861232
1862772
1863112
1864647
1865285
1866553
1867585
1867852
1868520
1871195
1871242
1874478
1874638
1876700
1876739
1877548
1879154
1880516
1881617
1881876
1882640
1883204
1883581
1884213
1884903
1885032
1886328
1886474
1886510
1887108
1887160
1887268
1887399
1887659
1888350
1889455
1889717
1891076
1891380
1891463
1892022
1892218
1892881
1892922
1893421
1893436
1894073
1894954
1895856
1896268
1896528
1897708
1897772
1897820
1901124
1901529
1902317
1904668
1904897
1905141
1905722
1905750
1905896
1906442
1906627
1907181
1909981
1910325
1911041
1911339
1911421
1911427
1912960
1913041
1913082
1914028
1914129
1914323
1917058
1919862
1920230
1920448
1920540
1920911
1921038
1921221
1922148
1922790
1922935
1923401
1923528
1923885
1924168
1924462
1924477
1926104
1926602
1927174
1927854
1929777
1929877
1930041
1930629
1930724
1931150
1931489
1931599
1934676
1935141
1935143
1935673
1936651
1937113
1937488
1937494
1937958
1939346
1941470
1941601
1941872
1943238
1944316
1945246
1945569
1947058
1947634
1949217
1950363
1952210
1952348
1952811
1953220
1954199
1954773
1955385
1955457
1955963
1956683
1957453
1957996
1959655
1960094
1960552
1960980
1962353
1963083
1963812
1964338
1965275
1966064
1966169
1967738
1968786
1969601
1970124
1970655
1972003
1972179
1972311
1972359
1972433
1972537
1972982
1973139
1973254
1973308
1974403
1974550
1974983
1975010
1976062
1976074
1977521
1977555
1978510
1979066
1980029
1980125
1980452
1980487
1981051
1984544
1984767
1984829
1985063
1985729
1986519
1986654
1988800
1989248
1989644
1989888
1989909
1991468
1991858
1992068
1995735
1996477
1998942
1999042
1999335
1999726
2002269
2002270
2002679
2002730
2002769
2002873
2002933
2003437
2003678
2004269
2004296
2004737
2004813
2004935
2005662
2007059
2007982
2009175
2009258
2009604
2010436
2010949
2011160
2011163
2011646
2011904
2011985
2012406
2013159
2013450
2014183
2016353
2016664
2017495
2018800
2018954
2019228
2020074
2020698
2020815
2021441
2021890
2022155
2022477
2022817
2023379
2023406
2023604
2023696
2023862
2023921
2024615
2025372
2025742
2025878
2026268
2027459
2027510
2027522
2027598
2027965
2028898
2030755
2030764
2032180
2033072
2033702
2033726
2034517
2034843
2036689
2037693
2038219
2038348
2038942
2038986
2038995
2039254
2039880
2040143
2040828
2040946
2041422
2041799
2042442
2042585
2043350
2044232
2047165
2048023
2048203
2049225
2050366
2050452
2050766
2051007
2051475
2051957
2052450
2053659
2054404
2054654
2054775
2055069
2055459
2055689
2055703
2056135
2056321
2057122
2057555
2057572
2059738
2060163
2060506
2060565
2061338
2061342
2061504
2061969
2062698
2064781
2065258
2065510
2065588
2065799
2065917
2065931
2066134
2066614
2067854
2068288
2068468
2069113
2069579
2070009
2071156
2071597
2071657
2072040
2072054
2072066
2074404
2074946
2076045
2078514
2079747
2080819
2081277
2081575
2082275
2082889
2083266
2083921
2085662
2086975
2087139
2088357
2090075
2091964
2092955
2092972
2093249
2094107
2094610
2095019
2095357
2095470
2096690
2096918
2098610
2098837
2098973
2099693
2099985
2101753
2101817
2104000
2104320
2104802
2109356
2109482
2109701
2111006
2112369
2112472
2113337
2113981
2115328
2115535
2116024
2117002
2119247
2120441
2120651
2122381
2124200
2124826
2125765
2126633
2128217
2128656
2129088
2129192
2129552
2129733
2130536
2130759
2131270
2131672
2133037
2133870
2135482
2136526
2136736
2137019
2137879
2138863
2139739
2140615
2141084
2141279
2142063
2143421
2144539
2145451
2145668
2145685
2146042
2146061
2146697
2147381
2148885
2149230
2149802
2149820
2150309
2151497
2151683
2151873
2152618
2152840
2152988
2153195
2153256
2155498
2156238
2156446
2156450
2157073
2157356
2157375
2157769
2157967
2158564
2159285
2159337
2159735
2162798
2163415
2164835
2165675
2168542
2168991
2171826
2172336
2172381
2172798
2172825
2173659
2173913
2174372
2175078
2175902
2177109
2177404
2177918
2177974
2178687
2179953
2180702
2181507
2181799
2187065
2187587
2188232
2188731
2188915
2189405
2189663
2194390
2194414
2195129
2195188
2195708
2196062
2197542
2197595
2198258
2199244
2199739
2200272
2201388
2201486
2201600
2202639
2202757
2202995
2205095
2205794
2206740
2206941
2207014
2207224
2208150
2208531
2210477
2210828
2211496
2212145
2212677
2213447
2213722
2214026
2214914
2215222
2215257
2216313
2216519
2216817
2216878
2217045
2217133
2217494
2217653
2218253
2218750
2219092
2219153
2219225
2220317
2220625
2221454
2222154
2223208
2223473
2223839
2224005
2224361
2224884
2226470
2226807
2228183
2228366
2228829
2229422
2231863
2232654
2233139
2233318
2233624
2233860
2236555
2238319
2238614
2239066
2239386
2239565
2240059
2241450
2242090
2242180
2243224
2243579
2244281
2244903
2245763
2246419
2247474
2248308
2248567
2249328
2249456
2249950
2249951
2250335
2250585
2250729
2251338
2251360
2252465
2252597
2253165
2253604
2254515
2255064
2255676
2256508
2257405
2258027
2258409
2259919
2260504
2260872
2260957
2262189
2262347
2263112
2266096
2266397
2266450
2268259
2268278
2268387
2269591
2272260
2273317
2275308
2276528
2277252
2277514
2279196
2279507
2279767
2280244
2280541
2281021
2281792
2282997
2283782
2284438
2284553
2288173
2289052
2289181
2291660
2293635
2293639
2294072
2295734
2296836
2297568
2297851
2298038
2299746
2299893
2300651
2301105
2301297
2301348
2301982
2302069
2302922
2303110
2304017
2304080
2304960
2307635
2307692
2307753
2309278
2309381
2309495
2312216
2312515
2313053
2313973
2316070
2316111
2316451
2316619
2317409
2318335
2318414
2318833
2322210
2322770
2323607
2324526
2324758
2324817
2327817
2328092
2328172
2328206
2328232
2329309
2330001
2330569
2330677
2331527
2331937
2333415
2333815
2333940
2335405
2335967
2336818
2337075
2337747
2337937
2338369
2338771
2339506
2339795
2339834
2340636
2342145
2342255
2344085
2344196
2347018
2347233
2347254
2347279
2347759
2349153
2351511
2351595
2352298
2353866
2354045
2354152
2354228
2354375
2354976
2355399
2355479
2356360
2357361
2358546
2358689
2358925
2360924
2361280
2361655
2361674
2363178
2363530
2364921
2365354
2365398
2365915
2366830
2367325
2369155
2369477
2369726
2370243
2370304
2370934
2372466
2372758
2373001
2373077
2373465
2375386
2375824
2376369
2377642
2378045
2379564
2381323
2381390
2381560
2382654
2382860
2382891
2383493
2383548
2385097
2385120
2386576
2387708
2388260
2392749
2393482
2395477
2395687
2396006
2397412
2397518
2398581
2398583
2398611
2400100
2400479
2401039
2401069
2401640
2401665
2402010
2403600
2404424
2405042
2406838
2407493
2407802
2408486
2408501
2408520
2408824
2408988
2409676
2411101
2412119
2412276
2412345
2412690
2413189
2413271
2413457
2413738
2414009
2416888
2418261
2418499
2418626
2419273
2419322
2419692
2420063
2420667
2421054
2422603
2422848
2424988
2425557
2426112
2426334
2427590
2427868
2428291
2428717
2428878
2428971
2429040
2430009
2432554
2432587
2432730
2433175
2436117
2436147
2436486
2436830
2437684
2437785
2437818
2438316
2438400
2438402
2438699
2439353
2439723
2440702
2441426
2441514
2441856
2444264
2446211
2446590
2447529
2447896
2450722
2450774
2450906
2451076
2451728
2453113
2453246
2453745
2454077
2454954
2455702
2455859
2457420
2457749
2457980
2458652
2459391
2460398
2460614
2461467
2461707
2462086
2462159
2462711
2463785
2463910
2464732
2466949
2469757
2470780
2471828
2472173
2472323
2472386
2474516
2478078
2478502
2478641
2479619
2481832
2482112
2482147
2483369
2483918
2484429
2484596
2484809
2485845
2488362
2489827
2492466
2492758
2494609
2495465
2496623
2497091
2497133
2497179
2497344
2497435
2497530
2498579
2498663
2498916
2499733
2499802
2500683
2502386
2503937
2504310
2504352
2504858
2505976
2506725
2507169
2507697
2508201
2510662
2510814
2512272
2513155
2513474
2514004
2514408
2514628
2514666
2516654
2517265
2517419
2518362
2518486
2519116
2519436
2520170
2520697
2522147
2522393
2524797
2527581
2527945
2528222
2528605
2528633
2529276
2529578
2529606
2529609
2529861
2530636
2531227
2532506
2532710
2534357
2534593
2536190
2536223
2537571
2537951
2538542
2538955
2541112
2541218
2541329
2541498
2543493
2543579
2543974
2544359
2545286
2545640
2546225
2547749
2548066
2550599
2552778
2557837
2557957
2558471
2558487
2558586
2558775
2559674
2559863
2561498
2562363
2562689
2562907
2563008
2563938
2564370
2565131
2565732
2566845
2567898
2569263
2569415
2570347
2570364
2570440
2571221
2571423
2571451
2571537
2572007
2572643
2573079
2575017
2576060
2576334
2576556
2577063
2577510
2577587
2579040
2579847
2580279
2581588
2581689
2581992
2582112
2582701
2582942
2583215
2583382
2585400
2585426
2586072
2587932
2589784
2592114
2592167
2592427
2592795
2593876
2594790
2595181
2595505
2596745
2596797
2597440
2597870
2598345
2600032
2600524
2600906
2601143
2601570
2602840
2605422
2605714
2605945
2606226
2607784
2608981
2609108
2612155
2612727
2613370
2616130
2616257
2616374
2616500
2617409
2619639
2620274
2621042
2621107
2622747
2623004
2623081
2624574
2625050
2625073
2626149
2626238
2627753
2628562
2629101
2629739
2629935
2631198
2631284
2631305
2631567
2632170
2632737
2634804
2634974
2635481
2636011
2636702
2638370
2639671
2640268
2643900
2645823
2650299
2650896
2652393
2652627
2653568
2654672
2656150
2656846
2657799
2658158
2658177
2658196
2658580
2661489
2661847
2662816
2664319
2665009
2665017
2665029
2665127
2668095
2668302
2670971
2673141
2674067
2674311
2675059
2675807
2675946
2677543
2678753
2679858
2679909
2680458
2681148
2681528
2681593
2682292
2682380
2682944
2683147
2683685
2683951
2683979
2684459
2685490
2687144
2687155
2687294
2689274
2690648
2692705
2693445
2694291
2696815
2699528
2699540
2699889
2700566
2702133
2703566
2704584
2704714
2704896
2705219
2705574
2706187
2707503
2707512
2707818
2710085
2710137
2710156
2710365
2710724
2711875
2712551
2712577
2713980
2714056
2714142
2714805
2715714
2717282
2717814
2718257
2718786
2719149
2721134
2722651
2722910
2724263
2724684
2724809
2725006
2725445
2725529
2725619
2727522
2728198
2730005
2732232
2732443
2732519
2732996
2734262
2734581
2735849
2736033
2736061
2736498
2737154
2737600
2737806
2738442
2739440
2739664
2739772
2739818
2739831
2740229
2740466
2741240
2741754
2742088
2742731
2744064
2744136
2745150
2745844
2745866
2746084
2746734
2748278
2748456
2751421
2751554
2753579
2754460
2754662
2755014
2755739
2756598
2756711
2756840
2757051
2758519
2758878
2758979
2759619
2760115
2760122
2761194
2761933
2762295
2764363
2764433
2765501
2766375
2767775
2767905
2769002
2769342
2770628
2770835
2771012
2771112
2771307
2772480
2772759
2773512
2773745
2774975
2775418
2776463
2776965
2779121
2780009
2781770
2782162
2782407
2783179
2784151
2784699
2785292
2785420
2785459
2785520
2785811
2786045
2786227
2786290
2787911
2787949
2788066
2788377
2791145
2792622
2793009
2793908
2794731
2795146
2796226
2796325
2796400
2796635
2798314
2798543
2799645
2799902
2800374
2800537
2801541
2801629
2801654
2802410
2802520
2802538
2802726
2802756
2802959
2803619
2804881
2805007
2807823
2808724
2809722
2809819
2811054
2811351
2811476
2812341
2813667
2814849
2814987
2815637
2817722
2817983
2818461
2818516
2819320
2819677
2819918
2820380
2821462
2821619
2822817
2823692
2825970
2826000
2826328
2827721
2828100
2829265
2829943
2831093
2831148
2833293
2834429
2836101
2836573
2836797
2837023
2837310
2838278
2838504
2838525
2839621
2840544
2840715
2840788
2840985
2841277
2841856
2841864
2841928
2842006
2842617
2843067
2843499
2843839
2844680
2847198
2847250
2847513
2847562
2849067
2849070
2849464
2850320
2850732
2851007
2854696
2855182
2855944
2856070
2856684
2857451
2859420
2859544
2859952
2860071
2860446
2860476
2861034
2861506
2861880
2864000
2864802
2865015
2865072
2865890
2866527
2867303
2867489
2867597
2868308
2868434
2868494
2868703
2868776
2869362
2869863
2870131
2871418
2871497
2871546
2872131
2872217
2872502
2873222
2873888
2875809
2875952
2876228
2877196
2877493
2877503
2877912
2879888
2880737
2880756
2882915
2885272
2886785
2886869
2887441
2888167
2888310
2888637
2889112
2889175
2890381
2890965
2891933
2892498
2893102
2893105
2893555
2894281
2894714
2896226
2896443
2897864
2898902
2899152
2899859
2900784
2901821
2901986
2902169
2902707
2903073
2903248
2908382
2909595
2911708
2912049
2913344
2913734
2913801
2914184
2914280
2916418
2916961
2917608
2918000
2918167
2918707
2918855
2919484
2920011
2921215
2922143
2923150
2924539
2924569
2924686
2924949
2925129
2925239
2926357
2926439
2927823
2928327
2928534
2929571
2929720
2930144
2931519
2931728
2933229
2933776
2934859
2936909
2939583
2939642
2940498
2941065
2944142
2945324
2945729
2947481
2948044
2948847
2949176
2949793
2949856
2949944
2950983
2952009
2952360
2952838
2952913
2953231
2953321
2953327
2953442
2955059
2955808
2955813
2956427
2957437
2959067
2962247
2962351
2963008
2963227
2963555
2964081
2964214
2964572
2964763
2965437
2966763
2967086
2968048
2968125
2968274
2968483
2968509
2968705
2969046
2969352
2969454
2970528
2971479
2971595
2971642
2972411
2973328
2974072
2974822
2977421
2977760
2980486
2981385
2981693
2983987
2985036
2985267
2986396
2986862
2988251
2988700
2989554
2989993
2990598
2990868
2992417
2994265
2996756
2996881
3000484
3000967
3002312
3002673
3003097
3003487
3005404
3005907
3007683
3009633
3010108
3011205
3011404
3011588
3011998
3014014
3014073
3017446
3018613
3019196
3020895
3022256
3023531
3028314
3028503
3029845
3030028
3030469
3030641
3031111
3031189
3031437
3031982
3032794
3037547
3038163
3038376
3038507
3038640
3039727
3039799
3039922
3040265
3040497
3040703
3041045
3045013
3045553
3045598
3045803
3046474
3046508
3046642
3048188
3048218
3048351
3049146
3049267
3049311
3049801
3051260
3052686
3053086
3053357
3054494
3054935
3054978
3055220
3056138
3056168
3056365
3057036
3058598
3060478
3061175
3061796
3061840
3061928
3062255
3062765
3064551
3064898
3064998
3066705
3068512
3069401
3069626
3069641
3070945
3071754
3072004
3072211
3072463
3072483
3072825
3074628
3075262
3076398
3076970
3077218
3077244
3077393
3078713
3078754
3079036
3080590
3081105
3082744
3083201
3084086
3084612
3084665
3085361
3086169
3086326
3086444
3087231
3087684
3089755
3089979
3090152
3090596
3090648
3090781
3092790
3092813
3093077
3093528
3093565
3093582
3093616
3093651
3096125
3096556
3098030
3098152
3098912
3099198
3100788
3100867
3101162
3102053
3102271
3102419
3103524
3104430
3106837
3107410
3107993
3108260
3109007
3110647
3110656
3110941
3112063
3112128
3112684
3112905
3114218
3114618
3115771
3115915
3116014
3116317
3116886
3116952
3117026
3118236
3118777
3119814
3119853
3120332
3120941
3121536
3122546
3123535
3123748
3124474
3125363
3126817
3126992
3127903
3129170
3129453
3129521
3130230
3130251
3131157
3131289
3132339
3132918
3133178
3133436
3133451
3133986
3136474
3138250
3138304
3138325
3138437
3139068
3139100
3139344
3139668
3141211
3142257
3143453
3144506
3144844
3144922
3144975
3146368
3146694
3147404
3148765
3149104
3149699
3150857
3150910
3152241
3152348
3152921
3153304
3153595
3154501
3154697
3155645
3157004
3157470
3157816
3158551
3158552
3158714
3159186
3160148
3160577
3160694
3161015
3161097
3161212
3161652
3161915
3162129
3162352
3164300
3164321
3165025
3165622
3165644
3165807
3166041
3167342
3168007
3168968
3169201
3170998
3171276
3171302
3171552
3171834
3172566
3173456
3173527
3174009
3174814
3175526
3176516
3177968
3178116
3178617
3179028
3179249
3179567
3179976
3182195
3183370
3183428
3184278
3184471
3184493
3185025
3186783
3187415
3187669
3188408
3188766
3188904
3189061
3189735
3191086
3191199
3192107
3192816
3193137
3195150
3195865
3197635
3199801
3199934
3200471
3202110
3202714
3203516
3204482
3206370
3206595
3207285
3209390
3209393
3211288
3211930
3212382
3212691
3212958
3214962
3215589
3216020
3216031
3216091
3217069
3217599
3217858
3218510
3219524
3220324
3220505
3222882
3223766
3224577
3225335
3225450
3225900
3225928
3226057
3226860
3227056
3227523
3227624
3227700
3228016
3228594
3229476
3229720
3230215
3232013
3232050
3232278
3233006
3233215
3233806
3235483
3235646
3236213
3236472
3237374
3237576
3237654
3241032
3242469
3243502
3244111
3244820
3244821
3244861
3245542
3245699
3246205
3248134
3249493
3249801
3249861
3251276
3252018
3253397
3254756
3254871
3255289
3257030
3257156
3257643
3258062
3258256
3258389
3258884
3261544
3261969
3262083
3264046
3264381
3264875
3264937
3265195
3265798
3265890
3266213
3266845
3267430
3267619
3267898
3269933
3271404
3271478
3272022
3272713
3275141
3275900
3278911
3278982
3279339
3280297
3282276
3282851
3283229
3283377
3283512
3284098
3284683
3285608
3286096
3288205
3288247
3288602
3289507
3290280
3290424
3290963
3291111
3291229
3293145
3293872
3295401
3295926
3296133
3296238
3296696
3297093
3297690
3298994
3299045
3299532
3299752
3299830
3300134
3300338
3300417
3300550
3300638
3301813
3301856
3302076
3302638
3303183
3304622
3304726
3305055
3305204
3305689
3307742
3308616
3308645
3308834
3308995
3310243
3310716
3310886
3311013
3315169
3315862
3317139
3317205
3320068
3320786
3322081
3322214
3322761
3323203
3323207
3323321
3323490
3323974
3324551
3325605
3325743
3326797
3326840
3326951
3329327
3330039
3330863
3330935
3331977
3332105
3333327
3333491
3333798
3333951
3334128
3334604
3335044
3335108
3335226
3335460
3336232
3337268
3337468
3339586
3340566
3340818
3341031
3341233
3341954
3342871
3343447
3344357
3344649
3345599
3346304
3347356
3347381
3347748
3348154
3348347
3348394
3349389
3349660
3349986
3350347
3353044
3353585
3354281
3354724
3355408
3355619
3357006
3357474
3358383
3358989
3360114
3360277
3360299
3360524
3360718
3360853
3360899
3360996
3361304
3361421
3362215
3363278
3363971
3365066
3365412
3365844
3365877
3366713
3368538
3369935
3370982
3371432
3371623
3372987
3373149
3373960
3374506
3374734
3375528
3375759
3376048
3376358
3376683
3376801
3376837
3378452
3378466
3378617
3378705
3378805
3379934
3380555
3381184
3382086
3382377
3383398
3383724
3384278
3385629
3385929
3389453
3390838
3391759
3391875
3392305
3392946
3393173
3394469
3394554
3395667
3396612
3397993
3398647
3400291
3400378
3401395
3401592
3402559
3402566
3403813
3404260
3404981
3405058
3405062
3405491
3405605
3407519
3407677
3407704
3408984
3409558
3410450
3411143
3411620
3412282
3412285
3412868
3414098
3414945
3415115
3415788
3416512
3417527
3418880
3418899
3419334
3421590
3421815
3422206
3422306
3423254
3424041
3425106
3425534
3427330
3427354
3427409
3427552
3427650
3427853
3429363
3430568
3430907
3431163
3432557
3433267
3434333
3435676
3436436
3437058
3437391
3437619
3438224
3438446
3439174
3439618
3440593
3441777
3442120
3442515
3443034
3446752
3447008
3447378
3448365
3448927
3449214
3450079
3450359
3451436
3451611
3451617
3453288
3453582
3453840
3454541
3455589
3456259
3457064
3457987
3459168
3459306
3460136
3461334
3461484
3462697
3463612
3466290
3466306
3466874
3467944
3468077
3468181
3468690
3470987
3471306
3473553
3474333
3474430
3475955
3476071
3476095
3476571
3477358
3477592
3477789
3479175
3481757
3482094
3486751
3487256
3488227
3488622
3490427
3490688
3491276
3491338
3492366
3492690
3493746
3494370
3494813
3498283
3498407
3498457
3498686
3499176
3499299
3500367
3500661
3500700
3501133
3501424
3501466
3502654
3504323
3505645
3505674
3506388
3507117
3507491
3508583
3508690
3509260
3510504
3510809
3511450
3511924
3512934
3513501
3514526
3516265
3516318
3516349
3517072
3517672
3518247
3518907
3519196
3519450
3519509
3519910
3519936
3519974
3520553
3521375
3521511
3521519
3523132
3523794
3527047
3527509
3528665
3528731
3528814
3528895
3529168
3530073
3531015
3531017
3531046
3531299
3531891
3532514
3532704
3532852
3532910
3533727
3534339
3534533
3539853
3540959
3541176
3541487
3541508
3541988
3542235
3543584
3543774
3543790
3543819
3543980
3543992
3544321
3545262
3546052
3547196
3547672
3548396
3549333
3549729
3549733
3551055
3552015
3552563
3553106
3554031
3554480
3554589
3555757
3556193
3556343
3556619
3559262
3560423
3561167
3562091
3562307
3563145
3563837
3564148
3564532
3565331
3565478
3565777
3567208
3567966
3569335
3570264
3571151
3571219
3572771
3573152
3573173
3574358
3576069
3577184
3577794
3577859
3578004
3579510
3579900
3580196
3581437
3581579
3581745
3582595
3583277
3583537
3583574
3583735
3584103
3584112
3584477
3584523
3585393
3586581
3586805
3586812
3587519
3587911
3588186
3589307
3589540
3590566
3592449
3592695
3592990
3593806
3595467
3595577
3596964
3597753
3598329
3598857
3601422
3602273
3602318
3603298
3603428
3603573
3605291
3606473
3606479
3606503
3606766
3607346
3607695
3607760
3608288
3608898
3609427
3609479
3610691
3610756
3610911
3612226
3613784
3614707
3615394
3616146
3616580
3616671
3620173
3621090
3621871
3622015
3622728
3622767
3623403
3624584
3626128
3628151
3628376
3628381
3629818
3631156
3631338
3632039
3632346
3632862
3634593
3634636
3634860
3635731
3635835
3636496
3636559
3639023
3639519
3642810
3643308
3643826
3643961
3646125
3647944
3649177
3652323
3656775
3657272
3657603
3657982
3658040
3658044
3658723
3661014
3661019
3661882
3662622
3662824
3663570
3664721
3664993
3665609
3665651
3666524
3666739
3666860
3668049
3668157
3669350
3669439
3669492
3670102
3670462
3670734
3671281
3671282
3671455
3672223
3672245
3673612
3674032
3675696
3675805
3675860
3676221
3676495
3676575
3677069
3677356
3678165
3678567
3680367
3680645
3682299
3682866
3683981
3685015
3685036
3685950
3686978
3687882
3687977
3688403
3688502
3688842
3689511
3690415
3690863
3693080
3693609
3693940
3695203
3695553
3696409
3696670
3697060
3697169
3697930
3699285
3701407
3702471
3702816
3704162
3704421
3706630
3706762
3708437
3708910
3709245
3709686
3709742
3709916
3711675
3711679
3712470
3713037
3713426
3713583
3715564
3715591
3715614
3716649
3717331
3717980
3718087
3719526
3721222
3721471
3721985
3722052
3722685
3723172
3724498
3725007
3725096
3725954
3726139
3727961
3728024
3728129
3728491
3730406
3731505
3731933
3732146
3732311
3733672
3733715
3734059
3734283
3737527
3739209
3739291
3739659
3740894
3741464
3741797
3743246
3745245
3746787
3748443
3749979
3750830
3752255
3752550
3752605
3753838
3753960
3753975
3754579
3754593
3755447
3757722
3758449
3758460
3759718
3760145
3761934
3762254
3762887
3764202
3764653
3765090
3765193
3765572
3766183
3767481
3769507
3771741
3771804
3774127
3774558
3774646
3775212
3775487
3777346
3779647
3780167
3780482
3781696
3783549
3783671
3784214
3784525
3784789
3785659
3785859
3786360
3786403
3786869
3786997
3787228
3788553
3788744
3790503
3791397
3792207
3794399
3794440
3795811
3796069
3796423
3796483
3796718
3797862
3798130
3799774
3800952
3801318
3801331
3802031
3802044
3802824
3803581
3804461
3805068
3805705
3807395
3808461
3808831
3810394
3810556
3810822
3811905
3812139
3813550
3813717
3813990
3814004
3814294
3815546
3816088
3816562
3818158
3819299
3819568
3821644
3822314
3822332
3823299
3823874
3825285
3825308
3825479
3826250
3827953
3829352
3830873
3831489
3832091
3832663
3833035
3834260
3834415
3834586
3835198
3837029
3837242
3837672
3838460
3839896
3840981
3841407
3842794
3843000
3843052
3843969
3844247
3844948
3846316
3846431
3846550
3849221
3850061
3852481
3853340
3853648
3853984
3854353
3854958
3856788
3858219
3858658
3859431
3859512
3860043
3860228
3860439
3861989
3862862
3864128
3864201
3864600
3866419
3866685
3866986
3867002
3867313
3867678
3867717
3868042
3868764
3871211
3871512
3873283
3873407
3873524
3873578
3875036
3877174
3877544
3877845
3879072
3879186
3879816
3881647
3882190
3882303
3882534
3882903
3883254
3885952
3886005
3887538
3887709
3888124
3890116
3890211
3891348
3891606
3891884
3892015
3892199
3893943
3894259
3894324
3895485
3896262
3896326
3897641
3899049
3900276
3900664
3900841
3902400
3902597
3903553
3903916
3904254
3905082
3905738
3906123
3906596
3906603
3907340
3907924
3908151
3908340
3908656
3909097
3909106
3910250
3910335
3911297
3911323
3911681
3913218
3914443
3915839
3916081
3916089
3917859
3918667
3918751
3919029
3919281
3920264
3920417
3920872
3921243
3921503
3921588
3923661
3924941
3926720
3926968
3928618
3929362
3929538
3929731
3930126
3930875
3931064
3931240
3931286
3931718
3931948
3933360
3933419
3933958
3934982
3935836
3938329
3938540
3939330
3939987
3940193
3941722
3941785
3941990
3942071
3942461
3942726
3943998
3945707
3945833
3946224
3946483
3946556
3946572
3947048
3947842
3949575
3950924
3951371
3951579
3952595
3952836
3954608
3955838
3955945
3956629
3956729
3956777
3957733
3958111
3959167
3960013
3960252
3960631
3963563
3963737
3964404
3966450
3967056
3969037
3970114
3970693
3970757
3971665
3972570
3972935
3973262
3974836
3977007
3978204
3979580
3979679
3979684
3980251
3980646
3980983
3983977
3984646
3985466
3985586
3986639
3986999
3987209
3988424
3988566
3988925
3989620
3989684
3989710
3989766
3989911
3991196
3994146
3994398
3995878
3996042
3996434
3998489
3998566
3999219
4000742
4002277
4002888
4003156
4003192
4003915
4005290
4005364
4005492
4006251
4006313
4006359
4006712
4007259
4007499
4007588
4008589
4008706
4009321
4009754
4009766
4010452
4010847
4011143
4011210
4011816
4012084
4012384
4012803
4013026
4013808
4014727
4015402
4016279
4017169
4017249
4017328
4017688
4018424
4019123
4019653
4020250
4020428
4021380
