507
585
717
855
1018
1090
1120
1695
4353
4419
4879
5086
5657
5790
6132
6725
6954
7107
7750
7792
8020
8096
9205
9555
9899
10559
10793
11022
11051
11306
11798
12032
12520
13201
13703
13745
13899
13919
14404
14889
16174
16316
16327
16868
16917
16929
18705
19567
20436
20751
21081
21124
21541
21769
22050
22091
22121
22330
22440
22947
23686
23763
24568
24651
24976
25225
25308
25384
26035
26098
26264
26629
27038
27279
29012
29654
29857
30685
30755
31044
31187
31368
32798
33060
33111
33366
33395
33719
33745
34315
35075
35533
35870
36325
36384
37340
38599
38639
39020
39026
39111
39248
39348
39437
39963
40221
40339
40406
40954
41047
41093
41246
41753
42197
42204
43110
45022
45074
45527
45610
45881
46076
46131
46140
46552
47206
47904
48062
48251
48679
48821
48878
48945
49191
49799
50351
51204
51280
51855
54463
54464
54720
56174
56291
56665
56753
57095
57233
57279
57623
58012
58286
58340
58865
59079
59344
59472
59580
59705
59739
59927
60113
60250
60963
61002
61376
62284
62324
62433
62765
62827
64358
64710
65286
65632
66057
66199
66722
67066
67269
67533
67607
69671
69706
69770
69931
71266
71724
74943
75428
76075
76857
77130
77245
77388
78013
78037
78085
78463
79963
80573
80599
80611
81777
81793
82833
83391
83422
83921
84018
84324
84452
84567
84847
84867
84918
84943
86567
86711
86790
87739
87805
88926
89354
89594
89787
89991
90762
91391
92700
93542
93812
94267
94373
94385
94890
95920
96098
96595
96707
97282
97651
98723
98988
99425
99748
100249
101031
101109
101788
103254
103411
104639
104829
105061
106506
107667
108093
109075
109076
109500
109606
109681
109914
110135
110689
110755
110782
111170
111643
111716
112056
112603
112807
113173
114640
114730
115385
116529
116729
118076
118205
118488
118758
119221
119619
119654
119708
120650
121198
121865
121901
122115
122255
122299
123066
123452
124033
126188
126716
127205
127208
127234
127725
128189
128241
128416
129364
129445
129998
130021
130752
130813
130858
131047
131554
131885
132221
132852
133027
133210
134277
134771
135017
135366
135496
136151
136740
137070
137578
137806
137944
138248
138863
139690
140194
141012
141376
142337
142610
142780
142847
143267
143571
143839
143926
145432
145454
146086
146581
147150
147210
147480
147799
149235
149271
149282
149423
149438
149825
150251
150329
150378
150618
151225
151764
151985
152398
152858
153316
153531
154347
154956
154980
155385
155388
155975
156503
156606
157604
158252
158719
159038
159780
159826
159883
160660
160848
161066
161501
161515
161668
161989
161992
162314
162684
163040
163510
163619
164646
165182
165255
166156
166662
166803
167001
167778
167924
168212
168886
168922
169128
169397
169661
172282
173090
174000
174606
174753
174968
175298
176554
177362
177463
177679
177775
178842
178962
179252
179546
179749
180076
180094
180728
182404
183120
183286
183445
183538
184998
185478
185630
186071
186301
186353
186505
186847
186976
187299
187311
187824
187871
188507
189712
190114
190176
190624
191036
191044
191326
192380
192426
193028
193496
193592
193654
193835
194020
194104
194403
195184
195656
196405
196488
196597
196728
196781
197488
197560
197697
197728
198012
198151
198788
198927
199488
199718
200827
201193
201324
201559
201599
201605
202034
202415
202810
202918
202938
203626
203994
204069
204253
204629
204675
204854
204924
205218
205516
205639
205937
206579
207091
207140
207213
207234
207401
208269
208375
208435
208983
209156
209166
209433
209558
209763
211000
211290
211364
211890
212238
212501
212567
212642
213327
213349
213666
214833
215499
216639
217898
218629
218970
220248
220390
220674
221354
221471
221483
221996
222373
222611
222637
222690
222858
223847
224180
224258
225043
226232
226846
227117
227576
228620
228740
229336
229370
229956
230371
230397
230721
230761
230928
231406
231854
232418
232819
232829
232941
233483
233524
234803
234925
234955
235292
236062
236404
236730
236838
236861
236883
238229
238546
239299
240161
241434
241474
241896
242868
243430
243476
244214
244489
244522
244532
245341
246091
246126
246445
246540
247407
247495
247697
248543
248636
248729
250155
250606
251688
251912
251970
252012
252763
253041
253464
254018
255047
256142
256908
257000
257015
257148
258001
258249
258419
258620
258721
259051
259325
260958
261007
261094
262052
262188
262462
262723
263080
263630
263890
264266
264704
264783
265141
266078
266991
267090
267683
267702
268055
268640
268809
270523
271382
271434
271676
272090
272714
272783
272812
274063
274106
274854
275185
275613
276523
277273
278135
278783
279295
279410
279712
280009
280357
280416
280437
280514
281417
281455
281855
282303
282309
283405
284001
284195
284403
284875
285167
285185
285316
285338
285707
285956
286149
286222
288262
288506
288677
288959
289094
289098
289213
290647
290699
290816
291298
291774
292195
292454
292586
292751
293186
293203
293499
293811
293937
294858
295435
296129
296380
297515
297738
298844
298987
299217
300924
300951
301036
301170
301217
301492
301512
302110
302424
302780
302992
303106
303230
303354
303435
303546
303747
303998
304315
304397
304613
305594
305669
306438
306844
306945
306951
307526
309016
309513
309744
311835
312171
313204
313298
314151
314433
314469
314628
315300
316324
316423
316493
316875
317080
317216
320324
321034
321530
321831
322619
323262
323503
323922
325547
325768
327372
327980
329276
329349
330397
330583
332231
332965
333027
333496
333798
334583
335004
335200
335680
336017
336674
336782
337250
337904
339214
339769
339785
339959
340142
340263
340513
341520
341667
341995
342522
342855
342949
343323
343509
343672
344459
344820
345329
346406
346433
346468
346634
346737
346962
347530
347687
347839
348258
348383
348450
349262
349474
349647
350539
350711
350773
351009
351293
351533
351814
351830
352158
353416
353817
354213
354578
354855
354895
355137
355449
355510
356023
356142
357177
357460
357473
357790
358083
358907
359268
359270
359291
359328
359576
360287
360447
361231
361320
362745
363140
364324
365200
365525
365604
365840
366038
366427
366632
368047
368262
368704
368770
368814
369161
369424
370740
371162
371277
371950
372217
372346
372530
373201
373819
373974
374278
375620
375637
376024
376199
376261
376938
377143
377828
379672
379856
380021
380426
380538
381807
381871
382117
382400
382934
383706
384297
384791
384803
385537
386055
386192
386918
387083
387464
387907
387945
388368
388734
388756
388787
388931
388961
390534
390642
391123
391135
392513
392743
392864
393202
393400
393401
394410
394556
394582
395165
395570
396193
397678
397998
398116
398165
398478
398731
399307
399576
400223
400782
401758
401809
402018
402493
404109
404253
405451
405476
405952
406832
407103
407169
407885
407980
409661
409700
409823
410003
411019
411230
411644
411683
411922
412415
413939
414015
414520
415256
415311
417281
417705
418593
419300
419733
419840
420155
420235
421450
423456
423866
423987
424100
424430
425403
426354
427079
427213
427594
427711
427849
428842
428974
429038
429169
429568
430118
431295
432037
432282
432350
432510
432933
433327
433562
433634
433871
434269
434274
435065
435740
435873
435911
436130
437037
437202
437426
438155
438425
440820
441186
442299
442657
444246
444470
445220
445292
445573
445762
446688
447592
447718
447950
448258
448540
448806
449113
449261
449289
450344
451158
452496
452521
452734
453236
453510
454285
454300
454545
455049
455444
455694
456582
457124
457871
458448
458791
458826
460006
460252
462297
462315
463212
463787
464139
464579
465402
465447
465867
466444
466541
467782
468093
468394
468822
468940
469585
470626
471099
471297
471522
472080
472228
472776
473606
474414
475220
475521
475708
476346
477801
478375
479072
480038
481240
481541
481729
482389
482483
482711
482811
482957
483582
484467
484653
485685
486199
487534
487877
488364
488774
489388
489636
489641
491390
491532
492293
492471
493217
494848
494867
495057
495081
495865
495885
496330
496452
496653
496819
497651
497703
497930
498382
498431
498537
499073
499255
499461
500758
500966
501872
502125
503067
503406
503431
503710
504664
504887
505230
505738
506266
506454
506975
508185
508296
508982
510220
510429
510825
510915
511062
512163
512549
512820
513839
513881
513904
514574
514646
516223
517724
518110
518746
518797
519274
519462
520641
521109
522475
522900
523655
523766
525340
525751
525901
527083
527653
528431
528827
529392
529733
529758
529977
530133
530320
530599
531860
532184
532369
533954
533984
535008
535231
536338
536381
536625
536732
536943
536978
537102
537668
537870
538106
538548
538774
539742
539861
540269
540885
541016
542303
542499
543401
544301
544877
545243
545872
546142
546242
546859
547134
548364
548394
549217
550423
550642
551011
551185
551714
552214
552557
552897
553462
554170
554222
554852
554868
555290
555375
555622
555791
555826
556233
556366
556669
556809
557215
557509
557700
557736
557964
558102
558594
558961
559675
560402
560565
560874
561554
561573
561667
561725
562334
562855
563151
563415
563482
563901
563924
564792
565263
565502
565567
566052
566581
566703
566912
567172
567381
567760
568153
568572
570212
570803
571613
572278
572393
572679
573326
573554
574486
575466
575600
576495
576538
578011
578205
578388
579769
580605
581503
581540
582718
583407
583684
583712
583942
584034
584222
584259
584917
585028
585945
586771
586775
587126
587580
587679
588093
588513
588648
588689
589112
589754
589976
590052
590464
590786
591411
591971
593033
593125
593253
593600
593891
594144
594190
594723
595002
595707
595738
596117
596187
596526
597506
597507
597577
598163
598257
598666
599134
599176
599193
599591
600617
602130
602441
602846
603614
603642
603734
604040
604314
605946
606908
607004
608429
608494
608745
609057
609542
610092
610785
611333
611339
612467
612797
613336
613599
613609
614866
615510
615812
616714
616855
617184
617354
617359
617670
617919
618718
619230
619330
619376
619591
620012
620339
620430
620754
621266
622287
622564
622957
623568
623741
623769
624615
624799
625420
626034
626320
627157
627703
627960
628084
628369
629394
629671
629931
629978
630018
630416
630820
630877
630948
631018
631313
631619
631702
632022
632417
632600
632906
633524
634170
635681
635779
636138
636892
637553
638118
638366
638416
639354
639408
640500
640903
641054
641989
642510
642581
642769
642866
643203
644148
644494
644609
644655
644778
645141
645418
646809
646978
647903
648539
648647
649659
649770
649880
650525
651529
651851
651874
651922
653238
654054
654612
654642
654703
655236
655300
656269
656408
656543
656562
657154
657172
657324
657372
657374
657432
657565
658006
658400
658493
659882
660177
660377
661712
661980
661994
662026
662167
662560
662635
662865
663641
663972
664580
664854
665385
666139
666443
667137
667411
667520
667801
667975
668006
668835
669131
669306
669783
670045
670208
670924
671617
672498
672595
672818
673133
674015
674277
674889
675063
675341
675472
677303
678437
679382
679560
680329
680913
681717
682364
682964
683268
683276
683890
684324
684518
684661
684941
686012
686265
686273
686966
687789
688276
688474
690385
690457
691265
691302
691789
691845
692863
693020
693472
693549
693680
694358
695184
696797
696807
697078
698088
699153
699184
699563
699933
700244
700414
700921
701340
701800
702074
702329
702550
702874
703603
703845
704041
704181
704467
705899
705962
706098
706372
707026
707753
707894
708138
708372
708420
710339
710889
710992
712355
712589
712781
713976
714241
714572
714625
714642
715292
715998
716054
716876
716919
717522
717836
717853
718022
719250
719524
719551
721369
721535
721858
722857
723702
723922
724389
724485
724538
724866
724955
724961
725323
725737
725895
726492
726535
726599
726797
726983
727408
727743
727801
728109
728457
728639
730443
730624
730759
730937
732270
732954
733756
734854
735386
735395
736194
736422
736981
737395
737771
738549
738578
738813
738920
739111
739176
739411
740126
740285
740385
740764
741817
741843
741970
742286
742350
742416
743140
743405
745473
746309
746751
746924
747800
748285
748923
748975
749335
750333
750575
751502
752265
752613
752861
753114
753396
753515
753962
754142
754162
754607
754754
755184
755689
755693
755747
756026
756151
756774
757544
758335
758603
758798
759754
760810
761157
761494
761503
762182
762314
762382
762439
763633
764408
765310
766035
766101
766134
767121
768655
768787
770419
770805
771230
771251
771395
773834
773842
773995
774600
774788
774853
775148
775851
775916
776281
776288
776466
777106
777298
777602
779483
779680
780190
780925
782577
782633
782638
782773
783060
783175
783426
785054
785376
785428
785451
786122
787117
788139
788301
788475
788667
789947
790003
790143
790282
790713
791097
791773
791969
791973
792062
793726
794092
794296
795129
795702
796245
796371
796407
796591
796882
797317
797419
797780
798477
799262
799797
799888
800328
800947
801588
801761
801774
801960
802228
802237
802327
803457
803485
804026
804582
805132
805240
806259
807823
808172
808441
809339
810488
810829
811576
811915
812308
812483
813288
813299
813301
814329
814614
814796
815689
816499
817787
818639
818794
819261
819712
820667
820714
821211
821480
822053
822666
822688
823745
824657
825119
825452
825672
825883
825901
826507
826657
826728
826856
827248
827250
827376
827813
828131
828307
828763
829007
829036
829298
829408
829666
829763
829922
830494
830783
830878
831523
832760
832977
833190
833902
834481
834498
835006
835425
835861
837356
837719
838512
838812
838853
838914
839031
839646
839918
840829
842384
842660
844156
844297
846577
846598
846683
847349
847661
848358
848571
848973
849351
849931
849980
850143
850201
850733
850910
851348
852475
853521
855349
855541
855988
856005
856177
856180
856888
857145
857183
857633
857866
858070
858313
860807
861347
862967
863155
863710
864094
864185
864789
865357
865532
865771
866798
866888
868507
868652
869086
869194
869292
869724
872165
872431
872609
873555
873805
874941
875243
875445
875465
875843
877137
877159
877876
878222
879394
879681
880065
880417
880484
881066
881485
882619
882687
883668
884657
884886
885376
886675
887041
887930
888764
888966
889169
889210
889498
889717
890050
890339
890474
890830
892596
892867
893188
894361
894652
894785
895337
895789
895835
895850
896076
896744
897135
897149
897258
900123
900766
900779
900978
901616
902692
903249
903419
904178
904366
905723
906076
906984
907437
908022
908240
908269
910238
910327
910448
911552
911707
912101
912126
912493
912719
914018
914271
914644
916139
916435
916873
917022
917593
917747
917961
918049
920108
920637
920859
921537
921565
921703
922069
923115
924823
925000
925103
925643
927784
928385
928651
929017
929077
929209
929461
930233
930254
931255
931833
931954
932436
932811
933045
933310
933534
933633
933713
933831
933894
934561
935059
935203
935494
936399
936475
936523
936546
937083
937386
937696
938528
938682
938747
938788
939410
941515
941697
942925
943078
943647
943942
944166
944867
945696
946320
946437
946647
946657
946746
948133
948647
949437
949822
950573
950659
950789
951106
951357
952026
952037
952130
952582
952646
952803
953609
953778
953972
954431
954498
955116
955151
956099
956245
956401
956581
957422
957429
957456
957497
957881
958619
958770
959574
959931
959940
960349
960452
960767
961676
962220
962295
962665
962909
963542
964635
965330
965676
966178
966549
967721
968287
968681
968892
968954
969062
969481
969923
969946
970465
970735
970762
971241
971517
972499
972611
972711
973669
974032
974177
975546
975680
976349
976890
976998
977072
977291
977293
978401
978501
979614
979615
979726
979765
980241
980459
980545
981605
981950
982394
982489
982555
982849
982962
983718
984101
984194
985415
985573
985876
986129
986692
987373
987465
987543
987724
987778
988605
989112
990107
990997
991099
991292
991426
991468
991744
992079
992462
993293
993974
994290
994404
994822
995003
995379
996524
997221
997475
997612
998294
998688
999536
1000463
1000866
1000913
1001003
1001047
1001922
1003244
1003870
1005024
1005062
1005334
1005456
1005787
1006071
1006473
1006479
1007579
1007619
1007760
1008281
1009174
1009650
1009900
1010384
1010387
1011250
1011711
1012475
1012493
1012645
1012728
1012826
1013137
1013172
1013327
1013328
1015245
1016684
1017405
1017698
1021647
1021978
1022301
1023123
1023323
1023442
1024452
1024507
1024534
1025860
1026264
1026447
1026467
1026816
1026826
1027581
1027706
1027928
1028092
1029380
1029841
1030054
1030574
1031010
1031017
1032154
1032290
1032851
1033049
1033169
1033183
1033267
1033396
1033877
1033925
1034398
1034850
1035143
1035218
1035239
1037005
1037007
1037080
1037252
1037937
1038201
1038756
1039019
1039080
1039307
1039443
1039655
1039922
1040548
1040555
1040578
1040636
1041636
1041903
1042223
1042229
1043570
1044046
1045591
1046161
1046901
1047284
1047330
1047478
1047866
1048516
1049074
1049688
1051197
1052509
1052578
1054006
1054130
1054657
1056500
1056888
1057123
1058068
1058108
1059148
1059190
1059307
1059364
1059377
1060202
1061062
1061097
1061519
1061994
1062543
1062909
1062947
1062948
1063597
1064816
1065199
1065357
1065656
1066099
1066212
1066800
1067018
1067289
1067426
1068014
1068182
1068385
1068393
1068451
1068452
1068797
1069290
1069451
1070592
1074560
1074889
1074994
1075105
1075196
1075238
1076333
1076584
1077457
1077502
1077772
1077826
1078754
1079211
1080231
1080263
1081586
1081612
1082711
1082887
1083621
1083684
1083716
1085214
1085589
1087813
1088575
1088879
1089000
1089129
1089601
1090301
1090401
1091142
1091893
1091956
1092350
1092532
1092650
1092967
1095448
1095671
1095857
1096626
1096695
1097051
1097159
1097532
1097556
1098083
1098758
1099017
1099213
1100057
1100324
1100554
1100614
1100807
1100891
1101469
1102108
1103565
1104719
1104764
1104987
1105394
1105795
1105883
1106401
1106673
1106966
1107587
1107659
1107877
1108032
1108313
1109583
1110747
1111343
1111356
1111485
1112160
1112368
1113372
1113524
1113829
1114406
1114706
1114982
1115134
1115142
1115174
1115210
1115936
1116934
1117181
1117445
1117490
1117706
1117736
1117957
1118026
1118035
1118965
1118986
1119269
1119641
1119794
1120263
1120406
1120785
1120908
1121206
1122976
1122979
1123261
1123274
1123706
1123821
1125223
1125297
1125441
1125726
1126093
1126105
1126443
1126607
1126705
1126756
1126777
1127176
1127284
1127480
1127659
1128317
1130074
1130394
1130756
1131629
1131650
1133171
1133377
1134256
1134527
1134594
1135081
1136961
1137673
1137778
1138021
1138096
1138256
1138454
1138577
1139178
1139429
1139587
1139777
1139834
1140680
1141119
1141409
1141433
1141487
1141616
1141699
1142185
1143080
1143499
1144154
1144230
1144429
1144615
1144762
1146373
1147812
1148329
1148845
1149209
1149623
1149680
1150100
1150161
1152407
1152469
1153584
1154407
1154607
1155213
1155243
1155552
1155658
1156940
1157024
1157124
1157764
1158073
1158302
1158341
1158484
1158990
1159330
1159589
1160477
1160562
1160775
1160776
1160863
1161751
1161892
1162752
1163634
1163859
1163968
1163994
1164304
1164335
1164519
1164609
1165094
1165594
1165642
1166004
1166775
1167128
1167578
1168278
1169201
1170383
1171428
1171722
1171968
1172172
1172365
1173236
1174399
1174809
1174860
1176018
1176605
1178609
1178677
1178739
1178769
1178774
1179131
1180165
1181128
1181178
1181580
1181756
1182478
1182630
1183265
1183848
1183875
1184571
1184619
1184992
1185472
1185920
1186663
1188112
1188929
1189528
1189987
1190031
1190079
1190321
1190639
1190684
1191070
1191087
1191284
1191456
1191909
1193022
1193277
1193871
1194101
1194421
1195390
1195402
1195438
1195488
1196433
1196487
1197325
1197347
1197815
1198028
1198205
1198354
1198945
1200429
1200788
1202538
1202554
1202856
1202886
1202945
1204787
1205571
1205640
1205641
1205726
1205998
1206044
1207124
1207235
1207657
1207952
1208002
1208186
1209662
1210261
1210803
1211649
1211654
1211733
1212965
1214355
1214441
1214679
1215371
1215846
1216198
1216572
1216866
1217216
1217227
1217610
1217726
1218143
1218353
1219083
1219274
1220106
1220854
1221426
1221924
1222116
1222348
1222380
1222705
1223837
1225040
1226120
1226232
1226357
1226550
1227492
1227646
1228027
1228921
1229383
1229784
1230066
1230100
1230444
1231844
1231953
1232004
1232216
1232496
1232572
1232886
1232956
1233130
1233454
1234286
1234312
1235247
1235968
1236004
1236569
1236988
1237093
1237366
1237843
1237964
1238105
1238406
1238459
1238616
1238890
1239778
1239916
1240700
1241254
1241914
1242627
1243090
1244143
1244474
1244761
1244997
1245706
1246147
1246379
1246508
1246556
1247023
1247809
1248718
1249443
1250005
1250026
1250216
1250612
1251817
1251982
1252292
1252445
1253328
1253656
1253875
1254040
1254678
1255179
1255924
1256120
1256676
1256810
1257068
1257410
1257965
1258717
1258745
1260159
1260274
1261503
1261667
1262101
1262165
1262188
1262522
1262846
1262950
1263764
1264128
1264327
1264664
1264854
1265298
1265359
1265631
1265776
1265870
1266130
1266483
1266510
1266697
1266836
1266872
1267655
1267908
1268623
1268648
1269487
1269700
1271016
1271399
1272387
1275102
1275340
1276126
1276161
1276226
1277225
1277382
1277624
1277711
1277879
1277972
1278737
1278908
1278988
1279355
1279398
1280308
1280863
1281169
1282281
1282286
1282544
1282855
1283244
1283394
1283747
1284426
1285640
1285741
1286061
1286129
1286563
1286997
1287235
1287393
1288008
1288262
1288598
1288864
1289532
1289699
1290583
1290844
1290929
1290987
1291740
1291843
1292125
1294633
1294739
1295303
1295834
1295937
1296924
1297154
1297512
1298040
1298201
1298314
1298572
1298710
1298865
1299564
1299889
1300011
1301602
1302602
1303555
1303734
1305210
1306196
1306242
1307365
1307368
1307393
1308650
1309284
1309702
1309838
1309914
1312297
1313559
1313970
1314127
1314723
1316299
1317198
1317395
1317608
1317777
1318041
1318648
1318669
1319228
1319742
1320261
1320309
1321062
1321147
1321770
1322255
1322696
1322770
1323630
1323860
1324026
1325627
1325969
1326339
1326911
1327917
1328168
1329390
1329415
1329567
1330101
1330149
1330249
1330411
1330607
1330847
1330923
1331033
1331082
1331163
1331202
1331235
1331993
1334889
1335614
1335775
1336511
1336916
1337033
1337387
1337491
1337577
1338029
1338128
1339068
1339130
1339453
1339768
1340678
1340996
1341902
1342261
1342287
1342297
1343447
1343625
1344677
1344831
1345230
1345645
1346074
1346757
1347071
1347451
1347541
1348624
1349315
1350464
1350473
1350699
1350806
1350920
1351332
1352395
1352435
1352747
1352878
1353038
1354030
1354415
1354676
1355234
1355465
1356074
1356131
1356354
1356400
1357079
1357482
1357829
1358127
1358393
1358652
1358729
1359094
1359428
1360002
1360652
1361080
1361274
1361493
1361724
1362160
1363165
1363861
1364260
1364406
1364777
1365421
1365865
1366318
1366785
1366900
1366903
1369748
1372124
1372168
1372646
1373145
1373155
1373176
1373207
1375165
1375296
1375394
1375929
1376171
1376458
1376608
1376703
1376745
1377043
1377370
1377543
1377789
1378544
1378886
1380857
1381030
1381069
1381293
1381841
1381956
1382005
1382409
1382548
1382977
1383607
1384266
1385016
1385088
1385434
1385557
1386459
1386860
1386902
1387143
1388224
1388250
1389243
1389455
1391284
1391345
1391374
1391422
1392317
1392467
1393145
1393798
1394830
1395231
1395817
1396027
1396558
1396579
1396753
1396808
1396848
1398074
1398113
1398539
1400231
1400342
1400413
1400739
1401461
1401553
1402135
1403078
1403807
1404061
1404163
1405501
1406063
1406120
1406135
1406558
1406925
1407249
1407471
1407800
1408981
1409927
1410221
1412157
1414241
1414366
1414683
1415663
1416154
1417099
1417641
1417814
1418722
1419397
1419686
1419858
1419880
1419910
1420370
1421657
1421887
1422385
1422564
1423185
1423352
1424733
1425542
1425543
1425822
1425992
1426236
1426665
1426753
1427222
1427297
1427311
1427954
1428207
1429115
1429229
1429409
1429894
1430491
1431261
1431664
1431878
1432603
1433819
1434033
1434446
1434836
1434885
1434967
1434999
1435377
1435546
1436379
1436383
1438028
1438333
1438934
1438937
1439043
1439248
1439819
1439831
1440250
1440398
1440499
1440652
1440716
1440938
1441146
1441882
1442015
1442576
1444855
1444957
1445486
1445509
1445514
1445516
1445827
1446185
1446216
1446311
1446490
1446995
1447091
1447632
1447885
1448326
1448449
1449169
1449223
1449361
1449869
1450918
1451051
1451146
1451261
1451349
1451718
1451910
1452342
1452346
1453129
1453842
1453973
1454019
1454509
1454559
1454578
1454795
1455465
1455949
1456585
1458032
1458362
1458539
1458911
1459336
1459707
1460104
1460474
1460491
1461094
1461856
1462241
1462392
1462750
1462756
1462945
1463196
1463303
1463785
1463825
1463880
1464124
1465056
1465217
1465442
1465513
1465570
1465837
1465924
1466089
1466630
1466699
1467173
1467373
1468084
1468691
1468704
1468793
1468899
1469424
1469577
1469704
1470614
1470757
1470884
1472223
1472699
1472839
1472932
1473229
1473641
1473721
1474004
1474451
1474768
1475310
1476900
1476952
1477654
1477840
1478004
1478064
1478459
1478796
1478893
1479130
1479473
1479657
1480128
1481059
1481289
1482372
1482691
1482878
1483692
1483831
1483846
1484007
1484404
1484830
1485114
1485366
1486146
1486157
1486217
1486281
1486650
1487015
1487495
1487969
1487986
1488301
1488801
1488820
1488837
1488999
1489236
1490912
1491100
1492047
1492103
1493510
1493925
1493985
1494162
1495051
1495232
1495248
1495700
1496076
1497533
1497809
1498038
1498039
1498051
1498304
1498364
1498459
1498531
1499697
1499765
1500226
1500643
1500825
1500949
1500958
1501164
1501436
1501913
1502074
1502283
1502389
1502494
1502498
1503001
1503388
1503432
1503784
1505502
1505544
1505882
1505895
1506001
1506613
1506859
1507225
1507497
1507570
1507730
1508000
1508131
1508420
1508653
1509579
1510220
1510464
1510553
1511209
1511484
1512424
1512956
1513114
1513231
1515167
1515836
1515890
1516055
1516417
1518018
1518675
1519484
1520494
1520947
1521125
1521251
1521266
1522059
1522096
1522176
1522308
1522652
1522861
1523974
1524385
1525117
1525413
1525586
1526152
1526254
1526364
1526763
1526872
1526990
1527343
1527922
1528708
1529067
1529124
1529155
1529429
1529466
1530360
1530362
1530513
1531209
1531893
1532007
1532043
1532953
1533127
1533535
1534469
1534954
1535040
1535684
1536124
1536503
1537767
1537972
1538342
1538351
1538550
1538791
1539335
1539626
1540093
1540801
1541759
1541982
1543112
1543750
1543766
1545929
1546358
1547168
1547207
1548036
1548870
1549847
1550359
1550639
1550724
1551142
1551198
1551686
1551813
1552460
1553764
1553860
1554371
1554727
1555483
1555712
1556364
1557321
1557736
1558016
1558399
1558850
1558890
1558944
1559861
1562088
1562121
1562414
1562653
1563357
1563745
1563799
1564184
1564422
1565047
1565535
1566068
1566264
1566513
1566762
1566910
1567394
1567673
1568229
1569104
1569146
1569631
1570296
1570910
1571717
1571869
1572043
1573728
1573784
1574133
1575048
1575746
1577090
1577215
1577828
1577932
1578435
1578531
1578661
1579220
1579255
1579427
1580409
1580489
1581350
1582336
1582359
1582746
1583164
1583246
1583360
1583582
1583681
1585638
1585781
1585906
1586124
1586283
1586357
1586375
1586573
1586799
1587996
1588887
1589160
1589163
1589641
1590125
1590299
1590463
1590638
1591359
1592137
1592601
1593739
1594088
1594232
1595080
1595297
1595467
1595700
1596695
1596895
1596975
1597652
1598198
1598396
1599418
1599551
1599769
1600829
1601717
1601891
1602736
1602861
1604321
1605173
1605629
1606745
1607072
1607481
1607717
1607793
1609345
1609429
1609612
1610197
1610382
1610544
1611472
1612949
1613041
1613720
1614438
1614871
1615429
1615708
1616121
1617291
1617755
1618059
1618222
1618287
1618470
1618564
1618924
1619597
1619871
1620703
1620783
1621217
1622420
1622822
1622868
1622875
1624968
1625734
1627163
1627175
1627601
1628741
1629293
1630068
1630072
1630399
1630753
1630785
1630818
1631125
1631359
1631956
1632434
1634932
1635407
1635675
1635731
1635937
1635966
1636312
1636565
1637174
1637436
1638145
1638363
1638423
1638488
1638935
1638960
1639533
1639677
1639974
1640135
1640266
1640409
1640497
1640634
1640755
1640894
1641169
1641317
1641588
1642164
1642993
1643059
1645108
1645242
1645800
1645815
1646019
1646030
1646967
1647394
1647725
1648033
1648951
1649304
1649642
1649675
1649768
1649773
1650379
1650631
1650730
1651221
1651597
1652732
1652878
1653029
1653647
1653937
1654350
1654655
1654881
1654977
1655610
1656443
1656483
1657024
1657465
1657749
1658066
1658306
1659308
1660121
1660188
1661136
1662199
1662264
1663185
1663254
1663348
1663640
1664001
1664589
1664774
1664968
1665125
1665865
1666234
1666514
1666606
1667216
1667686
1668258
1669674
1670150
1670315
1670480
1671086
1671227
1671486
1671863
1672189
1672310
1672467
1674007
1674305
1674400
1674681
1674904
1676183
1676953
1677023
1677080
1677242
1677380
1677577
1677599
1677792
1678784
1679153
1679454
1679888
1680507
1680727
1680734
1680818
1681660
1681873
1681904
1682004
1682125
1683286
1683527
1683962
1684142
1684264
1684689
1684932
1687059
1687596
1688353
1688769
1688855
1688954
1689453
1689735
1689755
1690224
1690374
1691450
1691990
1691996
1692104
1692480
1692977
1693595
1694360
1694385
1694660
1695205
1695458
1695613
1695781
1696464
1697149
1697337
1697827
1697916
1698703
1699254
1700967
1701042
1701333
1701487
1701538
1702707
1702724
1703185
1703372
1703475
1703977
1704300
1705389
1705677
1705907
1707222
1707444
1708147
1708314
1708439
1708664
1709102
1709224
1709503
1709822
1709845
1710763
1710826
1711450
1711527
1711532
1713030
1713033
1713488
1713842
1714279
1714571
1715867
1716099
1716798
1717204
1717671
1717952
1719219
1719344
1719548
1719769
1720452
1720780
1721062
1721457
1722019
1722066
1722297
1722563
1722656
1723417
1724860
1725571
1725624
1725952
1726521
1727035
1727624
1728829
1729233
1729347
1730122
1730657
1730752
1733695
1734030
1734157
1735247
1735431
1735434
1735680
1737108
1738153
1738408
1738854
1739342
1739608
1739979
1741076
1741753
1741846
1742081
1742975
1743127
1743872
1743938
1744335
1744552
1744848
1745100
1745374
1745773
1746545
1747466
1748053
1748572
1748789
1748921
1750093
1751060
1751099
1751134
1751230
1752269
1752479
1753005
1753028
1753478
1753598
1753697
1753940
1754243
1754347
1754390
1754750
1755557
1756181
1756361
1756578
1756967
1757739
1758201
1758358
1758396
1758805
1758897
1759479
1759583
1760137
1760139
1760285
1761783
1761941
1762189
1762200
1762257
1762346
1763116
1763320
1763518
1763523
1763638
1764143
1764164
1764360
1764708
1766539
1766613
1766650
1766656
1766883
1767209
1768754
1768832
1769166
1769334
1769410
1769444
1769657
1770211
1770249
1771656
1771911
1772539
1773082
1773621
1773868
1774431
1774740
1775768
1776682
1776770
1777278
1778007
1778259
1778260
1778312
1778355
1778587
1778947
1779009
1779299
1779571
1780131
1780738
1780962
1782253
1783145
1783375
1783707
1784050
1785080
1785134
1785307
1787178
1787447
1787856
1788952
1789038
1789715
1790489
1790743
1790854
1791248
1792114
1792515
1793104
1793404
1794121
1795029
1795383
1795540
1795593
1796100
1796103
1798066
1798339
1798781
1798938
1799038
1799252
1799739
1799974
1800247
1800314
1800432
1800777
1801350
1801749
1801934
1802099
1802958
1803049
1804078
1804423
1805148
1805623
1805661
1806199
1807904
1808071
1808238
1808980
1809663
1809787
1810188
1810592
1811353
1811953
1812127
1812634
1813756
1815251
1815577
1815721
1815771
1816640
1817465
1817472
1818039
1818384
1818400
1818911
1819089
1819784
1819965
1820037
1820134
1820538
1821713
1822026
1822404
1822583
1822630
1823601
1823808
1824368
1824457
1825885
1826237
1826690
1827040
1827273
1827323
1827438
1827551
1828103
1828275
1828427
1829988
1831637
1831831
1832463
1832712
1832726
1832973
1833660
1833982
1834836
1835720
1835941
1836098
1836766
1837095
1837897
1838001
1838168
1838417
1840429
1840495
1840991
1841566
1841638
1841843
1843091
1843287
1843912
1844371
1845281
1845660
1846161
1847263
1847785
1848156
1849724
1850387
1850617
1851149
1851198
1851706
1851939
1852282
1852693
1852831
1853514
1853656
1853871
1853979
1854657
1854675
1854707
1854938
1855020
1855041
1855048
1856245
1857139
1857189
1857630
1858353
1859127
1859202
1859268
1859366
1859536
1859841
1860182
1860375
1860897
1861004
1861094
1861768
1862698
1862709
1863537
1863565
1863665
1864542
1865077
1865873
1865887
1866134
1866243
1866828
1867066
1867406
1867495
1867970
1867999
1868221
1868422
1868860
1869633
1869652
1870262
1870437
1870676
1870792
1872026
1872859
1874486
1874495
1874671
1874936
1875215
1875889
1876857
1876973
1877162
1878547
1878770
1880994
1881174
1881355
1881356
1881745
1883202
1883925
1885164
1888115
1888912
1889292
1889512
1890281
1890692
1890922
1891589
1892611
1893007
1893048
1893570
1894442
1894711
1894720
1894721
1895973
1896094
1896667
1897346
1897480
1898735
1899061
1899062
1899200
1899306
1899320
1899438
1900568
1900653
1900677
1900941
1902002
1902796
1903171
1903316
1903365
1903402
1903554
1903665
1904117
1904352
1904850
1905618
1906625
1907084
1907682
1908038
1908151
1908981
1909077
1909120
1909363
1909637
1910241
1910359
1911079
1911796
1913505
1913620
1914347
1914499
1914567
1915268
1915505
1915766
1915802
1917018
1917878
1918152
1918655
1919116
1919218
1920705
1921137
1921378
1922214
1922472
1922688
1922872
1923046
1923439
1923826
1924123
1924727
1925088
1925766
1926532
1927145
1927516
1928269
1928457
1929523
1929691
1929808
1929849
1929948
1930217
1930291
1931589
1932290
1933194
1933288
1933607
1934193
1934289
1934334
1934388
1934628
1934788
1935226
1935514
1935966
1937292
1938121
1938403
1938938
1939154
1939168
1940702
1941145
1941735
1941736
1942270
1942565
1942598
1942669
1942874
1943726
1943742
1943868
1943974
1945200
1945869
1947481
1948055
1948572
1948704
1949693
1950030
1950059
1950196
1950588
1950923
1951025
1951033
1951165
1951213
1951552
1953197
1953424
1953995
1955549
1956049
1956097
1956294
1956380
1957120
1957364
1959042
1959324
1959519
1959939
1960128
1960576
1961618
1961754
1961883
1962590
1963548
1963733
1964277
1964329
1965473
1965511
1965961
1966080
1966618
1966759
1966845
1966916
1967845
1968350
1968564
1969402
1970125
1971017
1971157
1971506
1972664
1973831
1974085
1974446
1974786
1977175
1977284
1977308
1977525
1977669
1978122
1978209
1978711
1978855
1979286
1979453
1980093
1980105
1980676
1980722
1981497
1981839
1981865
1982142
1982744
1982872
1983588
1983705
1983836
1984419
1985203
1985448
1986508
1986825
1987143
1987240
1987986
1988986
1989615
1990103
1990337
1990620
1991598
1991739
1992942
1993095
1993282
1993819
1994141
1994845
1995162
1995226
1995950
1996245
1996803
1997337
1997344
1997815
1998148
1998686
1999211
1999941
2000297
2000591
2000802
2003455
2004055
2004169
2004313
2004776
2005115
2006443
2006474
2007270
2007336
2008120
2008767
2008882
2010319
2010798
2011248
2011893
2012132
2012869
2013044
2013098
2013969
2015386
2015543
2015883
2018098
2018295
2018880
2018928
2019184
2019554
2019993
2021028
2021053
2021153
2021309
2022763
2022766
2022946
2023176
2023828
2024030
2024548
2025698
2026366
2026548
2026635
2027025
2028003
2028271
2028452
2028564
2029610
2029850
2029976
2030696
2031091
2031331
2031723
2031993
2032429
2032630
2032714
2032940
2033689
2033940
2034252
2035032
2035143
2035281
2035965
2036073
2036506
2037613
2038365
2038704
2038826
2039080
2039289
2040448
2040539
2040840
2042121
2042471
2042490
2043685
2044740
2045232
2045285
2046177
2046260
2047293
2047294
2047412
2047916
2048116
2048121
2048856
2049350
2049937
2050534
2051040
2051048
2051152
2051535
2052789
2053477
2053788
2054552
2054591
2054616
2054839
2054888
2054911
2055238
2055741
2055873
2056333
2056735
2057064
2058334
2058734
2058855
2058863
2059019
2059825
2059953
2059973
2060123
2060133
2060812
2061111
2061716
2061830
2062714
2063760
2063857
2063879
2064376
2064866
2064985
2065639
2065995
2066665
2067186
2067466
2067543
2067760
2067766
2068038
2069645
2069877
2069928
2070259
2070412
2070623
2071683
2071767
2071793
2072184
2072940
2073247
2073574
2074744
2075156
2075215
2075709
2076779
2077354
2077632
2078061
2078123
2078323
2078660
2079344
2079654
2079789
2079794
2080494
2080606
2080760
2080804
2080951
2081411
2082656
2082692
2082781
2083218
2083978
2084498
2084674
2085043
2085507
2085552
2085780
2086193
2086832
2087327
2087332
2088635
2089205
2089618
2090293
2090452
2090571
2091040
2091364
2091978
2092648
2093446
2093740
2093784
2093815
2094135
2095009
2095195
2095696
2095805
2095870
2095974
2096088
2096400
2098078
2098307
2098430
2098512
2098773
2100095
2100127
2100673
2100899
2101131
2101315
2102227
2102354
2102373
2102829
2104125
2104148
2106023
2106291
2107123
2107563
2107571
2108148
2108876
2109006
2109174
2109551
2109774
2110028
2110349
2111189
2111547
2111977
2112343
2113660
2114703
2114948
2115100
2115315
2115721
2115820
2115984
2116209
2116486
2116866
2117843
2118643
2118757
2119385
2120898
2120929
2121077
2121091
2121159
2121900
2122545
2123056
2123350
2123489
2123529
2123665
2124298
2124480
2125140
2125296
2126208
2126342
2127484
2127911
2128126
2128993
2129333
2129340
2129761
2130070
2130588
2131127
2131283
2131335
2132193
2132272
2132525
2132685
2133747
2133918
2135026
2135091
2135613
2135743
2136670
2136738
2136808
2137670
2137797
2138494
2140132
2141144
2141193
2141683
2142909
2142958
2143345
2143454
2144544
2144623
2145205
2145362
2145699
2146372
2146916
2147072
2147131
2147560
2147748
2148289
2148378
2148482
2148800
2149089
2149187
2149492
2149704
2150192
2150433
2150555
2151266
2151409
2151702
2151830
2152345
2152593
2152975
2153097
2153217
2155824
2156184
2156568
2157079
2158273
2158287
2158651
2158840
2158981
2160595
2161758
2162270
2162405
2163676
2164070
2164485
2165182
2165298
2165841
2165988
2166318
2167566
2167625
2167772
2167854
2168098
2168408
2168850
2168890
2169068
2169496
2169552
2169892
2170099
2170155
2170570
2171687
2173224
2173469
2173497
2173694
2174777
2174861
2176179
2176549
2176589
2176626
2177099
2177521
2177674
2177828
2178136
2178584
2179280
2179464
2179539
2179552
2180879
2180926
2181338
2181516
2181678
2181775
2182017
2182079
2182497
2182636
2182988
2183302
2183327
2183486
2184717
2185162
2185173
2185362
2185487
2185810
2186586
2187680
2187855
2188128
2188332
2188402
2188497
2188501
2188571
2188757
2189565
2189892
2190139
2190744
2190901
2191700
2191709
2191895
2192709
2193210
2193371
2193576
2193773
2194625
2194723
2194954
2195348
2196281
2196484
2196742
2196870
2196989
2197394
2198672
2198805
2199568
2199582
2199754
2200863
2200904
2201326
2201877
2202316
2202786
2202966
2203533
2204407
2205208
2205822
2206243
2206701
2207348
2207597
2208219
2208440
2208765
2209977
2210267
2210849
2211457
2211520
2211663
2211873
2212072
2212153
2213057
2213590
2213850
2214289
2214897
2215018
2215318
2216427
2216498
2216570
2216623
2217408
2217968
2218173
2218279
2218304
2218348
2218458
2218925
2218950
2218957
2219050
2219193
2219245
2220384
2220406
2220870
2221211
2221264
2222027
2222380
2222779
2223489
2224411
2225040
2225117
2225903
2226099
2226170
2226874
2226946
2227306
2227493
2227585
2227964
2228009
2228252
2228438
2228478
2228563
2228757
2228859
2228940
2229460
2229921
2230342
2230398
2230978
2231230
2231331
2231812
2231903
2232250
2232329
2232595
2233106
2233194
2235112
2235181
2235730
2235907
2235917
2236615
2236891
2237230
2237634
2238247
2238977
2239268
2239389
2239960
2240236
2240618
2241125
2242671
2242908
2243691
2244440
2244996
2245462
2245521
2246237
2246569
2247240
2249112
2250924
2251129
2251333
2251487
2252573
2252759
2253122
2253571
2253783
2253995
2254371
2254424
2255614
2255731
2256614
2256918
2257594
2257667
2257967
2258041
2258182
2258455
2258712
2259560
2260275
2260321
2260407
2262002
2262073
2262113
2262130
2262202
2262481
2263473
2264020
2264484
2265328
2265342
2265853
2266514
2267344
2267674
2267850
2268153
2268289
2269384
2269481
2270479
2270482
2270510
2271231
2271317
2272727
2273569
2273778
2273948
2274902
2274908
2275064
2275222
2276744
2276780
2277508
2277950
2278017
2279479
2280705
2281142
2281431
2281521
2281555
2282101
2282671
2282756
2282920
2283387
2283453
2283927
2284228
2284368
2284539
2285046
2286053
2286466
2286918
2287395
2287732
2288005
2288099
2288695
2288757
2289326
2289854
2291792
2291992
2292441
2292736
2293272
2293494
2293841
2294028
2294227
2294349
2294418
2294861
2295438
2296118
2296177
2296270
2296472
2296578
2296761
2296813
2296971
2298278
2298547
2298986
2299266
2299725
2300133
2300408
2300566
2300990
2301099
2301337
2301583
2301642
2302736
2303031
2303283
2303339
2303461
2303547
2303561
2303643
2304465
2304846
2304969
2305059
2305624
2306272
2306380
2306656
2307277
2307309
2307488
2307891
2308585
2309856
2310144
2311689
2311735
2311830
2312095
2312638
2312668
2313285
2313727
2313889
2314473
2314773
2315106
2316857
2316892
2316911
2317419
2317710
2318236
2318671
2319885
2319987
2320788
2320949
2321453
2321669
2321754
2322739
2322782
2322970
2323926
2324283
2324562
2324790
2324875
2325504
2325768
2325979
2326977
2327274
2328178
2328473
2328780
2329397
2330257
2330362
2330587
2331680
2332671
2333157
2333309
2333611
2333661
2333857
2333995
2334151
2334297
2334316
2334927
2335848
2336013
2336506
2336641
2337526
2337656
2338815
2339700
2339704
2340903
2340915
2341515
2342218
2342575
2342748
2343284
2343495
2343579
2343621
2344710
2345096
2345446
2345714
2346073
2347045
2347216
2347444
2348192
2348496
2348900
2349789
2349942
2350183
2350898
2351077
2351371
2351770
2351948
2352056
2352386
2352800
2352974
2353071
2353296
2353454
2353777
2354091
2355505
2355706
2355797
2356087
2356556
2356627
2356741
2356781
2357612
2357972
2358313
2358376
2358630
2360096
2360590
2360692
2360870
2361005
2361336
2361501
2362261
2364595
2365011
2365092
2365756
2366442
2366883
2366889
2366895
2366994
2367017
2367457
2367630
2367684
2367712
2367813
2368049
2369676
2370393
2370517
2370532
2370803
2371032
2371293
2371310
2371520
2371661
2371664
2372337
2372457
2373856
2374252
2374363
2375530
2376169
2376339
2376534
2376538
2376791
2376942
2377052
2377835
2379963
2380260
2381129
2381706
2381883
2382004
2382950
2383749
2384026
2384289
2384425
2385038
2385091
2385154
2385605
2385977
2386492
2386722
2386769
2386782
2386867
2387029
2387584
2387944
2387959
2388372
2388578
2388692
2388783
2389218
2389392
2389589
2390286
2390639
2390668
2391832
2392381
2393387
2394743
2395423
2395983
2396870
2397372
2397481
2397810
2398557
2398625
2398860
2398886
2399238
2400757
2401313
2402013
2402228
2402906
2403281
2403352
2404206
2404413
2404426
2404490
2404685
2404724
2405182
2405977
2406802
2407290
2407337
2409715
2409758
2409786
2410822
2411033
2411282
2411722
2411836
2411937
2412671
2413282
2413695
2413772
2414780
2414809
2415066
2415791
2415803
2415860
2416110
2418039
2418094
2419416
2420172
2420636
2421364
2422701
2423773
2424466
2424799
2425174
2425451
2426867
2426951
2427019
2427345
2427469
2428336
2428468
2429157
2429832
2430103
2430420
2430539
2430554
2430794
2431103
2431369
2432037
2432384
2432395
2432432
2432548
2432613
2434544
2434877
2435546
2435879
2437443
2437656
2437678
2437858
2438550
2438623
2439717
2440099
2440821
2441166
2441293
2441374
2442962
2443236
2444268
2444270
2444725
2445345
2445781
2447389
2447527
2447570
2448558
2448791
2448942
2449320
2449576
2450032
2450443
2450504
2451538
2452154
2452298
2452366
2452716
2453220
2453602
2453839
2455285
2455324
2455422
2455461
2456641
2457236
2457295
2457356
2457527
2458130
2459357
2459961
2459981
2460791
2460908
2461349
2461666
2461901
2462198
2464093
2464112
2464131
2465245
2465453
2465740
2466339
2466615
2468921
2469898
2471430
2471494
2471960
2473676
2474027
2474549
2474553
2474851
2475422
2475664
2476136
2477198
2477769
2477893
2478060
2478163
2478409
2479351
2479675
2480092
2480246
2480527
2480671
2481267
2482077
2482093
2482497
2482505
2482565
2483141
2483647
2483861
2483985
2484891
2484895
2485199
2485311
2485751
2485795
2486265
2486445
2487012
2487858
2488828
2489710
2490596
2490847
2490885
2492019
2492746
2492995
2493154
2493454
2493921
2493923
2494129
2494248
2494816
2495510
2496751
2497390
2497648
2498333
2498597
2499026
2499080
2499383
2499792
2500419
2500816
2501289
2501574
2501697
2501951
2502566
2503425
2503749
2503861
2504281
2506247
2507613
2507783
2507827
2508403
2508931
2509884
2510691
2511057
2511282
2511538
2513191
2513538
2513666
2513775
2514042
2514106
2514549
2514573
2514876
2515339
2515483
2516020
2516554
2516615
2516657
2517189
2518457
2518715
2518795
2519059
2519158
2520405
2520702
2521629
2522185
2522473
2523363
2523415
2524155
2524510
2525181
2525676
2526951
2527642
2528748
2529106
2529702
2529972
2531416
2532021
2532665
2532831
2533507
2534152
2534569
2534699
2535634
2536655
2536694
2536727
2536872
2537429
2538065
2538256
2538439
2538446
2539289
2539895
2540886
2541175
2541474
2542154
2542268
2542408
2543071
2543197
2544876
2545055
2545873
2546019
2546028
2546034
2546569
2547169
2547677
2548044
2548344
2549395
2549419
2549496
2550103
2551714
2552066
2552232
2552688
2552996
2553189
2553288
2553401
2553411
2553649
2553762
2554183
2554278
2554370
2554378
2554635
2554651
2554679
2556102
2556783
2557550
2559368
2560191
2560426
2560724
2560889
2561183
2561285
2561310
2561649
2561915
2562773
2562835
2563458
2563594
2563999
2564009
2564129
2564520
2564626
2564907
2564984
2565080
2565115
2565956
2566660
2567401
2567550
2567815
2568736
2569516
2569532
2570638
2570664
2572441
2572473
2572727
2572772
2573266
2574675
2574825
2575046
2575506
2575905
2576594
2576909
2577307
2577770
2578917
2580477
2580705
2581612
2581976
2582097
2582420
2583284
2583360
2583368
2583404
2585026
2585312
2585969
2585993
2586490
2586601
2586938
2587746
2588580
2588755
2588997
2589016
2589365
2590880
2591442
2591760
2591797
2593872
2593910
2593968
2594020
2594130
2594626
2594846
2595324
2595434
2595453
2595460
2595483
2595893
2596206
2596419
2597555
2597688
2598014
2598074
2598348
2599668
2599899
2600583
2600643
2600733
2601899
2601956
2602153
2602454
2602663
2603450
2603880
2604601
2605156
2605268
2605369
2605543
2605879
2606000
2606557
2606719
2606808
2607900
2608458
2608702
2608941
2608996
2609620
2609915
2610563
2610651
2611481
2611545
2611747
2611887
2612033
2612121
2612220
2612342
2612415
2612647
2613394
2613945
2614006
2614298
2614764
2615367
2615370
2616141
2616402
2616512
2616858
2616933
2617299
2617536
2617578
2617634
2618570
2619448
2619772
2620827
2620945
2621011
2621206
2621354
2621824
2622027
2622250
2622408
2623025
2623252
2624323
2624452
2624617
2625065
2625272
2625423
2626334
2626715
2626932
2628172
2628337
2628412
2628675
2628792
2628845
2629069
2629166
2629454
2629583
2629627
2629650
2630023
2630264
2631290
2631540
2631757
2631844
2632328
2632589
2632692
2632775
2633502
2633587
2634210
2634783
2635096
2635724
2636027
2636508
2636525
2636768
2637237
2637502
2637773
2638086
2638718
2638818
2638852
2639069
2639373
2639505
2639561
2639692
2640751
2641134
2641577
2641613
2641681
2641720
2643026
2643032
2643167
2645704
2646525
2646904
2647755
2647877
2647888
2649046
2649440
2650450
2650519
2651523
2651572
2651944
2651952
2652163
2652573
2653052
2653471
2653826
2654187
2654327
2654333
2655233
2656296
2656371
2657600
2658653
2658826
2660107
2660260
2660347
2660599
2660762
2661294
2661553
2661561
2662727
2664817
2665388
2666447
2666525
2666739
2666896
2667306
2667448
2668016
2668299
2669236
2669245
2669337
2669519
2670603
2670791
2671511
2671975
2672084
2672303
2672314
2672573
2672865
2673166
2673201
2673686
2674750
2675044
2675503
2675758
2676333
2676427
2677816
2677972
2679162
2679496
2680324
2680538
2681265
2681484
2681574
2682258
2682301
2682406
2682782
2683474
2683803
2684392
2684500
2684528
2684601
2684809
2685119
2685224
2685799
2686212
2686256
2686321
2686366
2686657
2686715
2688530
2688594
2688762
2689371
2689408
2690278
2691404
2691651
2692199
2693795
2694000
2694198
2694498
2695047
2696977
2697088
2698719
2698937
2700205
2700254
2700671
2700772
2700890
2701099
2701288
2701639
2702017
2702041
2702229
2702237
2702606
2702856
2702918
2703519
2704250
2705099
2706091
2707056
2707059
2707998
2708065
2708255
2708749
2708803
2708808
2708828
2709148
2709221
2709284
2709474
2709584
2710001
2710639
2712142
2712868
2713491
2713601
2714040
2714349
2714942
2715220
2715508
2715940
2716307
2716614
2716761
2717334
2718195
2718355
2718550
2719052
2720177
2720655
2721809
2722306
2722663
2723422
2723567
2724056
2724359
2724687
2725283
2725423
2726486
2726786
2726794
2728073
2728319
2729404
2729460
2729499
2730175
2730538
2730545
2731082
2732250
2732292
2734484
2734638
2734647
2734748
2734939
2735050
2735374
2735936
2735944
2736578
2736846
2738053
2738296
2738983
2740287
2740586
2740932
2741301
2741478
2741504
2742006
2742021
2742137
2742810
2742933
2743078
2743135
2743973
2744749
2744772
2745873
2745963
2747607
2747674
2747792
2747947
2748348
2748352
2748664
2748681
2748731
2749193
2749343
2749667
2750143
2750366
2750436
2750441
2751047
2751426
2751478
2753337
2753537
2753812
2753821
2754496
2755009
2755147
2756226
2756290
2756297
2756520
2758850
2759116
2759413
2759453
2759513
2759784
2760325
2760663
2761310
2761767
2761977
2762580
2763104
2763518
2764408
2764465
2764968
2765300
2766410
2767299
2767589
2768988
2769128
2770435
2771885
2772248
2772699
2775158
2775703
2775785
2776262
2776277
2776572
2777136
2778195
2779218
2779503
2779862
2779892
2780167
2780583
2780769
2781110
2781116
2781570
2781586
2781761
2781884
2782547
2782849
2783063
2784165
2784212
2784261
2784471
2784736
2785213
2785504
2785686
2785850
2786562
2786598
2786655
2787109
2787349
2787601
2788114
2789135
2790546
2790691
2791470
2791823
2793024
2793568
2794285
2794584
2795037
2795804
2796217
2797108
2797215
2797360
2797651
2797738
2798028
2798554
2798901
2798976
2800233
2802385
2802786
2803051
2803309
2803537
2804533
2804678
2804733
2804997
2805106
2805299
2805651
2805827
2806276
2806444
2806890
2807893
2808155
2809950
2810368
2810396
2810515
2810870
2811384
2811445
2812112
2813495
2813572
2813580
2814464
2815513
2816262
2816989
2817176
2817337
2817717
2817767
2817901
2818442
2818752
2819456
2819711
2819822
2820441
2820680
2821287
2822517
2822962
2823434
2824063
2824312
2825924
2826637
2826743
2826801
2827048
2827127
2828540
2829292
2829985
2830786
2830944
2831038
2832302
2832922
2833046
2833828
2833933
2834211
2834566
2834779
2835485
2835528
2835581
2836880
2837229
2837561
2837723
2837795
2838215
2838419
2838549
2838744
2839415
2839600
2839894
2841279
2841744
2841757
2842827
2843156
2843245
2843340
2843402
2843947
2844986
2846922
2846981
2847169
2847312
2848202
2848358
2848654
2848668
2848743
2849192
2849271
2849476
2849946
2850590
2850858
2851765
2852611
2852713
2852852
2853098
2853517
2854303
2854738
2854819
2854995
2856547
2858281
2858390
2859079
2859271
2859319
2859450
2860112
2860152
2860192
2860385
2860539
2861181
2861797
2862002
2862480
2862869
2864524
2865908
2866018
2866025
2866472
2866801
2867361
2868056
2868431
2868944
2869868
2870324
2870392
2870692
2870740
2871499
2871984
2872740
2873123
2873215
2873383
2874237
2874995
2875368
2876799
2877173
2877223
2877794
2878122
2878241
2878714
2878891
2879113
2879845
2879883
2880057
2880585
2880656
2881880
2882244
2883116
2883157
2883676
2883698
2883985
2884402
2884625
2885005
2885808
2886675
2887463
2887544
2888690
2889495
2890024
2891164
2891251
2891799
2892124
2892163
2893017
2893191
2894689
2895046
2896041
2896122
2896404
2896931
2896942
2897274
2897467
2897488
2898384
2898650
2898739
2899052
2899239
2899761
2899784
2901109
2901429
2901688
2903707
2904647
2905208
2905323
2905704
2907626
2908090
2908150
2908642
2909595
2909766
2909855
2909944
2910060
2910789
2911168
2911294
2911643
2911661
2911694
2911816
2912028
2912103
2912822
2913155
2913672
2913902
2914171
2914275
2914497
2914502
2914772
2915023
2915554
2916051
2916618
2916621
2917086
2917237
2917624
2918150
2918467
2918754
2918802
2919009
2919194
2919663
2919676
2919812
2920293
2920797
2920957
2921205
2921546
2921780
2922032
2922708
2923073
2924045
2924078
2924661
2925386
2925756
2925970
2926257
2926631
2928218
2928587
2928672
2928719
2928868
2929723
2929777
2931703
2933136
2933244
2933305
2934249
2935079
2935250
2935354
2935799
2936047
2936131
2936345
2936588
2937449
2937531
2937656
2938379
2938808
2939485
2939778
2940590
2940629
2943020
2943728
2943816
2943885
2943971
2946467
2947073
2947293
2947385
2947443
2948590
2949331
2949356
2949360
2949704
2949952
2950228
2950537
2950812
2951358
2951475
2951621
2951687
2951863
2952785
2953096
2953116
2953620
2954073
2954151
2954336
2955917
2956245
2956541
2956598
2956690
2956699
2957144
2957195
2957372
2957551
2957586
2957765
2957809
2958542
2958815
2958818
2959640
2959964
2960457
2960497
2962409
2963314
2963523
2963641
2964160
2964269
2964752
2965190
2965224
2965286
2965821
2966441
2966490
2966653
2966720
2967408
2967533
2967885
2968758
2968897
2968969
2969296
2969666
2970167
2970625
2971349
2971543
2972538
2972672
2972876
2973927
2974186
2974712
2975712
2976220
2977463
2977505
2977553
2978395
2978573
2978604
2979011
2979302
2979483
2980333
2980345
2980946
2981351
2981979
2982268
2982869
2983023
2984182
2984349
2984539
2985324
2985779
2985780
2986190
2986227
2986807
2986894
2987323
2987422
2988251
2988301
2989679
2990227
2990349
2990613
2990649
2990650
2990754
2991590
2991822
2992385
2992519
2993068
2993351
2993501
2993791
2993794
2994030
2994350
2994974
2995068
2995174
2995444
2995848
2996543
2996771
2996839
2997368
2997443
2997849
2998741
3000039
3000753
3001219
3001293
3001511
3001610
3001840
3002136
3002363
3002513
3002769
3002824
3002871
3003242
3003317
3003543
3003640
3004282
3004298
3004880
3005146
3005496
3005539
3005712
3005883
3006088
3007318
3008148
3008240
3010098
3010227
3010663
3011585
3011822
3012350
3012358
3012554
3013996
3014047
3014166
3014261
3014412
3014784
3014892
3015169
3015265
3015293
3017063
3017237
3017287
3017336
3018055
3018318
3018536
3019045
3019509
3020007
3020248
3020266
3021003
3021064
3021105
3021255
3021509
3021840
3021915
3021990
3022501
3022879
3022910
3023622
3023818
3024894
3025110
3025179
3026075
3026169
3026289
3026774
3027537
3027820
3028333
3028820
3029618
3030006
3030871
3030962
3031251
3031427
3031540
3032057
3032271
3032464
3033939
3034275
3035222
3035900
3035974
3036419
3036714
3036840
3036925
3037749
3038155
3038297
3039569
3039945
3040033
3040653
3041806
3042212
3042264
3042839
3042861
3043020
3043892
3044090
3044697
3045325
3046149
3046713
3046829
3046921
3046961
3047141
3047463
3047479
3048051
3048062
3049119
3049299
3049929
3049948
3050550
3050592
3050873
3050968
3051975
3052235
3052324
3052498
3052509
3052556
3052625
3052840
3053047
3053252
3053668
3054043
3054593
3055048
3055341
3056211
3056587
3056662
3056712
3056767
3057145
3057369
3057381
3057574
3057754
3058280
3058986
3059521
3059586
3059813
3060183
3060373
3061131
3061141
3061372
3061627
3061806
3062461
3063147
3063290
3064713
3064951
3065874
3066052
3066279
3066511
3067466
3067611
3067731
3068136
3068137
3069081
3069251
3069390
3069566
3070298
3070542
3070991
3071130
3071513
3072311
3072431
3073729
3074163
3074587
3074828
3075331
3075387
3075476
3075525
3075929
3076449
3076637
3076808
3076962
3077111
3078702
3078872
3079510
3079817
3079913
3080214
3080741
3080800
3081085
3081770
3082478
3083045
3083511
3083836
3084332
3084866
3084913
3084976
3085111
3085665
3085849
3086189
3086250
3086298
3086329
3086448
3086530
3086641
3088269
3089557
3090009
3090213
3090580
3091288
3091419
3091560
3091628
3091669
3091682
3091715
3092026
3092622
3093348
3093602
3093871
3094093
3094548
3095882
3097824
3097938
3098416
3098942
3099087
3099400
3099728
3100023
3100026
3100322
3100768
3101972
3102140
3102415
3103432
3104013
3104556
3104636
3105532
3106224
3107133
3107466
3107727
3107737
3108245
3108599
3109566
3110558
3110978
3111168
3111975
3113157
3113836
3114761
3115306
3116080
3116284
3117038
3117108
3118234
3118455
3118636
3119231
3120401
3120467
3120699
3121191
3121960
3122087
3122153
3122359
3123339
3123606
3124069
3124627
3124878
3125699
3126516
3126740
3126742
3126835
3127041
3127648
3127815
3128166
3128233
3128440
3130442
3130873
3131164
3132092
3132111
3132232
3132387
3132523
3133437
3133615
3133774
3133799
3134080
3134537
3134567
3136111
3136117
3136184
3137538
3137711
3138069
3138292
3138295
3138425
3138611
3139022
3140495
3141451
3141520
3142815
3142917
3142919
3143519
3143527
3143672
3144667
3144960
3145257
3145613
3145977
3146087
3146195
3146944
3147418
3147738
3148095
3148107
3148589
3148726
3148788
3149585
3149690
3149700
3149742
3150253
3150348
3150722
3150970
3151325
3152166
3152583
3152739
3153091
3153902
3153991
3154126
3154628
3154763
3154779
3154902
3155101
3155775
3156266
3156275
3156947
3157562
3157968
3158597
3160302
3161484
3162084
3162654
3162915
3163329
3163466
3164333
3164364
3164391
3165455
3165644
3166556
3167007
3167925
3168783
3170636
3171831
3172468
3173268
3173296
3173309
3173856
3174171
3175014
3175828
3176290
3176362
3176959
3177134
3177592
3177694
3178264
3178621
3178876
3179050
3179081
3179353
3179833
3179976
3180696
3183084
3183360
3183644
3183768
3184472
3184713
3184949
3185395
3186463
3186624
3187242
3187659
3187727
3187999
3188270
3188496
3189201
3189453
3190092
3190133
3191027
3192679
3192957
3193035
3193183
3193715
3193752
3194627
3195006
3195220
3195418
3195773
3196194
3196203
3196709
3197142
3197565
3197726
3198167
3198429
3199246
3200571
3200598
3200793
3201664
3202160
3202314
3202713
3202775
3202876
3204096
3204286
3204467
3204537
3206247
3206843
3207811
3207970
3208146
3209064
3209144
3209170
3210133
3211187
3211481
3211894
3212155
3213226
3213381
3214248
3214291
3215275
3215595
3215650
3216938
3217173
3217379
3218983
3218986
3219503
3219784
3220912
3221265
3221362
3222817
3223005
3223177
3223382
3223404
3223595
3223636
3223751
3223965
3224208
3224222
3225100
3225524
3226003
3226119
3226449
3226623
3226726
3226871
3227593
3227997
3228277
3228548
3229235
3230134
3230141
3230331
3230395
3230399
3231436
3231782
3234190
3234598
3234954
3235075
3235826
3236387
3238054
3239190
3240782
3241513
3241692
3241796
3242271
3242453
3243061
3243274
3243411
3243526
3243694
3243788
3244218
3244370
3244544
3245272
3245279
3246297
3247414
3247540
3247558
3247691
3248342
3249046
3249402
3249505
3249605
3249961
3250280
3250290
3250384
3250671
3250677
3251995
3252670
3252800
3253880
3253882
3253980
3255141
3255463
3256030
3256107
3256312
3256480
3257288
3257578
3257991
3258208
3258209
3258439
3258533
3259730
3260538
3260562
3260660
3260998
3261954
3263056
3263712
3264205
3264276
3264624
3264763
3265241
3266754
3267514
3268025
3268265
3268435
3268487
3268820
3268928
3269546
3269918
3270158
3270455
3270614
3270802
3271131
3271497
3271607
3271930
3272203
3272862
3272895
3273338
3273979
3274247
3274473
3274650
3274890
3276039
3276823
3276865
3277512
3277558
3277931
3277963
3278238
3279730
3279966
3280911
3281696
3282230
3282853
3283593
3283681
3284882
3285102
3285413
3286206
3286608
3287095
3287851
3288592
3289082
3289182
3289218
3289243
3289745
3289903
3290209
3290524
3291268
3291290
3292101
3292327
3292728
3292979
3293383
3293579
3294614
3297060
3297098
3297638
3298026
3298442
3298522
3298643
3299286
3299562
3300073
3300316
3300502
3302121
3302285
3302684
3302751
3303884
3304979
3305659
3306179
3307277
3307525
3307535
3308707
3309255
3309510
3309957
3310058
3310396
3310456
3310892
3311141
3311367
3311394
3311600
3311613
3311904
3312644
3312712
3314414
3314622
3315258
3316064
3316265
3316693
3317386
3317597
3317615
3317860
3318076
3318194
3318500
3318699
3319296
3319925
3320535
3321465
3321720
3322164
3322481
3322770
3322852
3322978
3324333
3326432
3327211
3327526
3327597
3328517
3328860
3329240
3330694
3331039
3331145
3331759
3332634
3332806
3333737
3333989
3335376
3335559
3336064
3336270
3336317
3336401
3336720
3337082
3337389
3337999
3339678
3339985
3340171
3340270
3340283
3340350
3340367
3340371
3340392
3340815
3340905
3341496
3341536
3341612
3342202
3342205
3342517
3343173
3343873
3343969
3344223
3345068
3345176
3345416
3345425
3345912
3346198
3346445
3346561
3346869
3347031
3347171
3347263
3348518
3349093
3350010
3350327
3350362
3350428
3350438
3350779
3351349
3351372
3351656
3353027
3353509
3353837
3354504
3354951
3355048
3355076
3355148
3355187
3355623
3356048
3356076
3356224
3356738
3356781
3357232
3358247
3358585
3358947
3359283
3360425
3360769
3360946
3361021
3362567
3362829
3363098
3363108
3364155
3364439
3364898
3365078
3366554
3367511
3367861
3368102
3368155
3368187
3368541
3368634
3369565
3370243
3370469
3370767
3371711
3371921
3372488
3372529
3373407
3374697
3374734
3375849
3375915
3376138
3378040
3378113
3378991
3379841
3379842
3379880
3380114
3380534
3380545
3381561
3382065
3382334
3382589
3383147
3383285
3384172
3384852
3385093
3385806
3385859
3385889
3386215
3386233
3386837
3387020
3388712
3388791
3389132
3390918
3391720
3392113
3392808
3393881
3395307
3395703
3396150
3396681
3396713
3396861
3397547
3399071
3399273
3399299
3399882
3400544
3401103
3401153
3401625
3402041
3402094
3402102
3402723
3403850
3404743
3405583
3406914
3406999
3407735
3407976
3408270
3408301
3408820
3409442
3409539
3410323
3410423
3410758
3411036
3411403
3413467
3413554
3413580
3413815
3414298
3414591
3414982
3415134
3415137
3415589
3415715
3416000
3416482
3417661
3418242
3419447
3419732
3420955
3421560
3421725
3421817
3421999
3422085
3423078
3423119
3423222
3423656
3423659
3424111
3424512
3425371
3425532
3425562
3426753
3427671
3427736
3427909
3428374
3429756
3430096
3430769
3430794
3432716
3434014
3434295
3434878
3434882
3435359
3435645
3435846
3436549
3437224
3437235
3437767
3438379
3438543
3438544
3438560
3438960
3439311
3439380
3439682
3439843
3440250
3440365
3441069
3441611
3441630
3441642
3442199
3442264
3443302
3443603
3443866
3443963
3444418
3444466
3445203
3445912
3445929
3445949
3446925
3447093
3447436
3447558
3448044
3448116
3449500
3449983
3450074
3450248
3450347
3450543
3450554
3454014
3454031
3454663
3455238
3455704
3456743
3457505
3457731
3457905
3458522
3458990
3459328
3459401
3459695
3459783
3459858
3459862
3460212
3461432
3461648
3462157
3462210
3462292
3462942
3463137
3463547
3464047
3464250
3464952
3465401
3465796
3466007
3466347
3466875
3467493
3467606
3467742
3467896
3468257
3468363
3470123
3470648
3470800
3473312
3473399
3473657
3474860
3475179
3475258
3475735
3475838
3475874
3476799
3477204
3478932
3479326
3479679
3479809
3480549
3480890
3481375
3481691
3481821
3482089
3482419
3482636
3483551
3483580
3483948
3485322
3485765
3486696
3488114
3488993
3489756
3490248
3490319
3490673
3490788
3491525
3492348
3493209
3493417
3493743
3494504
3494873
3496397
3497604
3498309
3498313
3498917
3501107
3501352
3501376
3502140
3502207
3502621
3502650
3502944
3503059
3503561
3503921
3503959
3505187
3505660
3505727
3506251
3506758
3506908
3507770
3508464
3509113
3510441
3511870
3512512
3513199
3513737
3513767
3513819
3514488
3514913
3515351
3515508
3516415
3516478
3516505
3516543
3517570
3517866
3518000
3518397
3519440
3519683
3519776
3519810
3520682
3520874
3521685
3522500
3522749
3522913
3523001
3523330
3523368
3524322
3524426
3524666
3525324
3525461
3525784
3526082
3526570
3526879
3528227
3528245
3529644
3530271
3530376
3532338
3532492
3533917
3534003
3535249
3535295
3535923
3536074
3536498
3537788
3538422
3539088
3539926
3540017
3540173
3540194
3540407
3540469
3540492
3540637
3541366
3541539
3541700
3541922
3543010
3543019
3543191
3544664
3544984
3545109
3545564
3547372
3547957
3548229
3548389
3549609
3550314
3550648
3550920
3551414
3551499
3551564
3552271
3552277
3553866
3553892
3554809
3555348
3556921
3557199
3557677
3557699
3558251
3558419
3558435
3558976
3559508
3559664
3560795
3561503
3561713
3561953
3562805
3563470
3564508
3564527
3565561
3565636
3565867
3566982
3567074
3567441
3567523
3567537
3567619
3567705
3567877
3567978
3568129
3569011
3569223
3569543
3569780
3570031
3570669
3572112
3575292
3575427
3575441
3575939
3576150
3576319
3576778
3576949
3577150
3577568
3577676
3577995
3578255
3578617
3578671
3579742
3579881
3580502
3581535
3582414
3582794
3582876
3583960
3583964
3584589
3584818
3585394
3585592
3585609
3586070
3586665
3586940
3586952
3587176
3587607
3588266
3588617
3590529
3590629
3592057
3592612
3592993
3593482
3593533
3594383
3594476
3594562
3594959
3595368
3595706
3595772
3596633
3597401
3597503
3597954
3598191
3598555
3598790
3598854
3598997
3599139
3599161
3599546
3599911
3599994
3600335
3600418
3600537
3600998
3601416
3602304
3603020
3603765
3603950
3604124
3605319
3605360
3606622
3608041
3608103
3608963
3609273
3609680
3611086
3611153
3611355
3611646
3611850
3611860
3612688
3612690
3612754
3613129
3614123
3614333
3614753
3614878
3615083
3615401
3615474
3615594
3615921
3616792
3617102
3617148
3617303
3617454
3617547
3617795
3618216
3619470
3620312
3621360
3621443
3621964
3622049
3622186
3622361
3623218
3623284
3623565
3624206
3624774
3625010
3625094
3625279
3625314
3626165
3626243
3626739
3627325
3627819
3628665
3628970
3629031
3629367
3630699
3631028
3631030
3631944
3632152
3632250
3632356
3632554
3633095
3633774
3633904
3634317
3634345
3634500
3634832
3634927
3635602
3635794
3635875
3635927
3636045
3636392
3636526
3637371
3637637
3637692
3638210
3638981
3638995
3639470
3639550
3639761
3640384
3640767
3640878
3642668
3644435
3645442
3645650
3645707
3645826
3646579
3646700
3647063
3647379
3647563
3647669
3648831
3648880
3649019
3649373
3649544
3649744
3649939
3650091
3650170
3650617
3651462
3652498
3652930
3654287
3655152
3655345
3655493
3655506
3655881
3655960
3656089
3656697
3657063
3657227
3657521
3657737
3657930
3658038
3658599
3658711
3659210
3659678
3659837
3660077
3660103
3660642
3660662
3661461
3661747
3661852
3662066
3663374
3663569
3664065
3664100
3664171
3664665
3665496
3665585
3666065
3666750
3668023
3668339
3670635
3670838
3671037
3671194
3671273
3671481
3671566
3671659
3672615
3673363
3673626
3673927
3674058
3675961
3676122
3676883
3677769
3678232
3678827
3679056
3679064
3679157
3679859
3680017
3680391
3680557
3681022
3682188
3682704
3683562
3684126
3684211
3684381
3684398
3684645
3684877
3685352
3685518
3686047
3686266
3687065
3687302
3687382
3687537
3688078
3688469
3689130
3689136
3689148
3690774
3691520
3691773
3691968
3692308
3692393
3692967
3693888
3694208
3694745
3696466
3697117
3697352
3697603
3697832
3698041
3698295
3698623
3699849
3700376
3700508
3700592
3701007
3701286
3701932
3701940
3702510
3703275
3704338
3704843
3705514
3705650
3705685
3705819
3706189
3706755
3707616
3707889
3708212
3708226
3708704
3709129
3709592
3709613
3710194
3711416
3711717
3711900
3711982
3712016
3714005
3714440
3714643
3714671
3714732
3715457
3715599
3716346
3716439
3716684
3717734
3717802
3718466
3719758
3720056
3720097
3720774
3721497
3721560
3722106
3722553
3722705
3724973
3725973
3726129
3726812
3727040
3727942
3729215
3729839
3732361
3732874
3734153
3734530
3734900
3734917
3735109
3735776
3736363
3737177
3737593
3737644
3738573
3738943
3739420
3739889
3739926
3740392
3740411
3742167
3742492
3743033
3743407
3743919
3747272
3747582
3748107
3748215
3749899
3750250
3750578
3750775
3750979
3752363
3753013
3753292
3753365
3753802
3754185
3754885
3755176
3756307
3756316
3757265
3757470
3758278
3758375
3759172
3759556
3759669
3759893
3760976
3761131
3761164
3761838
3762602
3762837
3763381
3763612
3765382
3765623
3765898
3766043
3766253
3766277
3766290
3766906
3767054
3767185
3767333
3767814
3768035
3768352
3769540
3769937
3770362
3770591
3771849
3771972
3773317
3774606
3774690
3775555
3775892
3776191
3776347
3776420
3777014
3777062
3777149
3778271
3778819
3779017
3779594
3780172
3780211
3780315
3780808
3781624
3782124
3782149
3782692
3784425
3784738
3784825
3785797
3785854
3786042
3786212
3787531
3787704
3788197
3788660
3789700
3790276
3790387
3790408
3790708
3790727
3792029
3792188
3793016
3793143
3793801
3793988
3794190
3794300
3794524
3794599
3794604
3794781
3795014
3796241
3797294
3797330
3797700
3798672
3798946
3799030
3799505
3799520
3800817
3800829
3800971
3801405
3801574
3802968
3803191
3803356
3803451
3803456
3804887
3804906
3805047
3805817
3805864
3806881
3807854
3808406
3809410
3809934
3810912
3811002
3811226
3811499
3811747
3811880
3812086
3812115
3812944
3812962
3813159
3813173
3813185
3813689
3813923
3814779
3815472
3815636
3815998
3816562
3816602
3817608
3818945
3819079
3819387
3819604
3820296
3820648
3820759
3820813
3821084
3821169
3821819
3821940
3822393
3822566
3823687
3823739
3824106
3824185
3824869
3825088
3825354
3825937
3826288
3826747
3826985
3827348
3828150
3828659
3828727
3829440
3830058
3830097
3830529
3830603
3831130
3831290
3831934
3832106
3832271
3833998
3834211
3834374
3834911
3835465
3835779
3836299
3836526
3837895
3838800
3839424
3839878
3841274
3841432
3841559
3841633
3841652
3841799
3843029
3843202
3844483
3844772
3845341
3845464
3845546
3846315
3846408
3847722
3848138
3848507
3849742
3849909
3851101
3851558
3851842
3852090
3852834
3853135
3853323
3853679
3853811
3854575
3855400
3855906
3856007
3856383
3856470
3856523
3857738
3858063
3858156
3858249
3858326
3858930
3859319
3859439
3859898
3860372
3861470
3862260
3863713
3864822
3865036
3865922
3866097
3866830
3867263
3867799
3868349
3869013
3869702
3870076
3870643
3870668
3870741
3871364
3872351
3873022
3873428
3873876
3874183
3874186
3874261
3874767
3874781
3875345
3875565
3876090
3876215
3876392
3876456
3877453
3877831
3878053
3878213
3879062
3879493
3880765
3880986
3880997
3881079
3881769
3882154
3882176
3882715
3883113
3883224
3883638
3884481
3884677
3884713
3885751
3885947
3886089
3886872
3888218
3888239
3889441
3889643
3890375
3890642
3890931
3891088
3891694
3892066
3893047
3894144
3894323
3894908
3894917
3895219
3898058
3898253
3898805
3899155
3899363
3900266
3902230
3902382
3902528
3903103
3904467
3905853
3905927
3906496
3906683
3908358
3908493
3908597
3908688
3909291
3909438
3909576
3909929
3910021
3910052
3910435
3910466
3911227
3911353
3911965
3913557
3913644
3914370
3914688
3915258
3916604
3916689
3917430
3917514
3917528
3917911
3918603
3920224
3920312
3920429
3920889
3921853
3921919
3922292
3922399
3922771
3922784
3922993
3923285
3923524
3923632
3924895
3925334
3925794
3925804
3926137
3927288
3927315
3927658
3927876
3927890
3928158
3928495
3928744
3928797
3928949
3929368
3929656
3930934
3931460
3931678
3933094
3933776
3935299
3935369
3935432
3935768
3936899
3936997
3937137
3937746
3938910
3938987
3939124
3939733
3940504
3940594
3942158
3943030
3943801
3943813
3944047
3944971
3945270
3945486
3945771
3946039
3946924
3947212
3947682
3949056
3949866
3950855
3951608
3951733
3951734
3951849
3952759
3952970
3953150
3954500
3954759
3955947
3955997
3956609
3956627
3956713
3956993
3957340
3957386
3958024
3958123
3958711
3960257
3960345
3960742
3960991
3960992
3961254
3961948
3962117
3963864
3964878
3965066
3965232
3966227
3966620
3967069
3967332
3967475
3967932
3968827
3969750
3970896
3971163
3971421
3972222
3973679
3974162
3974815
3975393
3977056
3977859
3977886
3977918
3977924
3978236
3978276
3978390
3978662
3978700
3978821
3978838
3979062
3979150
3980423
3980764
3981025
3981079
3981499
3981539
3981827
3982278
3982521
3983261
3984621
3984725
3986090
3986627
3987048
3987558
3987825
3988390
3988535
3988766
3989472
3989575
3989632
3990324
3991601
3992390
3993541
3993589
3993641
3995610
3996906
3997017
3997213
3997535
3999014
3999034
3999715
3999926
4000098
4000282
4000395
4000723
4001638
4003333
4003704
4004107
4004278
4004527
4004827
4005367
4005483
4006330
4008380
4009397
4009755
4009813
4010018
4010703
4010810
4011318
4012189
4012281
4012481
4012549
4013321
4014622
4014783
4015804
4018240
4019111
4019164
4019211
4019419
4021746
4022052
