143
405
743
1552
1869
2681
2726
2761
3949
4360
4409
4874
5073
5147
5166
6529
6775
7193
7369
7462
8223
8783
8824
9277
12173
13568
13893
15140
15155
15497
15523
15539
15662
15980
18029
18416
21212
22880
23644
23665
24665
25090
26948
27105
27537
29065
29225
29575
30115
30467
30894
31092
31999
32001
32513
34489
34856
35636
36623
36637
36942
36993
37822
38057
38486
38827
39174
39179
40695
41674
42904
43247
43379
43661
47006
47027
47102
47215
47427
47925
48396
51399
51684
53238
53431
55083
55264
55633
56585
57041
58346
60576
60869
61014
61464
62169
62707
63524
63805
64307
64619
64918
65147
65166
66722
68238
68608
69355
69488
69556
70764
70876
71244
72293
72658
72680
76018
77002
79573
79956
81575
81854
82917
83331
84707
84884
84968
85623
86051
87383
87446
88894
89472
89598
89650
92927
93470
93614
93667
93774
93844
94342
94382
94826
94953
95411
95792
95911
96071
96710
96803
96940
98518
98789
99942
100139
100607
100813
101086
101415
101689
101785
101886
102093
102689
103054
103325
104617
107330
107359
107442
107806
108007
108114
108331
108760
108889
109659
111120
112764
112912
115139
115712
115824
115905
119330
120509
121621
121904
124161
124192
124619
124707
125026
125088
126212
126230
130159
131756
131896
133210
133856
138277
139333
139828
140492
140569
141010
141236
142769
142785
143202
143565
143605
143637
144257
144496
144858
145158
145197
145941
146723
146790
147657
148295
149099
152462
152604
153058
153447
153549
155634
157240
157447
157944
158629
158803
159390
161413
161749
162126
162136
163036
164951
165542
167659
167664
168187
168272
168707
169657
174227
174388
176966
177583
177718
178333
179782
180177
180421
180762
181951
183551
183669
183768
183813
186210
187212
187677
187845
189314
190518
192378
193763
194842
194961
196515
197415
197598
198311
199299
200563
200885
202134
202284
202482
203278
203415
205570
206255
206529
207330
207470
207837
208132
208951
209111
209616
210438
210580
210601
210971
211019
211511
211788
211860
212135
213858
214434
215869
217920
217939
218095
220100
220387
221180
221367
222462
223063
223321
223854
224159
224209
225437
226015
226142
227637
227714
228460
229530
231757
232123
233698
233891
235588
235798
237101
238112
240460
241430
243056
243287
244550
244724
245678
246911
247348
247703
248984
249387
249849
250112
250610
252503
253004
253203
253857
254223
254971
255322
256059
256401
256659
257807
259391
260300
260482
260569
261424
263264
263323
265141
266645
266708
267548
268275
268429
269710
269752
272258
272418
272993
273048
273408
274536
274852
275354
276632
276842
277493
277824
278199
279559
280271
281055
281117
285478
286229
286585
287741
288380
288656
289009
290127
291584
292431
292916
293639
293938
294210
294410
296741
297107
297256
297501
297792
298482
299233
300199
301208
302657
302659
303248
303411
304028
305289
305372
307411
307998
308177
308370
308884
310534
312283
313101
317095
317584
318082
318995
320950
321395
322026
322193
323108
323233
325084
325379
325447
325936
327015
327427
327774
327843
328088
330270
330920
332327
333025
333922
334779
335962
336283
338042
338655
339987
340051
341699
342249
343268
344341
345123
346100
346197
347331
348489
349574
349614
352068
352137
352668
352731
354092
355693
355802
356383
356585
357382
357407
358900
360646
362744
362821
364570
364918
366625
367640
369029
369120
370663
371537
372074
372814
373235
373426
374619
376316
376486
377035
377719
377882
377966
380680
381558
381967
382141
382586
383042
383718
384202
384308
385117
385974
385998
386258
386867
387287
387731
387751
388363
388972
389012
390208
391588
392768
393496
394220
394243
395739
396831
397156
397686
398270
398426
398576
398846
399150
399622
399680
400586
400808
400876
400913
400964
400966
402295
402369
404910
405865
405938
407073
408346
409015
409963
410606
412177
412751
415042
415165
415352
415614
418289
418642
420816
420848
421664
422058
422536
423782
424095
424646
427504
427839
430363
430531
431115
432840
433186
435643
437271
437691
438086
438329
439216
439925
441813
441950
442275
442844
442860
443071
443451
443682
444298
444808
445956
446149
446662
446751
447715
450154
450875
451450
452455
453312
454242
454299
457346
458185
458774
458946
459091
459303
460637
462739
464291
465341
465549
466360
466884
466950
466998
467842
469998
470687
472281
474356
474420
474485
474681
474938
475163
475233
475450
476157
476690
477131
477355
478044
479762
479897
480087
480446
480636
481015
481061
481918
482334
483257
484548
484975
485086
486920
488654
489943
490208
491051
491532
491557
493561
493763
495209
495231
495973
496453
496605
497958
498285
498798
498846
499482
500123
502011
502770
503495
503867
504146
504629
504810
505582
505653
505889
507647
508672
509079
509507
509833
509902
510077
510149
511261
511305
511589
512168
512437
513390
513785
513913
514969
515228
515337
515714
515899
516134
516335
517088
517489
518066
518376
519262
519350
519369
519733
520631
521975
522038
522253
522865
523233
524324
526063
526833
526890
527332
527737
527928
528030
528635
528861
531184
531469
531514
531718
531927
532056
532329
533064
533927
533955
534822
535155
536018
537323
538551
538698
539732
540148
541004
541696
542039
542654
542679
543168
543569
545386
545400
545900
546211
546435
547631
548264
548817
549030
550167
552409
554338
554451
555497
555662
555777
556886
558333
558382
558470
559704
560796
562268
562279
562806
562887
564439
565527
565686
566463
567255
567990
568123
568312
569085
569595
569843
570026
570076
570771
570925
571417
571641
571893
573781
574139
574605
574969
575229
575505
576153
576492
576664
578065
578990
580335
580596
580752
581272
581738
582099
583065
583094
583283
583758
584562
586588
587359
587510
588114
588248
588540
589087
589382
590398
591564
592060
592237
592519
595170
595191
597785
598379
598576
599138
599654
599773
600073
600528
600655
601192
601381
602298
602936
603170
603561
603998
604614
605317
606377
607104
607355
607777
608803
609605
610108
611182
611374
612450
612767
613775
613913
614329
614470
615310
615372
616172
616544
616682
617976
619894
622071
623010
625444
626175
626275
627037
628032
629385
629701
630625
632505
632806
634158
634571
635662
636673
637498
638347
638935
639217
641481
641696
641955
642820
643138
643357
644408
644471
645057
645568
645979
646175
646992
650744
650746
651117
651238
651408
651488
652818
653092
653445
653985
654298
654329
654548
656304
658777
658814
658950
659101
659923
661479
661832
661853
662323
664792
665066
665870
666112
667117
668261
668420
669058
669392
669507
669882
670040
670243
672296
673615
675008
676036
677013
677902
678450
679068
679237
679238
679877
680136
682457
682670
682942
683192
683331
684577
684610
684794
685229
685253
686355
686595
687209
687378
687647
687889
688948
689993
690437
690831
693092
695150
695272
697030
697110
697539
697752
697893
698829
699709
700305
701321
703926
704376
704458
704902
705875
706217
706678
708189
708333
708653
709140
709593
710551
710713
711830
712220
714008
716451
717304
719573
720270
720798
721097
721660
722324
722619
722963
723100
724122
724914
725744
726631
728219
728256
729028
729143
730341
732320
732537
732781
733258
733613
734074
734254
734417
735149
735312
735644
735671
736963
737981
738824
739396
739930
739931
742987
743018
743770
745147
745244
745644
746212
746715
748177
749430
750128
750970
752083
752511
753714
754587
754804
755209
755221
756267
758041
759845
760264
760690
763062
763533
765074
765141
765163
765260
765379
766705
767557
767745
768526
768681
769658
770441
770726
770810
770981
774956
775291
775712
777516
777529
778757
779039
779574
781233
784823
785019
785101
786443
787221
787805
788216
788750
790116
790602
790706
791424
792036
792851
793469
794820
795461
796534
798509
798926
799348
800422
800564
800866
802310
802763
802805
803605
804005
804192
805805
805842
807474
807798
808050
808678
808715
809154
809552
810666
811138
811941
812025
815862
816663
817620
818417
819160
819901
820757
821998
822215
824926
826128
827140
827198
828118
830249
830438
830635
830682
831233
831862
832055
832084
833297
834737
835608
835945
838058
838060
838689
839406
840367
840546
840708
841108
841295
841766
843159
843161
843344
844050
844766
845143
845412
846335
846779
846785
846876
847249
847678
849749
850890
851097
851321
852747
853290
854294
855601
855840
857535
858584
859271
859738
860934
861089
862548
862633
863793
864437
865506
865834
867695
868190
868193
868393
868675
869019
869569
870273
870720
870949
871377
871727
874116
874239
874457
874634
874821
875759
876618
876979
877881
878147
879309
879516
880628
881882
882331
882839
884064
884940
885291
885334
886178
886575
887605
888203
888309
888721
888823
890036
890049
891524
891531
891580
892097
895009
895577
896003
896433
898555
898654
900087
900367
901413
902230
902235
902387
902445
903317
904008
904549
904586
905165
905476
908564
908939
909641
910936
911025
911116
911624
912204
913626
913972
914283
914326
915289
915444
917254
918019
918368
918792
919469
919522
920722
921067
921342
923304
923985
924352
924397
924988
925216
926422
928045
928150
928554
932232
932241
932506
933606
934577
934716
938049
938132
939184
939191
939344
939873
940369
940646
940832
940906
941391
941542
941795
942501
945087
945092
945657
945894
947215
948383
949093
949391
950021
950769
951684
952248
952405
952408
952418
953306
955584
955630
956650
956773
957271
957560
958145
959469
959602
961193
962947
964757
966084
966211
966244
966748
966798
967556
967762
968349
968540
970483
970547
970938
971953
972495
973142
973580
973840
974722
975447
975738
977114
980672
980758
980823
981183
982735
984477
984937
987958
988999
990283
992042
993877
993970
995158
998383
998738
999611
1000967
1001234
1001670
1001715
1002045
1004876
1005405
1006443
1007370
1007981
1008123
1009115
1009449
1009751
1010538
1011389
1011405
1013176
1014623
1015016
1015056
1015123
1015311
1017073
1017704
1018001
1018728
1020384
1020631
1020896
1021857
1021967
1022624
1022856
1023330
1023756
1024852
1025524
1025617
1026973
1027090
1027510
1028828
1029504
1029666
1029980
1030104
1030499
1031510
1031653
1034663
1034897
1035249
1035266
1035364
1035513
1035785
1036298
1036569
1037035
1037772
1038691
1039929
1041149
1042145
1044011
1044693
1045175
1045187
1046416
1046429
1047670
1049524
1049788
1050723
1051387
1051390
1051746
1051939
1051980
1052698
1053325
1053485
1055359
1057284
1057887
1057994
1058675
1059209
1059950
1059960
1059969
1060491
1060707
1062135
1063588
1063958
1064490
1064592
1065137
1065145
1065433
1065681
1066664
1067128
1067489
1068620
1071268
1071554
1072665
1073788
1073826
1075044
1075061
1075383
1076115
1076129
1076915
1077067
1077076
1077109
1077378
1078077
1078368
1080555
1081003
1082205
1082759
1084104
1084809
1086696
1086727
1086894
1087881
1089130
1089324
1089838
1091663
1091904
1093729
1093748
1093880
1094962
1095385
1095952
1096029
1097255
1097280
1097614
1098336
1099256
1099895
1102404
1102816
1103223
1103982
1105067
1105271
1105297
1106318
1106677
1106680
1106696
1107382
1108228
1109292
1109713
1110237
1112731
1113410
1113704
1114294
1115451
1115557
1115740
1116100
1116623
1117479
1118459
1118798
1120314
1120366
1122099
1122374
1122760
1123458
1123979
1124660
1125589
1125771
1126922
1127010
1127698
1127733
1127780
1127805
1128572
1129263
1129614
1131111
1132920
1132938
1133028
1135219
1136858
1137831
1138788
1140037
1140383
1140897
1142035
1142042
1143033
1143074
1143187
1143400
1144165
1144948
1145518
1145981
1146622
1147851
1147982
1148017
1148318
1150006
1150234
1150893
1151175
1151320
1151458
1151563
1151766
1151787
1152013
1152175
1152204
1153135
1154009
1155718
1156203
1156836
1157610
1157921
1159546
1160955
1161477
1161665
1163189
1164256
1164496
1167152
1167645
1168798
1169045
1169667
1171330
1171583
1173749
1173942
1174624
1174685
1175573
1176546
1177085
1181402
1181773
1182056
1182227
1182947
1183701
1184392
1184512
1184530
1187715
1188134
1189197
1189253
1189265
1190283
1191994
1192460
1192629
1193362
1194925
1195995
1196308
1196507
1196525
1197065
1197088
1197127
1199581
1199739
1200123
1201314
1201459
1201773
1203655
1203842
1203889
1204049
1206312
1207051
1207058
1207932
1209473
1210548
1210853
1211741
1211754
1212380
1213438
1213456
1214224
1214495
1215242
1215341
1215509
1216213
1216698
1217051
1217337
1218599
1218749
1220142
1222750
1223002
1223468
1223694
1226498
1226688
1227333
1227948
1228834
1229860
1230629
1230941
1232098
1232457
1232678
1233552
1233918
1234687
1235013
1235124
1235400
1236024
1236494
1237433
1239360
1240396
1240550
1240683
1241988
1242583
1243380
1244588
1244608
1245536
1245724
1245745
1246469
1246523
1247005
1247137
1248010
1248361
1253754
1254210
1254276
1255441
1257721
1258598
1258802
1258859
1259425
1259480
1260613
1260868
1261548
1262332
1262762
1263614
1264712
1267988
1268104
1268325
1270312
1270496
1271786
1272274
1272676
1272724
1273876
1275798
1276567
1276651
1276930
1277153
1277270
1277976
1278369
1280065
1280851
1280865
1281169
1281740
1283444
1283586
1285559
1286136
1286294
1287496
1287987
1288047
1288099
1288266
1288530
1288898
1291234
1291392
1292696
1294314
1295571
1296996
1297055
1298395
1298468
1300087
1300383
1302074
1302392
1302759
1303054
1303805
1304684
1306300
1307632
1308431
1308450
1308587
1310259
1310453
1310539
1310726
1311841
1311888
1312022
1313490
1313525
1314874
1316752
1316801
1317046
1317281
1317747
1318005
1318219
1318240
1318594
1321247
1321820
1322379
1322473
1323237
1323703
1323801
1323966
1324198
1324827
1325510
1325866
1326011
1326163
1327593
1328239
1329318
1330633
1332748
1333845
1334354
1334378
1334764
1336310
1336374
1337966
1338006
1338723
1339334
1339509
1340608
1340816
1340945
1342012
1342997
1343011
1343173
1344889
1345465
1346934
1348166
1348227
1348459
1349115
1349731
1350418
1350630
1350897
1350992
1351142
1351824
1352632
1353100
1354080
1355249
1356110
1357299
1361772
1362841
1363776
1364834
1366082
1366350
1367863
1368362
1368369
1368799
1369043
1369108
1369116
1369360
1370123
1370339
1371966
1374042
1376855
1377381
1377770
1379368
1379772
1380202
1380350
1383636
1383901
1385669
1385864
1386080
1386118
1386725
1387410
1387651
1388378
1388444
1388999
1389052
1389718
1390268
1390771
1391538
1391887
1393470
1393500
1397537
1398788
1399157
1399276
1399550
1402718
1403107
1403437
1405133
1405155
1407209
1407601
1409481
1409708
1410144
1410987
1411866
1412980
1414115
1416832
1417159
1417512
1418323
1420457
1420812
1421094
1421533
1422331
1423864
1424454
1424499
1425392
1426149
1426157
1426402
1426911
1427526
1427582
1428465
1431238
1433920
1433932
1435406
1435455
1435768
1438156
1438286
1438634
1438983
1439292
1439579
1439731
1439904
1441049
1441289
1441542
1442799
1444306
1444587
1446469
1447873
1448648
1450562
1451679
1452014
1452217
1452248
1453508
1453874
1455467
1456913
1457397
1457528
1459640
1460184
1460753
1461343
1462506
1462751
1462919
1462978
1463222
1463303
1465382
1465686
1465693
1466633
1466759
1466940
1467915
1468570
1468739
1468831
1470233
1470594
1471452
1471750
1471838
1472267
1472435
1474609
1474834
1474943
1475279
1475584
1475634
1475650
1476680
1477350
1478103
1478670
1479126
1479710
1479848
1479869
1480837
1481387
1481850
1482118
1483305
1483728
1485172
1485835
1485975
1486702
1486993
1487151
1489584
1489596
1489652
1489749
1490871
1491317
1491548
1491561
1496060
1496176
1497162
1497552
1497869
1499171
1499371
1499827
1500794
1501006
1501687
1501824
1502431
1502904
1508661
1508771
1509122
1509345
1509505
1509864
1511232
1512088
1512398
1513513
1513709
1514480
1515519
1515798
1516546
1518210
1518272
1519594
1520349
1521312
1523826
1523940
1523969
1524376
1526290
1526717
1527673
1527696
1528191
1528234
1528333
1528701
1528859
1529287
1529466
1529637
1529935
1530249
1532071
1533628
1533680
1534812
1535073
1536311
1538332
1539254
1539544
1540358
1540390
1540894
1541041
1541419
1541681
1541805
1542032
1542684
1543191
1543277
1543635
1543888
1544105
1544477
1546979
1547465
1547504
1547582
1547963
1548280
1549087
1549187
1551306
1552115
1552992
1552994
1553337
1554029
1554665
1554678
1554880
1555449
1557483
1558151
1558154
1558784
1558850
1559406
1560739
1560961
1561857
1562792
1563420
1564045
1564770
1565367
1565564
1565984
1566268
1566745
1566899
1567095
1568385
1568474
1572080
1574452
1574808
1575829
1575954
1576498
1578630
1578758
1578883
1579258
1579307
1580462
1580900
1580991
1581045
1581443
1582525
1582837
1583128
1583207
1583658
1584431
1584433
1584905
1585024
1585676
1585904
1587598
1588806
1588947
1589797
1589893
1591572
1591838
1592057
1592522
1592984
1593830
1593937
1594927
1596284
1597036
1597152
1597972
1598113
1598249
1598898
1598970
1598971
1598983
1599194
1600301
1600674
1601859
1602516
1602591
1602977
1603284
1603900
1603975
1604477
1604803
1605089
1605714
1605916
1606888
1606912
1608129
1608621
1608623
1608753
1609258
1609449
1609488
1610864
1611603
1611718
1612127
1612523
1612867
1613553
1616543
1617404
1617872
1618179
1618799
1619036
1619502
1619957
1620813
1621853
1622637
1622757
1623157
1624853
1625169
1625741
1626491
1626735
1628134
1628370
1628646
1629016
1629184
1629577
1630404
1630863
1631124
1631284
1631365
1631603
1631835
1632122
1632464
1632675
1634705
1634850
1635001
1636254
1636602
1637886
1637893
1637951
1638868
1639211
1639661
1640365
1641040
1642057
1642775
1642995
1644137
1644294
1644858
1646246
1646493
1646589
1647176
1647314
1648055
1648280
1648362
1648458
1648659
1648766
1649599
1650105
1650312
1650418
1650428
1650449
1650743
1653272
1653297
1653934
1653956
1655612
1655806
1655897
1656526
1657355
1657822
1657983
1660759
1660968
1661233
1663054
1663581
1663853
1664601
1665394
1665754
1668090
1668430
1668647
1668831
1671747
1672249
1672295
1673238
1674096
1674117
1674527
1674836
1674849
1675111
1675976
1676137
1676341
1677251
1677293
1677875
1678397
1678519
1678807
1679464
1679607
1679835
1679942
1680135
1680250
1680681
1682908
1683013
1683964
1684576
1684585
1684622
1685421
1686192
1686271
1687645
1687720
1688018
1688981
1689454
1689498
1689752
1689924
1690935
1692005
1692044
1692931
1693523
1693952
1694275
1695241
1695767
1696063
1697434
1701193
1703224
1703575
1703822
1704376
1705166
1706474
1707002
1707004
1707533
1708795
1709380
1710044
1710063
1710477
1711350
1711388
1711714
1712436
1713372
1713932
1713955
1714782
1715109
1716509
1717110
1718145
1718621
1719186
1719339
1719834
1720697
1720804
1722490
1722957
1724299
1725304
1725485
1725540
1727112
1727644
1728074
1730822
1732470
1732632
1733613
1734326
1736191
1736518
1736867
1737582
1737728
1738104
1738918
1738931
1740233
1740561
1741585
1741881
1742262
1742853
1743093
1743149
1743578
1744158
1744794
1745452
1745524
1745617
1746400
1746521
1750458
1750514
1750614
1750815
1752768
1752996
1753551
1754977
1756208
1756802
1757191
1757286
1757393
1757465
1758143
1758607
1759424
1760144
1761465
1761893
1762236
1763133
1765680
1767775
1768635
1769334
1770506
1771635
1771771
1773731
1774278
1774855
1776031
1776545
1776899
1777064
1777599
1778348
1779294
1780552
1780679
1782413
1784204
1785426
1786262
1786837
1787664
1788546
1788613
1789171
1789771
1790105
1791091
1791433
1792034
1792059
1792840
1793329
1793760
1793833
1794806
1795065
1795324
1795436
1795668
1797748
1798810
1799276
1799776
1801855
1801887
1802420
1804454
1804688
1808081
1811125
1813473
1814363
1815488
1815832
1816041
1816753
1816870
1818226
1818545
1819660
1821084
1821439
1822000
1822184
1824605
1825704
1825774
1826142
1826828
1827178
1828719
1829650
1829790
1829845
1830323
1830347
1830676
1831469
1831503
1832003
1832241
1833071
1833351
1833439
1834167
1834547
1834578
1834720
1836388
1837229
1837874
1838059
1838650
1838827
1839241
1840099
1840417
1841488
1841571
1842982
1843899
1844036
1844368
1844930
1845388
1847895
1847955
1849052
1849178
1850763
1854087
1854352
1854644
1855174
1855924
1856377
1857551
1858059
1858653
1860550
1860941
1861167
1861988
1866706
1867706
1869172
1869175
1869825
1869971
1871044
1871445
1872407
1873112
1874332
1874383
1875159
1875951
1877476
1877625
1879562
1880346
1880413
1880766
1880918
1881212
1881496
1882817
1885013
1887705
1888004
1888190
1889636
1889979
1890312
1891464
1892366
1893311
1893680
1893721
1893885
1894283
1894656
1895436
1896340
1896847
1896864
1897214
1897258
1897774
1899272
1899467
1899968
1900023
1901274
1902430
1903112
1903318
1903622
1904582
1904916
1906322
1906675
1906993
1907362
1907693
1907797
1908707
1911741
1911804
1912692
1912955
1915111
1916604
1917424
1918146
1918983
1920587
1920978
1920998
1921357
1922220
1923906
1924096
1924175
1924695
1927227
1928266
1928801
1929197
1929539
1931387
1932160
1934862
1936084
1938576
1939078
1939790
1939842
1940525
1943092
1943211
1946590
1946912
1947580
1948164
1949570
1950088
1950508
1951092
1951110
1951472
1953312
1953455
1956774
1956858
1956896
1957522
1957944
1959008
1960266
1960617
1962196
1962572
1962821
1963355
1963600
1965021
1965325
1965779
1965856
1966273
1967999
1968763
1969041
1971626
1972791
1973379
1974976
1975909
1977209
1977404
1977416
1977864
1978358
1981096
1981723
1981791
1981963
1983164
1986721
1987158
1987918
1990863
1991069
1991273
1991482
1992534
1993521
1994937
1996907
1997819
1999802
2000961
2001137
2005056
2005360
2006879
2007439
2007828
2008797
2009117
2010060
2010771
2011230
2011862
2011966
2013997
2014450
2017231
2017293
2017603
2018193
2018813
2018878
2019289
2020123
2020125
2020199
2020334
2021297
2021638
2021738
2021840
2022425
2023079
2024005
2024008
2024516
2024670
2025315
2026165
2027104
2028218
2029371
2030393
2030768
2031455
2031967
2032170
2032326
2033272
2033738
2034392
2035480
2035835
2036169
2038053
2038273
2038387
2038397
2038489
2038883
2039021
2041037
2042437
2042521
2043877
2045701
2047924
2049409
2049440
2049950
2050120
2051181
2051261
2051266
2051273
2051742
2052290
2052403
2052728
2052781
2052821
2053917
2054847
2056310
2056421
2057258
2057356
2057490
2057588
2057824
2058313
2058873
2059137
2059153
2059349
2059547
2059766
2059896
2060896
2061256
2061571
2061824
2065483
2067330
2067562
2069176
2069418
2069780
2071112
2071209
2071467
2071912
2071918
2072776
2072916
2073039
2073164
2074091
2075118
2075287
2075683
2077625
2077694
2078079
2078412
2080632
2080782
2081285
2082260
2083346
2084057
2085226
2085941
2086021
2086598
2086604
2086743
2087941
2087948
2089234
2091643
2093997
2094350
2094657
2095025
2096055
2096252
2096282
2098235
2098422
2098503
2098576
2098924
2099927
2101532
2103045
2103209
2103833
2105319
2106358
2106852
2108199
2109913
2110227
2111407
2111812
2112724
2114171
2114463
2116328
2117206
2117978
2119213
2119438
2119680
2120452
2123881
2125857
2126373
2126517
2126551
2127762
2128440
2129370
2130701
2130940
2131467
2131556
2132349
2133001
2133487
2133558
2134576
2134709
2135410
2136205
2136373
2136678
2136860
2137168
2138546
2139250
2139365
2140328
2140658
2142379
2142612
2142806
2143438
2143708
2143819
2144289
2146156
2146648
2146695
2147073
2148070
2148124
2149232
2149392
2149988
2152613
2154289
2154415
2155346
2156256
2156412
2156494
2156994
2157133
2159090
2159516
2159689
2160277
2160699
2161357
2162173
2162681
2162914
2163038
2163467
2163806
2165776
2165995
2166016
2166066
2166426
2166471
2166681
2167147
2167763
2167781
2168605
2168635
2169094
2170172
2171522
2171540
2172359
2173848
2173899
2174365
2176636
2176849
2178741
2178945
2179435
2180627
2180733
2181504
2182129
2182835
2182869
2184365
2184872
2185000
2186190
2187482
2188326
2189283
2191740
2192330
2192399
2194778
2195101
2195217
2196839
2197757
2198809
2198845
2199090
2199372
2199787
2199932
2201256
2201416
2201897
2202227
2202474
2203115
2203450
2205686
2206385
2206761
2207007
2208449
2208511
2208698
2209024
2209614
2209710
2210036
2210281
2210519
2210569
2211520
2211916
2213077
2213446
2213809
2213991
2214253
2214305
2214317
2214529
2214850
2215954
2216040
2216638
2217167
2217324
2217499
2217689
2218280
2218665
2220338
2220588
2221334
2221761
2221864
2224695
2225474
2225542
2225730
2225899
2226130
2226272
2226581
2226741
2227173
2227378
2227473
2229319
2231467
2233733
2233808
2233847
2234403
2234801
2234975
2236063
2236633
2236897
2237098
2237223
2237672
2237932
2238546
2240683
2240923
2241038
2242586
2243573
2245309
2245603
2245763
2246236
2246337
2246489
2246625
2247829
2250387
2250403
2251014
2251541
2252346
2254203
2254949
2255600
2257775
2259760
2260398
2260668
2260807
2261788
2263009
2264399
2265485
2265945
2265972
2266449
2266848
2268339
2269765
2269878
2270020
2270914
2272858
2272865
2272979
2273699
2273912
2274234
2274435
2274708
2274735
2275394
2275767
2276218
2277045
2278031
2278215
2278848
2278999
2279325
2279657
2280643
2281322
2282055
2283069
2283090
2284357
2284458
2284566
2286289
2287314
2287410
2289764
2290686
2291651
2294594
2295455
2296484
2297385
2297483
2297763
2298096
2300780
2301168
2302692
2302714
2303839
2304942
2307046
2307862
2308184
2314464
2314873
2317089
2317208
2317449
2318531
2319190
2319398
2319727
2320688
2321291
2321480
2323107
2325123
2327678
2328105
2328246
2329073
2331169
2331667
2333319
2333450
2333822
2333921
2334028
2334345
2335005
2335094
2335291
2336673
2336982
2338113
2338517
2340526
2340825
2341370
2342246
2342468
2342698
2343492
2343612
2344179
2344397
2345123
2345227
2345386
2345400
2346569
2346941
2347026
2347097
2347125
2347481
2347887
2348181
2348620
2349340
2349951
2351815
2351909
2352208
2353147
2353414
2353446
2353679
2355083
2355399
2357510
2358548
2359569
2359606
2359799
2359817
2361158
2361754
2362217
2362298
2362510
2363679
2363712
2365251
2365438
2365667
2366891
2367137
2367308
2367710
2367801
2368495
2368776
2369325
2369830
2369909
2369922
2371089
2371108
2371385
2374832
2377039
2377841
2378325
2378518
2378871
2380632
2380852
2380903
2381857
2381947
2382167
2382658
2382744
2383480
2383915
2384058
2384222
2386131
2386190
2387153
2387619
2388616
2388642
2390076
2390509
2391779
2392488
2392623
2393615
2393857
2394193
2395020
2396527
2396563
2399069
2399610
2399751
2399818
2400905
2401324
2402151
2402183
2402312
2402953
2404138
2404759
2404790
2405045
2405834
2406333
2406845
2409053
2409242
2409405
2411953
2412699
2413202
2413355
2415100
2415747
2416531
2416656
2416998
2417459
2417465
2418646
2419601
2419617
2420684
2420776
2422905
2423692
2424145
2426278
2427841
2428485
2428546
2428711
2428730
2429762
2432066
2434031
2434192
2434397
2436891
2437317
2440054
2440308
2440660
2441163
2441276
2442663
2444305
2444406
2444502
2444995
2445407
2445946
2447459
2447623
2447669
2447719
2448645
2449187
2450906
2452168
2452380
2454075
2456142
2457152
2458307
2458535
2459357
2459767
2459775
2459994
2460467
2461178
2461530
2463695
2463703
2466040
2466152
2466799
2467426
2467511
2467990
2468301
2468950
2469017
2469983
2470267
2470363
2470435
2470720
2471836
2472556
2472626
2472733
2473275
2473613
2474191
2474816
2476273
2477386
2477804
2478390
2478541
2478829
2479825
2480255
2480308
2481342
2481540
2481561
2481627
2484638
2484834
2484855
2484861
2485836
2486821
2489111
2489173
2490051
2490199
2490245
2490527
2491320
2492427
2492462
2492992
2493387
2494302
2496337
2497104
2499476
2500513
2501117
2501876
2502033
2502063
2502675
2503428
2503822
2504185
2504308
2504346
2504556
2504748
2505395
2507452
2508369
2509040
2509145
2509848
2510661
2512301
2513501
2513678
2515354
2515841
2516349
2516509
2517344
2517727
2517733
2518340
2518711
2520319
2522469
2522495
2523047
2523590
2524437
2524565
2526502
2527598
2528129
2529861
2529925
2529978
2530025
2531381
2531391
2531654
2534192
2534801
2537762
2537829
2537849
2540104
2541137
2541373
2541953
2542617
2542787
2542932
2543949
2544639
2546720
2546882
2547118
2548835
2549140
2549222
2549891
2551593
2551845
2553113
2553303
2553646
2553680
2555184
2556138
2556669
2557698
2557775
2558155
2558651
2558850
2559202
2559350
2559948
2560397
2560631
2563453
2564546
2564617
2564798
2565346
2566113
2566308
2566882
2566957
2567853
2568942
2569016
2569059
2569157
2569430
2569687
2570321
2570535
2570589
2571296
2571382
2571972
2572444
2573088
2574602
2574732
2575480
2575940
2576002
2578468
2578649
2580389
2580835
2580936
2584311
2584544
2584895
2585441
2585973
2586197
2587987
2589937
2590165
2590454
2590484
2591346
2592117
2592751
2593076
2593646
2593724
2593849
2595573
2596031
2596582
2596695
2596837
2598037
2598281
2598411
2598707
2600301
2600852
2601348
2602564
2602567
2602767
2602801
2604267
2606413
2607093
2610210
2610946
2611541
2613741
2614202
2614314
2614564
2614618
2615440
2616035
2617355
2617906
2618252
2618922
2619394
2619560
2620900
2621119
2621896
2622710
2622727
2623613
2623643
2624702
2627285
2628371
2628685
2629094
2629211
2629538
2631763
2632644
2632729
2633197
2635040
2635100
2635400
2635480
2637610
2637983
2638840
2639191
2639755
2640418
2641900
2641902
2642204
2642655
2643145
2643265
2645957
2646116
2646302
2646606
2646730
2647223
2648631
2648772
2650675
2652143
2653237
2654367
2654470
2654570
2654980
2656511
2656717
2656862
2658419
2658794
2658910
2658918
2659110
2659737
2661158
2661435
2662777
2663775
2664081
2665330
2666137
2666772
2667531
2667612
2669830
2670139
2670458
2671366
2671565
2671667
2673236
2673305
2673506
2674957
2676681
2678406
2678788
2678979
2680593
2681492
2681507
2682410
2683783
2684233
2687314
2687509
2687917
2690332
2692380
2692775
2693441
2693925
2694118
2696013
2696256
2696452
2696526
2696952
2697755
2700226
2700414
2700565
2702176
2702938
2703466
2704249
2704275
2705413
2705678
2706101
2707037
2707511
2707561
2708789
2710458
2710659
2711412
2711799
2711897
2711937
2712288
2712496
2712992
2713754
2714256
2715552
2715986
2716884
2717517
2718312
2719332
2721450
2722083
2722632
2722715
2722961
2723107
2723337
2724323
2724670
2724747
2724942
2725656
2725755
2726418
2728368
2729014
2729509
2729683
2730324
2730513
2731130
2731241
2732072
2733479
2734437
2735015
2735441
2736149
2736305
2737844
2740468
2740858
2741055
2741340
2741395
2743359
2744461
2746183
2746385
2748132
2748631
2748833
2749461
2749495
2751423
2752349
2752464
2753013
2753033
2753034
2753076
2753786
2754542
2755939
2756756
2757153
2758324
2758653
2759161
2759642
2760078
2760900
2761549
2762319
2762327
2763341
2763915
2764529
2766032
2766116
2766436
2767441
2768178
2768211
2768543
2768583
2769335
2769616
2769763
2770332
2770658
2771494
2771960
2772324
2774963
2775106
2776949
2777452
2778663
2778675
2778779
2778941
2780080
2780116
2780949
2781144
2781955
2782469
2783052
2783816
2785008
2785153
2785874
2786772
2786869
2787008
2787160
2788286
2789561
2790326
2791646
2792485
2793046
2793472
2793540
2795519
2796020
2796898
2797420
2798541
2799088
2800122
2800692
2801033
2801193
2802898
2803721
2805104
2806626
2808365
2808509
2809179
2810001
2810177
2810583
2810852
2812208
2812219
2812549
2812780
2812954
2813541
2814858
2815193
2815534
2815964
2817222
2817859
2818758
2820428
2822032
2822602
2824365
2824869
2825093
2825524
2825548
2825851
2826458
2826765
2826797
2827805
2828164
2828201
2829690
2829831
2831677
2831736
2831852
2832604
2832653
2832690
2833276
2834944
2835640
2835855
2835931
2836595
2836651
2836968
2837352
2837581
2837713
2837987
2838712
2839750
2840996
2841301
2842237
2843048
2843211
2843973
2844942
2845674
2846609
2847092
2849362
2850015
2850275
2850878
2852014
2852200
2852486
2852670
2853968
2853995
2854387
2854519
2856994
2857859
2858652
2859039
2860076
2860370
2860774
2861239
2861741
2863201
2863207
2864160
2864376
2864624
2865158
2865253
2866003
2866858
2866960
2870261
2870343
2872635
2873692
2874433
2874628
2875311
2875495
2875512
2875601
2875874
2875882
2875959
2876314
2878525
2880507
2882905
2883448
2883538
2883746
2884385
2885650
2886021
2886291
2887608
2887884
2888282
2888551
2891752
2892358
2894388
2894452
2895533
2895635
2896761
2897465
2897809
2897913
2897932
2898115
2898762
2898839
2899294
2899555
2900777
2902772
2903339
2903376
2905005
2905442
2905741
2905754
2906435
2906458
2907021
2907983
2908312
2913128
2913429
2913551
2914304
2915133
2915179
2915697
2916131
2916344
2916975
2917730
2918049
2918260
2918386
2919004
2919669
2922633
2922642
2923096
2923317
2923503
2924001
2925972
2926345
2926917
2928274
2928623
2929112
2929783
2932651
2933916
2934779
2934788
2934844
2935346
2935770
2935947
2936398
2936461
2936732
2937690
2937755
2938255
2938353
2938545
2938816
2939767
2940459
2940558
2940837
2940956
2942914
2944457
2944477
2944562
2944994
2946752
2946849
2947328
2947743
2947758
2949834
2950348
2952463
2952552
2952656
2954755
2954934
2956320
2958283
2958453
2958471
2958852
2960021
2960808
2962584
2963103
2963168
2964175
2964732
2967265
2968241
2968945
2969388
2969422
2970436
2970554
2971082
2971544
2972263
2972297
2974431
2976363
2976539
2976611
2976672
2976823
2976955
2977346
2977813
2977871
2978257
2978354
2978991
2979561
2980063
2980411
2980924
2981507
2984068
2984162
2984940
2985795
2985843
2986016
2986534
2987402
2987743
2988084
2989079
2991381
2991727
2992036
2992165
2993276
2993381
2993854
2994474
2995576
2995622
2995728
2996034
2996159
2996199
2996376
2997119
2997480
2999074
2999284
3003183
3004060
3004319
3005112
3005393
3005581
3005826
3006704
3008485
3008491
3010304
3011033
3011041
3011074
3011747
3011882
3012233
3012263
3012992
3014859
3017432
3017973
3017977
3019141
3019381
3019665
3019724
3021614
3022386
3022526
3028764
3029434
3029525
3030993
3031152
3033274
3033281
3035248
3035937
3036041
3036273
3036360
3036485
3036732
3038408
3039035
3039711
3039826
3040106
3041562
3042545
3042607
3042620
3043267
3043307
3044357
3045459
3045781
3048810
3049691
3049897
3050333
3050363
3051299
3051976
3052479
3052847
3053612
3055724
3056961
3058637
3058649
3059261
3059691
3059706
3061341
3063213
3063550
3063722
3064392
3064535
3064740
3064796
3065195
3066574
3069994
3070428
3070488
3070573
3071638
3071924
3072285
3073555
3074008
3075259
3076616
3078184
3078274
3079309
3080103
3080761
3081103
3082720
3084465
3084812
3084851
3085158
3086133
3086760
3086869
3087237
3087252
3088224
3088581
3089197
3089266
3090837
3090867
3092085
3092170
3092209
3092545
3096537
3097223
3097298
3097411
3097516
3098084
3098155
3098324
3099089
3100047
3100967
3101907
3102191
3102798
3103999
3105559
3106012
3107192
3109181
3110624
3114142
3114881
3115708
3116593
3117353
3117578
3118131
3118187
3119665
3119860
3121251
3121543
3122359
3124246
3124959
3125495
3125566
3126927
3127237
3127827
3127964
3128742
3130413
3130763
3130980
3134266
3134409
3135023
3135306
3135883
3138102
3138179
3139165
3139709
3141227
3141761
3141919
3142208
3143136
3143897
3145685
3145754
3146071
3147086
3147372
3148150
3148698
3148770
3149719
3150118
3150228
3150575
3151559
3152259
3152313
3153340
3154192
3154372
3154377
3155588
3155907
3156244
3157608
3157956
3158281
3158958
3159183
3159390
3159530
3160175
3160729
3161922
3162069
3162118
3162900
3163827
3163904
3165131
3165648
3166900
3167548
3167575
3167827
3167979
3168324
3168525
3170787
3171167
3171514
3171571
3172924
3173346
3173607
3173714
3173891
3174221
3174640
3175709
3176628
3176883
3177900
3181178
3181472
3182598
3182959
3183473
3183677
3183873
3184190
3184327
3184358
3185636
3185841
3185970
3187772
3188148
3189216
3190820
3190947
3192184
3192728
3193009
3194091
3194651
3195017
3195374
3196278
3196726
3197404
3198438
3198515
3199412
3199537
3200319
3200532
3201052
3201276
3201686
3202733
3204178
3207016
3207977
3208021
3208094
3208313
3209359
3209625
3209714
3210765
3211180
3211281
3211761
3211898
3212612
3213942
3213949
3215161
3215432
3215874
3216097
3216770
3216833
3216932
3218598
3219204
3219544
3220830
3220919
3221012
3224667
3225007
3225105
3225399
3225957
3226354
3226570
3227426
3227863
3227936
3228405
3229113
3229125
3229777
3230613
3230638
3231873
3232285
3232496
3232973
3233440
3233556
3234635
3236945
3237360
3237442
3238396
3239193
3239328
3240394
3240752
3240785
3241584
3242448
3244864
3246225
3246424
3246662
3247022
3247640
3247988
3248631
3249986
3250460
3250753
3252330
3253307
3253766
3254557
3254791
3255425
3255775
3256101
3256152
3256810
3257768
3257957
3258762
3259722
3260312
3260489
3260927
3261262
3262333
3262691
3264313
3264595
3264796
3265679
3265826
3265931
3266202
3266249
3267220
3267573
3267665
3267970
3268119
3268747
3269517
3270485
3271432
3272373
3273033
3273470
3275255
3275274
3276507
3276564
3276593
3276598
3276899
3276977
3277058
3278224
3278577
3278941
3278980
3279470
3279944
3280641
3280662
3282109
3282324
3282605
3283156
3283465
3283647
3283851
3284090
3285117
3285865
3286466
3287365
3288542
3292576
3293587
3293721
3293845
3293939
3293969
3293998
3294235
3294442
3295306
3295416
3295602
3296299
3296509
3297209
3300099
3304326
3306043
3306149
3306357
3308209
3308813
3308818
3308871
3309510
3311393
3311728
3312349
3312458
3312889
3313233
3314397
3314527
3316858
3318399
3318584
3319734
3320087
3321590
3323325
3324339
3324835
3326018
3326268
3327122
3327510
3327888
3328212
3328776
3329474
3329482
3330484
3330674
3330939
3330966
3332230
3333476
3333598
3333811
3333885
3334479
3334836
3336401
3338434
3339383
3339795
3340850
3341846
3344419
3344644
3345250
3345311
3345455
3348711
3349833
3350003
3350189
3350405
3351319
3351848
3351985
3353467
3353836
3355747
3357896
3358192
3359181
3361525
3361891
3361945
3362642
3363210
3363459
3364198
3364446
3364561
3366335
3368120
3368494
3368666
3368715
3370561
3371843
3372133
3372602
3372798
3374194
3374749
3375259
3375298
3375870
3375901
3376101
3379113
3379828
3380541
3381517
3381825
3382105
3383022
3383081
3383309
3383577
3384704
3385806
3386451
3386838
3388584
3389424
3391351
3391490
3392568
3394020
3394270
3394279
3396013
3397225
3397304
3397423
3397921
3398820
3399147
3400175
3400680
3401555
3402095
3402949
3403391
3404029
3404167
3404323
3404577
3405523
3408799
3408874
3408897
3409243
3409917
3410062
3410591
3410621
3410963
3411112
3411297
3412947
3412969
3414848
3415401
3416512
3417081
3418049
3418313
3418772
3419940
3420256
3420541
3421953
3422589
3423810
3424690
3426281
3426596
3427589
3428115
3428277
3428719
3429043
3429621
3430167
3430448
3432008
3432317
3432466
3434392
3434464
3435602
3435946
3437491
3439208
3439635
3440565
3440809
3441199
3441480
3443207
3443926
3444433
3444590
3444774
3446060
3446716
3447092
3447230
3447747
3448659
3448745
3449393
3449780
3451965
3454210
3455160
3456232
3456367
3457062
3459070
3459582
3459701
3460514
3465466
3465761
3465891
3467161
3467193
3467922
3469123
3469604
3473271
3474517
3478113
3478177
3478953
3479878
3480378
3480894
3481496
3481653
3482469
3482558
3483677
3483865
3484422
3484518
3484831
3484975
3485235
3485728
3486803
3487598
3488567
3489029
3489596
3490056
3491435
3491452
3491819
3492495
3492683
3493074
3494595
3496765
3497232
3497654
3498634
3498944
3499123
3499647
3501067
3501108
3503021
3504301
3505602
3506195
3506531
3506748
3507895
3509081
3510001
3510084
3510830
3511336
3511768
3511993
3512968
3513575
3513651
3513915
3515402
3516067
3516625
3517108
3517278
3518115
3518945
3519923
3520039
3520145
3520329
3521578
3523185
3523516
3523795
3525204
3525266
3525790
3526720
3526987
3527115
3527713
3527848
3528320
3529215
3529707
3529958
3529961
3530004
3530759
3533686
3533980
3534611
3534918
3535197
3535542
3536133
3536978
3537094
3538501
3538568
3539540
3539553
3539745
3540140
3540164
3540176
3540477
3540717
3542208
3542757
3543783
3544176
3544463
3545670
3546796
3547125
3547625
3549029
3549866
3551160
3553141
3554669
3554763
3554772
3555193
3555519
3556254
3557270
3558666
3558825
3560113
3560160
3560169
3562697
3563775
3566438
3566672
3567173
3571209
3571537
3572509
3572929
3575211
3575321
3575986
3576216
3577241
3577298
3577480
3577970
3579410
3579462
3579795
3579928
3580390
3580632
3581654
3582582
3583181
3583558
3584836
3587160
3587798
3589044
3589151
3589377
3589967
3590941
3593000
3594973
3595066
3595857
3596474
3596607
3597181
3598280
3599304
3600176
3601835
3601894
3602243
3603088
3603521
3603954
3607101
3607117
3608073
3608547
3609051
3610270
3610318
3611477
3611677
3612011
3612149
3614859
3615954
3616634
3618186
3618500
3619486
3619720
3620068
3621111
3621371
3621431
3621828
3621840
3622588
3623608
3624114
3624342
3624762
3625389
3625597
3626159
3626233
3626516
3627505
3627668
3627793
3628504
3628572
3631502
3631510
3633069
3634095
3634336
3634417
3634976
3637395
3638501
3641436
3642221
3642734
3642766
3643107
3643704
3643914
3644405
3644768
3645348
3645774
3645923
3646440
3647301
3648253
3648274
3648341
3649646
3651304
3651346
3653048
3653492
3654295
3654475
3654989
3655512
3656151
3656228
3657934
3658146
3658451
3659866
3660129
3660985
3662324
3662347
3663792
3664559
3664812
3664922
3666559
3666656
3667611
3668234
3668252
3668840
3669956
3671855
3672728
3673542
3673590
3674073
3674568
3674785
3675000
3676053
3676084
3678926
3679307
3681177
3681696
3682263
3683302
3684576
3684647
3684969
3686233
3686824
3688097
3690095
3690428
3690630
3690817
3692030
3692536
3692544
3692726
3693040
3693078
3693170
3693226
3693309
3694148
3694300
3694500
3696474
3696762
3696781
3696864
3697190
3697274
3697513
3697643
3698327
3699217
3699318
3699337
3699406
3699976
3700434
3701119
3702894
3703318
3704108
3705236
3705695
3706197
3706282
3707125
3708298
3708315
3708714
3710046
3710149
3710151
3710225
3710248
3711393
3713160
3713282
3714280
3715801
3717348
3718951
3719324
3720438
3720812
3721817
3722312
3723486
3723808
3724700
3725293
3725808
3726417
3726975
3728581
3728847
3730608
3730657
3730817
3730875
3732535
3732700
3735171
3735857
3736346
3736704
3736803
3737718
3738711
3741608
3742680
3742686
3742775
3742941
3743266
3743610
3743777
3745052
3745617
3746081
3746620
3746769
3746845
3747736
3748177
3748923
3748967
3749674
3750355
3750390
3750542
3750818
3753253
3754130
3754852
3754938
3755489
3757456
3758435
3759202
3759274
3759805
3759873
3761014
3761518
3761529
3762011
3762555
3762816
3763009
3763662
3763978
3764505
3766375
3766439
3766958
3768480
3770758
3770907
3771731
3772623
3773236
3773267
3773821
3775803
3776369
3777101
3777163
3777797
3777850
3778435
3778871
3781690
3781775
3783100
3783162
3784396
3786228
3786233
3786582
3787845
3788179
3788993
3789458
3789579
3789585
3792085
3792283
3793231
3794186
3794526
3796297
3796638
3797424
3798971
3799244
3801107
3802750
3803599
3804392
3805260
3805410
3805628
3806910
3807135
3808332
3809561
3812351
3812984
3813730
3814083
3814339
3814827
3815479
3815684
3815873
3816162
3816535
3817226
3817835
3818745
3819167
3819350
3820188
3820218
3821610
3822358
3822437
3822897
3824888
3825575
3826236
3826326
3826568
3826954
3827043
3827453
3828975
3829229
3830415
3830613
3830938
3831657
3831832
3832816
3833475
3833642
3833976
3834343
3834973
3835578
3835922
3837681
3837795
3839150
3840817
3841266
3841437
3841860
3842001
3842981
3844136
3844978
3846184
3846324
3846616
3847473
3847791
3847832
3849359
3850171
3850666
3851329
3851397
3851837
3852997
3853258
3853340
3853985
3853994
3854090
3854145
3854162
3854828
3855639
3855959
3857556
3857785
3858480
3858970
3859646
3860456
3861289
3862703
3864590
3865784
3866959
3867335
3868358
3868526
3869940
3870665
3872389
3874416
3877532
3878176
3878416
3878419
3878953
3879762
3880448
3880681
3881296
3883163
3883935
3884679
3885652
3885965
3886267
3886951
3887125
3887319
3887617
3887727
3887741
3888842
3891844
3892227
3892555
3892681
3894878
3894939
3895257
3895687
3895793
3896584
3897268
3898789
3899241
3900275
3900558
3900564
3904917
3904974
3905247
3906335
3906619
3909166
3910009
3910114
3911518
3911772
3912251
3914425
3917277
3918865
3920719
3922061
3922928
3922978
3923148
3924523
3924927
3925824
3926117
3926449
3926569
3927428
3928123
3928309
3929412
3929866
3932335
3933336
3934157
3935181
3935985
3936772
3939103
3939183
3939304
3939504
3940492
3941886
3942919
3943777
3945320
3945475
3945911
3946769
3946850
3946902
3947020
3947616
3948414
3948645
3948879
3950412
3950525
3950712
3950736
3951742
3951808
3951918
3951983
3953770
3954276
3955410
3955731
3956227
3956682
3956883
3957177
3957358
3958237
3958607
3958944
3959397
3959855
3960329
3960914
3961433
3961541
3963864
3964508
3965432
3965897
3966120
3968148
3968905
3970737
3971637
3971661
3971838
3972436
3972722
3973504
3974952
3975040
3975215
3975333
3976471
3977410
3977770
3978998
3979325
3979624
3982402
3982879
3984598
3985004
3985255
3986359
3987068
3987661
3987858
3988744
3991198
3991323
3991459
3991632
3992588
3992639
3992715
3992729
3993399
3993679
3994537
3995356
3995449
3996700
3998040
3998277
3998512
3999053
4000047
4000105
4002933
4003498
4004976
4005448
4005506
4005911
4005939
4006691
4007937
4008350
4008449
4008807
4011351
4011785
4012269
4012635
4012828
4014444
4014555
4015143
4017566
4017773
4017851
4018757
4018822
4021056
4021332
4021342
