817
941
1574
1808
1812
2912
3294
4139
4341
5884
6717
7362
9641
9744
10902
11804
12015
12261
12326
12691
12702
12728
12823
12945
14503
15152
16616
17029
17183
18027
18420
18913
19277
19391
19486
19866
20037
20178
20356
20422
20911
21584
21650
22168
22595
22925
23348
23856
24026
24184
24399
24744
25145
26147
26199
26248
26690
27159
27503
27534
28342
30276
30418
30466
30677
31033
31326
31332
31517
32873
33199
33871
33887
33960
33988
34029
34800
35454
36147
37107
37224
37248
37465
37518
37553
37690
37714
37885
37985
38339
38528
39058
39088
40189
40220
40886
41647
41995
42117
42255
42362
42605
42747
43823
43933
44670
44829
44878
46288
46982
47420
48385
48711
49340
49777
50195
50933
51631
52186
52190
52305
53512
54470
54859
55520
55918
56242
56832
57098
58616
59347
59360
59490
60149
60449
60570
60596
61389
62511
63016
63589
63700
63735
64837
65150
65615
66376
66380
67056
67488
67574
68067
68631
69080
69538
69545
71009
71025
72047
72258
72385
72647
75213
75296
75492
75598
75695
76290
76763
76851
77485
77531
77700
78865
79222
79664
79813
79927
79946
81134
81881
82026
82113
82342
82711
83222
84796
85041
85266
85527
85874
86944
87276
87598
87852
88182
88468
88480
89894
90551
90872
90941
92338
92874
93011
93143
94738
94796
95846
95854
96151
96274
96445
96560
96675
97615
97637
97746
98196
99088
99285
99480
100310
100567
100763
101169
102047
102637
102924
103888
103967
104000
104366
105105
105174
105228
105263
105385
107497
107862
108078
108319
108868
110040
110170
110810
111365
111534
111552
112196
112200
112905
113223
113324
114551
114845
115984
116209
118368
118481
118615
118668
118908
119234
119496
120169
121633
122088
122801
123325
125028
125905
127171
127226
128546
128855
129268
129658
129826
130962
131113
131312
131521
131841
131895
132707
133891
134592
134699
134968
135310
136902
137289
137456
137657
137944
139567
140389
141150
141908
142080
142680
142852
143203
143538
143840
144083
145418
145438
145775
146310
147914
147944
148739
149416
150017
150691
150692
151026
151426
151977
152761
153144
153486
153596
154140
154178
155984
156316
156928
157562
157651
157898
158013
158607
159072
159076
159098
159109
159907
160178
160508
161443
161663
161674
161779
161970
162462
163203
163260
165458
165658
165814
166039
166497
167292
167627
167779
168521
168596
169440
169758
170279
171220
171396
172291
172542
173132
173384
174727
175164
175178
175529
175685
175942
176156
176393
178819
179690
180129
181505
181880
182713
183258
183560
183697
186671
186916
187422
187786
188197
189588
189877
190060
190089
190597
190847
191309
191453
191677
191875
192108
192267
192288
193344
193361
193376
193696
193912
193952
193957
194419
194641
194969
195524
195829
196369
197253
197280
198245
198311
199724
199824
199895
200307
200422
200637
200729
201144
201552
201908
202593
203021
203274
203781
205246
205592
206969
206989
207104
208036
209782
209890
211157
212335
212542
212901
212930
213142
213709
213869
213885
213901
214419
214703
215109
215581
215869
216269
216687
218276
218639
218921
219483
220329
220566
221074
221328
221622
222698
222711
223229
224109
224509
225386
228850
228866
229598
230379
230646
230760
230767
231378
231769
231814
232056
232371
232499
232547
233302
233583
233647
234824
235005
237312
237732
237955
238474
238838
238967
239072
239545
239737
239744
239963
240944
241460
242256
242879
243516
244821
245557
245637
245696
245926
247679
248154
248196
248395
248855
248936
248950
249331
250840
250850
250967
251767
252150
252270
253140
253402
253525
253628
253653
254133
254526
254949
256219
256560
256654
257255
257442
257839
259079
259147
259319
259465
259748
260016
260550
260904
260941
263766
264418
265421
266319
268006
268736
268946
269313
269523
269744
269809
270761
270898
271012
271288
271681
272477
272484
273509
274174
274945
274986
275457
275482
275707
276186
276188
276386
276558
277142
277272
278036
279494
279833
280164
280251
280303
280584
281082
281108
281509
282509
282545
283161
283372
284733
284834
284839
285075
285239
285971
286252
287298
288278
288450
288978
289168
289865
290076
290198
290352
290478
290635
291680
291995
292552
292580
292651
292697
292816
292835
293786
294655
295241
295834
295910
296436
297156
297179
297534
297581
297888
298099
298564
298917
299076
299211
299377
300315
301623
302871
303339
304483
304773
305404
305643
305690
305771
305785
305874
306972
307104
308000
308137
308265
308419
308899
308950
309822
310265
310868
311132
311159
311511
312661
313741
313789
313842
314127
315364
315644
318120
318282
318390
319475
319518
320040
320299
321022
321281
321443
321652
322214
322294
323325
323650
323710
324338
325060
325478
326447
327596
328251
328646
328920
329737
331348
331421
331428
331589
331644
331779
331853
332287
332733
333185
333633
334273
334896
334970
335102
335348
336383
336495
336540
336858
337571
337608
337751
338701
340097
340152
340481
340894
341246
342572
343048
343758
343975
344143
344224
345200
345730
345773
345878
347136
348157
348191
348379
348521
348833
349535
349910
349935
350174
350308
350764
351532
352304
352432
352760
352847
353086
353254
353343
354370
354454
354464
355743
356117
356128
356645
356655
357704
358030
358431
358680
358797
359137
359522
359705
360457
360623
360752
361431
362164
362504
362509
362921
362985
363268
363324
363380
363653
363866
363942
363956
364508
364663
365530
365607
366022
366297
366473
366493
367672
367696
367786
367897
368078
368241
368463
368937
369184
369939
370265
370421
370513
370611
371110
371468
371628
371724
372344
372796
373180
373769
375296
375458
375712
379024
379423
379808
380195
380412
380818
380998
381566
382854
384864
385121
385914
386017
386702
386949
387302
387351
387480
387641
387655
387809
387919
388145
388307
388351
389328
389358
390920
390926
391433
392289
392482
392526
392677
393738
394345
394466
394854
395130
398427
398479
398580
398689
399054
400170
400212
401450
402070
402108
402377
404225
404350
404796
405021
405086
405416
405638
405825
406913
407097
407127
407456
407772
408836
409242
409301
409393
409445
410028
410070
410738
410888
411540
411880
412326
413636
413790
414111
414841
414882
415545
415904
416859
416906
416910
417714
418026
418854
419230
420162
420361
421090
421727
422522
422762
423086
423267
424163
424366
425841
426122
426703
426765
427709
428144
428523
428950
429258
431978
432041
432122
433285
433286
433464
434143
434803
435243
435448
435879
436549
437172
437238
437881
437903
438490
439456
439767
439899
440037
440483
441811
442134
442414
443064
443067
443562
443942
444573
444912
446534
446993
447367
447635
448146
449409
449514
450193
450940
451433
451674
452507
452603
454008
454764
455578
455950
455951
456652
457642
457984
458192
458481
458603
459194
459703
460246
460973
461121
461552
461627
461868
461926
462185
462378
462380
462942
463458
463904
464445
464817
464833
465040
466440
467266
467591
467978
468298
468672
469579
469641
469961
471065
471269
471556
471729
472386
472544
472618
473625
474521
474657
474696
474869
475530
475806
476154
476332
476557
477261
477505
478450
479277
479417
480026
480472
480499
480771
480875
480944
481310
481692
483636
483751
484175
484928
485154
485419
485735
485837
486036
486331
486892
487238
488180
488342
488444
488795
489284
489691
489883
490374
491689
491924
492207
492802
492863
495594
496127
496669
497102
497348
497367
498381
498416
498674
498894
499151
499350
500006
500153
501470
501775
501928
502522
502655
503303
503549
503553
503995
504720
506099
506795
507067
507394
507399
507546
507709
508575
509026
509141
509642
509853
510101
510677
511250
511676
511749
512316
512970
513340
513559
514529
514667
515880
516447
516966
517616
517628
517929
518428
519484
519559
519865
520111
520594
520729
520745
522674
523000
523404
524803
525130
526150
526571
527434
527653
527911
528061
528871
529821
530412
531681
533242
533353
533376
533579
535127
535299
536385
538467
538482
538908
539890
539930
540729
540958
541127
541368
541378
541868
542230
542298
542446
542656
543180
543306
543555
544216
544546
544563
544580
544677
545000
545664
545827
546048
546148
546695
546805
547731
549079
549490
549502
550564
550607
550810
552920
553029
553451
553691
553968
554134
554334
554478
554979
555112
555213
556179
558638
558866
559518
560354
561743
561774
561835
563375
563513
563725
564283
565329
565581
565822
566756
567769
567836
568061
568114
568162
568218
568298
568770
569394
570518
571397
571677
571984
572686
573290
573302
573330
574204
574673
574826
575073
575222
575782
576004
576104
576694
576979
577939
577997
578467
580381
581549
581568
581859
582067
582210
583170
583402
583533
584107
584318
584887
585822
586494
586616
586717
587229
587242
588104
589037
589040
589555
590176
590440
590519
590647
591102
591572
591599
592463
592832
593533
593876
594409
594543
596062
596188
596299
596389
597193
597643
597930
598281
598523
598704
598865
598954
599392
599587
599655
599802
599878
600318
600442
600826
601138
601756
602673
602693
602912
602993
603209
603936
604157
604546
605176
605591
605649
606671
606685
607057
607317
607443
607619
608043
608903
610013
610971
611222
611600
611684
612705
612711
613285
613328
613392
614033
614229
614521
615046
615103
615144
615845
616865
617610
618108
618384
618459
618573
619100
619337
620001
620016
620200
621083
621880
622212
622292
624371
624792
624893
624926
625079
625166
626437
626561
626650
626860
627145
627227
628578
628799
629103
629346
629500
629708
630072
630622
630888
631234
632844
633247
634941
635458
635764
636667
636953
637213
637288
637414
638245
638353
638855
638950
639135
639200
639268
639384
639689
640168
640345
640780
641209
641503
641670
641770
641858
642159
643738
644244
644295
644932
644986
645326
645662
645687
646281
646640
647143
647392
647691
648318
648440
649461
651911
652657
653487
654101
655703
655760
656180
657233
657842
657973
658739
658761
658827
659035
659210
659549
659639
660639
660681
662119
662148
662866
662900
663199
663502
664664
664824
665393
665686
666132
666400
666497
666524
667058
667079
667790
667886
668326
668489
668841
669063
669855
670227
670888
671963
672429
672477
672519
672638
672860
673352
674627
674663
674924
675045
675179
675367
676421
676490
676645
677135
677503
677918
678002
678088
678701
679009
679462
679601
680943
681711
681746
681800
681932
682436
682535
682571
682960
683114
683915
684072
684598
684904
685188
685637
685656
685783
686123
686513
686617
687300
687790
687888
688066
689208
689363
689712
689915
690810
691724
692409
692512
692955
693132
693782
693867
694301
695264
695710
696937
697099
698414
699230
699967
700127
700784
701089
701392
701471
701529
701550
701601
702196
702228
705146
705800
706679
706694
707194
707429
707938
708140
708186
708532
708869
709509
709647
709775
711636
712070
712191
712352
712445
712682
712900
713099
713257
713532
713666
713987
714218
714494
715752
716625
716659
716969
717625
717718
717956
718412
718820
719083
719644
719745
720672
721084
721196
721258
721679
721779
721975
722097
722667
723125
723200
724813
725211
725610
725806
726639
728211
729607
729677
730895
731728
731820
732089
732823
732931
732991
733583
733643
734563
734752
735432
735768
736776
736909
737154
737465
737589
737630
737767
738123
738411
738952
739752
739900
741719
742126
742238
742365
742391
742744
742887
743221
744492
744591
744654
745584
746083
746599
746767
747165
747692
747802
748954
749249
749335
749441
749824
749921
750641
750763
750810
750936
751182
751465
752385
752660
752807
752841
753840
754059
754359
754717
755057
756248
756895
757329
757886
758081
758999
759680
759840
761000
761335
761415
761948
762258
762782
763213
764127
764463
764498
764616
764841
764935
765912
766174
766446
766595
766645
767115
768113
768258
768677
768741
768746
768771
768920
769706
769800
769811
769826
770917
771275
771282
771527
771867
774463
775638
775660
775742
776306
776787
776940
777114
777266
777268
778370
778443
779504
779827
780309
780734
781199
781460
782433
783535
784400
784950
786281
786724
787428
788219
789110
789596
789622
789936
790267
790707
790953
791120
791702
791961
792008
792131
793376
794131
795197
795334
795379
795439
795662
795749
796891
797895
798625
799050
799531
800065
800956
801289
801407
801444
803403
803797
804698
805022
806178
807565
808277
808330
809547
809581
809936
810545
810671
810914
811108
811353
811631
811735
811852
811897
812804
815026
815193
815752
816068
816385
816898
817257
817536
817749
818461
818642
818886
818992
819515
820105
820707
820977
821512
822045
822262
822442
823213
823878
824036
824963
824966
825049
825303
825921
826051
826230
826283
826372
826738
827051
827591
828755
828839
829579
830338
831213
831747
832344
832464
832872
833312
833773
834355
834701
834746
834760
835441
835662
836256
837297
838914
839774
840563
840777
841443
841622
841890
842052
842215
842555
842723
844982
847520
847540
847638
848027
848084
848198
848422
848500
849274
849393
849432
849508
850482
851125
851299
851529
851706
851842
851845
852717
852965
853060
853068
853729
854247
854485
854510
854683
854745
855130
855191
855545
855609
856635
856758
856828
857216
857406
857590
857636
857645
857919
858468
858569
858842
859563
859751
859786
860558
860611
860617
861530
861628
861699
861917
862085
862122
862329
862551
862823
863788
863907
864330
864460
864521
865199
865820
866151
866266
866874
866926
866949
868081
868807
869370
869744
869869
870205
870341
870608
870798
871385
871398
872001
872343
872730
873841
874684
874713
875115
875310
875349
875693
875697
875927
876227
876233
876584
876802
876821
877225
877340
877412
878040
878127
878197
879729
879941
880403
880544
880654
881202
882139
882625
883537
883821
884328
885181
885404
885903
886261
886559
887718
888147
888544
888842
889188
889875
889953
889956
890141
890168
892193
893018
893669
894521
894975
895272
895551
895996
896478
896659
897038
897213
897949
899609
899633
899733
900048
900644
900842
901247
901358
901435
901736
902382
902421
902475
902722
902822
903601
903844
904005
904021
904974
905004
905497
905646
906624
907011
907269
908676
908827
909278
910157
912458
912891
913228
913598
913730
913750
914138
914168
914685
914795
914979
916367
916691
917009
917573
917664
917867
918197
918895
918934
919270
919608
920647
920939
921168
921342
922910
923731
925217
925276
926742
926863
927266
927512
927803
928949
929173
929437
930674
930823
931537
931684
931962
932317
932581
932666
933037
934288
934944
935966
936757
936991
937202
937807
938079
938821
939146
939271
939611
940611
940624
940672
942123
942216
942226
942376
942415
942430
942595
943075
943282
943491
943680
943761
943908
944106
944713
944852
945148
945151
945900
946086
946116
946141
946606
946924
946999
947021
948306
948834
948956
949079
949648
950286
950333
951294
951408
951707
952019
952206
952447
952824
953481
954710
955292
955496
956466
956620
956752
957093
957617
957915
958032
958178
958233
958380
958535
959135
959162
959503
959780
959868
960118
960200
960408
960475
960587
961150
961231
961832
962548
962853
962941
963192
963204
963332
964102
964709
965431
965889
966320
966907
966980
967028
967248
967646
967769
967938
968194
968937
969532
970513
970623
970965
970967
971048
971221
971255
971385
972160
972485
972632
972808
973862
974629
974708
974724
974751
974793
976265
976729
977150
977458
977516
977750
978561
978772
979690
980778
981403
981578
981608
982494
984075
984561
984831
984833
984875
985793
986430
986827
987840
987849
988253
989224
989320
990115
990128
990310
990444
990492
991050
991552
991731
992559
992658
992687
992929
992975
993358
994497
995031
995073
995265
995679
996553
996667
996818
996845
997530
997728
998931
1001604
1002067
1002556
1003817
1004471
1005135
1005498
1005599
1006466
1006807
1007218
1008140
1008799
1009405
1009637
1009831
1010199
1010854
1011636
1013524
1013763
1013976
1014080
1014100
1014790
1014855
1015507
1015821
1015860
1015899
1016150
1016336
1017570
1017920
1017998
1018131
1018148
1018511
1018520
1018921
1019397
1020550
1021092
1022594
1022636
1022722
1023086
1023615
1024708
1025152
1026355
1026870
1027130
1027266
1027804
1028187
1028518
1029124
1029169
1029244
1030538
1030869
1032479
1032587
1034291
1034510
1034683
1034766
1035193
1036108
1036339
1036547
1037437
1037445
1037518
1038433
1039100
1039494
1039503
1040345
1040843
1040965
1041171
1042857
1043883
1044075
1044714
1044945
1047018
1047782
1048327
1048497
1048611
1050517
1050840
1052438
1052813
1053028
1053128
1053267
1053570
1053723
1053766
1053786
1054107
1054398
1055416
1055666
1055901
1056467
1056492
1056660
1058314
1060096
1060221
1060681
1060801
1060950
1061347
1061851
1061997
1062003
1062349
1063052
1063723
1064116
1064224
1064502
1065242
1065300
1066075
1066399
1066554
1067507
1068023
1068725
1068770
1069351
1069809
1069951
1070777
1071643
1072283
1072295
1072559
1072725
1073145
1073160
1073306
1074607
1074611
1075163
1075297
1075525
1075587
1075620
1076901
1077747
1078530
1078692
1080117
1080930
1081225
1081435
1081621
1081960
1082361
1082370
1082505
1082877
1083387
1083527
1084565
1085457
1085888
1086672
1087007
1088387
1088426
1088660
1088854
1089623
1090121
1090313
1090777
1090954
1091156
1091197
1091310
1091525
1091635
1091751
1092269
1092294
1092325
1092732
1093924
1093930
1094640
1094859
1095017
1095150
1095176
1095639
1096304
1096678
1096913
1098582
1099483
1099737
1100078
1100379
1100704
1100879
1101239
1102094
1102406
1102408
1102560
1102676
1103178
1103818
1104312
1104448
1104560
1104767
1105189
1105893
1105920
1106040
1106142
1107671
1109347
1109730
1111528
1111835
1112072
1112440
1112979
1113468
1113658
1113761
1113815
1114231
1114680
1114730
1116497
1116775
1116792
1116936
1117091
1117141
1117907
1118431
1118472
1118617
1119899
1120005
1120844
1120983
1121590
1121912
1122844
1122949
1123433
1124026
1124705
1125522
1125526
1125622
1125670
1126075
1126518
1126817
1126829
1127057
1127485
1127486
1128167
1128832
1129311
1129756
1129773
1129782
1130582
1131390
1132144
1132373
1133126
1133750
1134132
1135828
1135956
1136033
1137141
1137261
1137675
1137865
1138055
1138126
1139274
1140025
1140135
1140506
1141033
1141130
1141271
1141401
1142379
1142701
1143107
1143558
1143638
1143775
1144282
1144339
1144538
1144568
1144831
1144973
1145321
1146077
1146678
1146957
1147762
1147944
1149670
1150011
1150371
1151531
1151643
1152744
1153318
1153560
1154263
1154378
1154410
1154454
1154977
1155005
1155221
1155918
1157170
1157213
1158694
1158730
1158786
1158895
1159449
1159876
1160112
1160295
1160346
1161012
1161037
1161267
1161484
1161541
1162659
1163079
1163587
1163814
1164781
1164972
1167547
1167721
1168245
1168345
1168467
1169361
1169773
1169918
1170099
1170404
1170619
1171062
1171184
1171533
1172393
1172532
1172771
1172773
1173128
1173200
1173313
1174187
1176769
1176962
1177631
1177746
1178253
1178616
1178676
1178963
1179028
1179033
1179392
1180446
1181139
1181244
1181475
1181492
1181586
1182326
1184408
1184663
1185085
1185869
1186990
1187807
1187949
1188157
1188452
1188537
1188825
1189053
1189060
1189277
1189353
1189692
1190070
1190430
1190614
1190931
1191319
1191391
1191736
1192932
1193137
1193619
1193993
1195220
1195720
1197428
1198212
1199297
1199479
1199677
1200034
1200175
1200228
1200403
1201395
1202006
1203162
1203559
1204057
1204263
1204706
1204805
1204960
1205680
1206162
1206856
1208139
1208736
1208994
1209164
1209216
1209305
1209719
1210236
1210289
1210622
1210694
1211186
1211773
1212856
1213058
1213145
1213482
1214373
1215900
1216146
1216148
1216356
1216435
1216706
1217701
1217946
1218710
1219350
1219390
1219407
1219667
1220037
1220422
1221207
1222131
1222324
1222370
1222528
1222573
1222755
1222809
1222898
1223167
1223820
1223958
1224477
1224990
1225023
1225098
1225550
1226370
1227999
1228524
1228906
1229083
1229166
1229175
1229306
1229533
1229552
1229553
1229563
1229618
1229962
1231093
1231226
1231381
1231533
1232369
1233294
1234223
1234755
1235020
1235378
1235431
1235772
1235937
1236061
1236066
1236927
1237812
1237863
1238010
1239838
1241099
1241754
1241892
1242601
1242959
1243098
1243736
1243987
1244289
1244814
1244935
1245196
1245498
1246866
1247110
1247140
1247180
1247383
1247526
1247626
1248026
1248648
1249136
1249361
1249427
1249832
1250056
1251521
1251797
1253487
1253585
1253689
1253706
1254414
1254509
1255386
1255408
1255770
1257123
1257343
1258161
1258595
1259481
1259905
1260418
1260445
1260738
1262824
1263227
1263249
1263529
1263999
1264216
1264284
1264322
1264697
1265445
1265581
1265893
1267261
1268635
1269849
1270324
1271524
1272274
1272311
1272319
1272333
1272355
1272387
1272598
1273604
1273687
1273938
1274021
1274210
1275651
1275703
1276538
1276870
1277207
1277559
1277966
1278376
1278767
1279002
1279041
1280260
1280410
1280908
1280974
1281745
1283253
1283873
1285163
1285726
1285960
1285974
1286653
1286938
1288603
1288864
1289584
1289941
1290174
1291057
1291143
1292459
1292611
1293639
1294344
1294602
1294985
1295044
1296052
1296117
1296359
1296980
1297992
1298045
1298474
1298855
1298999
1299965
1300503
1300807
1301721
1302303
1303778
1303918
1304015
1304974
1305136
1305343
1305789
1306113
1306361
1306791
1307090
1307450
1308112
1309296
1311777
1312290
1312859
1313015
1313027
1313356
1314375
1314704
1314891
1314897
1315078
1315484
1315626
1316587
1316592
1316921
1318227
1318510
1318673
1318710
1318927
1319655
1319746
1319985
1320591
1320597
1321396
1321532
1322055
1322378
1322471
1322818
1322857
1323082
1323144
1323560
1323675
1324481
1325163
1325420
1325452
1326345
1326622
1326720
1327692
1327768
1327854
1328892
1329568
1329671
1330049
1330124
1330503
1331139
1331523
1332456
1333530
1333801
1333879
1334294
1334296
1334590
1336149
1336705
1336935
1337020
1338364
1338470
1338998
1339067
1339325
1339424
1339584
1340239
1340324
1340590
1340866
1341677
1342195
1342355
1342510
1343618
1343667
1345035
1345249
1345300
1345397
1345434
1345444
1345762
1346483
1346692
1346974
1347917
1347982
1348679
1348966
1349413
1349547
1349708
1350086
1352936
1353122
1353827
1353877
1355633
1356494
1356854
1357036
1358146
1358194
1358285
1358756
1359198
1359458
1359819
1360139
1361490
1361578
1361734
1362222
1362314
1363095
1363632
1363911
1364017
1364180
1364188
1364705
1365075
1366497
1367614
1367795
1368396
1368588
1368594
1368765
1370934
1371239
1371436
1372264
1372593
1372624
1374067
1374563
1374627
1374635
1374644
1374654
1374735
1375112
1375862
1375918
1376074
1376318
1377568
1377609
1377783
1378482
1378747
1379246
1379263
1380102
1380354
1381610
1382079
1382560
1382747
1383367
1383582
1384302
1384356
1384360
1385829
1386606
1386683
1386787
1387038
1387298
1387585
1387972
1388061
1388897
1388969
1389403
1389745
1390460
1391057
1391386
1391434
1393108
1393214
1393586
1393606
1393650
1394225
1394619
1395010
1395161
1395168
1395569
1395635
1395667
1396991
1397711
1397951
1398117
1398240
1398417
1398451
1398584
1399903
1399944
1400014
1400071
1400144
1400238
1400372
1400691
1400912
1400994
1401054
1401140
1401195
1401402
1401583
1401839
1402426
1402477
1403414
1403617
1404418
1405274
1405925
1406281
1407647
1408221
1408902
1409103
1409384
1409836
1410398
1410491
1410775
1411513
1411614
1412753
1413425
1413525
1413788
1414543
1414718
1414846
1414956
1416180
1416184
1417158
1417256
1417557
1418021
1418799
1418804
1419825
1420276
1420568
1420870
1420921
1421374
1421556
1421783
1421812
1423065
1424068
1424929
1425351
1426323
1426360
1426910
1427144
1427741
1427957
1428127
1428433
1428509
1428534
1428999
1429211
1429870
1429972
1430419
1430577
1430601
1430860
1431028
1431052
1431527
1432934
1433199
1433383
1433480
1433697
1434808
1435402
1436401
1436819
1436833
1436921
1437239
1437509
1437775
1437915
1438137
1438610
1439592
1439992
1440354
1440960
1441001
1441556
1441646
1441960
1442730
1443005
1443122
1443773
1443929
1444128
1444211
1444296
1444698
1444904
1445023
1445248
1445314
1446858
1447030
1447048
1447261
1447368
1447370
1447711
1448335
1449581
1450933
1451067
1451707
1452155
1452266
1452463
1452963
1453000
1453101
1453113
1453411
1454112
1454364
1454626
1454853
1455134
1455186
1455928
1456909
1457218
1457387
1457451
1457630
1458049
1458052
1458135
1458635
1459292
1459342
1459689
1459797
1460356
1460677
1460993
1461301
1461463
1461553
1461575
1461780
1461873
1462600
1462730
1462942
1463571
1464126
1464640
1464897
1464958
1465041
1465496
1465874
1465934
1466305
1466989
1467452
1467641
1468303
1468931
1469452
1469457
1469615
1470790
1470874
1471096
1471169
1471419
1471769
1471853
1472064
1472249
1472596
1472652
1472746
1472901
1472930
1473200
1473921
1474691
1474816
1475160
1475680
1475777
1475788
1476061
1476463
1476897
1477401
1477554
1477629
1477976
1478055
1478220
1478297
1478352
1478824
1478892
1479413
1479467
1479632
1479677
1479952
1480368
1481043
1481559
1482431
1482457
1482613
1482718
1482868
1482883
1484163
1484201
1484278
1484734
1484916
1485552
1485710
1486363
1486931
1487229
1488409
1488599
1488813
1489439
1489749
1491080
1491573
1492227
1493388
1496475
1496602
1496634
1496865
1497145
1497150
1497860
1498438
1498958
1499395
1499897
1500298
1500299
1500626
1501092
1501423
1501577
1502523
1502566
1502585
1502920
1503264
1503732
1504200
1504609
1504715
1505103
1505155
1505177
1505482
1505520
1507136
1507170
1507234
1507907
1508304
1508315
1508347
1508578
1509087
1509352
1510619
1513072
1513303
1513690
1513693
1514422
1514837
1515872
1515894
1515946
1516030
1516512
1517056
1517095
1517207
1517312
1517385
1517610
1518090
1518158
1518276
1518315
1518466
1518800
1518861
1519032
1519085
1519574
1519827
1519856
1519887
1519977
1520112
1520329
1520561
1521202
1521526
1521658
1522059
1522546
1523746
1523904
1525191
1525297
1525964
1526193
1527460
1528055
1528103
1528587
1528756
1529819
1530440
1530444
1530738
1531048
1531118
1531289
1531637
1531694
1532790
1532862
1532919
1533380
1533551
1534953
1535258
1535663
1535686
1535958
1536131
1536404
1536666
1537430
1538500
1538745
1539617
1540206
1540517
1540710
1541618
1541636
1541907
1542397
1543106
1543604
1545438
1545750
1546046
1546461
1546566
1546640
1546668
1546792
1546921
1547465
1547694
1548238
1548698
1549175
1549784
1549785
1551026
1551461
1551752
1551949
1553248
1553939
1554336
1554443
1557240
1558705
1559067
1559448
1559486
1559777
1560438
1560604
1560933
1561305
1561915
1562628
1563386
1564037
1564795
1564820
1564843
1565085
1566036
1566151
1566205
1566642
1566874
1567128
1567359
1568239
1568679
1568763
1568899
1569398
1569728
1570048
1570093
1570571
1572395
1572557
1573361
1574170
1574475
1574880
1575034
1575199
1575236
1576400
1577446
1577601
1577645
1578682
1578771
1578833
1579140
1579700
1579772
1579883
1580137
1580844
1580896
1581001
1583661
1584084
1584332
1585717
1586263
1586321
1586558
1588231
1589026
1589154
1589237
1589446
1589490
1589512
1589732
1589861
1590125
1590429
1590730
1590896
1591030
1592288
1592663
1593337
1593598
1593647
1593718
1593794
1594228
1594459
1595477
1595662
1595719
1596378
1597440
1597683
1598261
1598274
1598669
1598729
1599862
1600401
1600430
1600540
1601155
1602392
1603866
1604104
1604177
1604650
1605518
1605885
1606318
1606705
1606799
1606988
1607013
1607866
1608066
1608435
1608570
1608895
1610064
1610908
1612660
1613366
1613385
1613409
1613644
1613736
1614694
1615636
1615878
1617070
1618358
1618427
1619882
1622191
1622221
1622584
1623172
1623303
1623521
1623547
1623610
1623720
1623926
1624122
1624293
1625232
1625259
1625589
1625604
1626361
1627161
1627484
1627895
1628470
1628951
1630114
1630414
1630570
1630749
1631732
1631840
1631989
1632336
1632604
1632912
1633788
1634412
1634699
1635000
1635281
1635384
1635524
1635663
1635735
1637154
1637256
1637263
1637440
1637879
1638144
1638351
1640238
1640519
1640625
1640722
1640938
1641237
1641519
1642405
1643585
1645182
1645286
1645348
1645690
1646114
1647480
1647518
1647928
1648554
1648758
1649059
1649073
1650433
1652713
1652922
1653017
1653130
1653156
1653689
1654022
1655239
1655244
1655446
1656366
1656977
1657230
1658097
1658547
1658627
1658892
1659005
1659634
1659672
1659835
1661811
1663115
1663147
1663359
1665669
1666642
1666834
1667255
1667805
1668305
1668385
1668815
1669713
1669855
1669985
1670435
1670633
1671418
1672261
1674027
1675096
1675471
1675520
1675816
1676121
1676460
1677573
1677976
1678723
1679629
1680391
1680598
1681066
1681852
1682724
1683151
1683156
1683518
1683888
1684726
1684786
1685817
1685822
1686277
1686724
1687895
1689696
1690056
1690189
1690547
1691145
1691387
1691701
1692410
1693326
1693782
1695462
1695731
1696158
1696159
1697424
1697646
1697782
1698343
1698436
1699290
1699775
1700627
1701261
1701878
1701921
1703349
1704162
1704457
1704532
1704577
1704654
1704874
1705052
1705293
1705874
1706194
1706538
1706607
1706818
1706988
1707027
1707650
1707658
1707785
1708057
1709162
1709187
1709285
1709615
1710836
1711704
1711836
1712399
1713224
1715278
1716527
1717119
1717245
1717539
1717752
1718065
1718158
1718425
1718696
1718944
1719054
1719419
1719628
1720929
1721293
1721369
1722137
1722762
1723540
1723576
1723934
1724166
1724224
1725195
1725683
1725824
1726016
1726534
1727081
1727176
1728108
1728946
1728956
1729788
1730175
1731068
1731351
1732928
1733387
1733397
1734529
1734767
1734988
1735362
1735600
1735748
1735777
1736154
1736282
1736478
1736823
1738176
1738474
1738619
1739469
1739485
1739893
1740237
1740367
1740504
1740527
1740627
1740911
1741072
1741324
1741823
1741992
1742497
1743072
1743299
1744384
1745844
1746047
1746193
1746199
1746226
1746432
1746785
1746819
1748845
1749260
1749918
1751129
1751493
1752474
1752490
1753365
1753585
1753955
1754191
1754386
1754677
1754749
1755394
1755482
1756007
1756116
1756593
1756809
1759126
1759264
1760713
1760909
1761076
1761192
1761688
1762524
1763296
1763697
1763717
1763898
1763978
1764039
1764254
1764682
1764867
1766382
1766612
1767217
1767366
1767467
1767807
1768242
1768756
1769362
1770376
1770595
1770860
1770902
1772012
1772036
1772485
1772908
1772945
1773008
1773009
1773178
1773331
1773772
1774254
1774466
1774547
1775018
1775289
1775334
1775561
1775813
1776644
1776873
1778497
1778543
1779064
1779568
1779640
1779942
1780006
1780032
1780754
1780789
1780841
1781111
1781913
1782065
1782180
1783795
1783864
1783865
1783979
1784489
1784900
1785079
1785151
1787133
1787976
1788679
1788991
1789512
1790070
1790644
1791391
1791784
1792184
1792328
1792652
1792659
1793010
1793322
1793779
1793875
1794059
1794725
1795483
1795585
1797109
1797200
1797663
1797801
1798786
1800008
1800192
1800505
1801437
1802462
1802543
1802643
1802816
1802868
1803370
1803708
1804045
1806496
1806640
1806955
1807341
1807394
1807401
1807898
1808370
1808484
1808814
1809786
1810631
1811244
1811259
1811992
1812701
1814762
1814995
1815047
1815162
1815528
1815785
1815937
1817400
1817986
1817996
1819613
1820113
1821763
1822116
1822942
1823569
1823606
1823766
1823829
1824455
1824557
1824725
1825102
1825580
1825878
1826101
1826114
1828074
1828530
1828571
1829103
1829297
1829634
1830301
1830579
1831439
1831974
1832109
1832767
1833052
1833229
1833596
1833852
1833970
1834272
1835063
1835262
1835889
1835964
1836100
1837342
1838819
1839614
1839723
1839990
1840166
1840293
1840356
1841201
1841750
1841766
1842665
1843024
1843239
1843595
1845496
1845615
1846016
1847136
1847194
1847933
1847947
1848161
1848198
1848209
1848427
1848447
1848488
1850051
1850255
1850348
1852211
1854223
1855075
1855092
1855235
1855442
1855599
1856837
1857732
1857750
1858338
1858573
1858740
1859672
1859798
1860047
1860451
1860473
1860580
1860959
1860964
1860992
1861165
1861422
1861599
1862498
1862761
1863049
1863530
1863560
1863788
1863894
1863996
1864517
1864550
1864628
1864877
1864950
1865844
1866087
1866486
1866609
1866659
1866696
1867177
1867684
1869873
1870381
1871396
1871514
1871826
1872636
1874057
1874192
1874730
1874872
1875191
1875202
1875215
1875250
1875361
1875432
1875558
1876099
1876297
1877411
1877708
1878349
1878524
1880181
1881277
1881538
1881949
1882239
1882870
1882879
1883435
1883499
1883586
1883601
1884599
1884698
1884755
1884935
1885022
1885126
1886206
1887339
1887843
1887853
1888222
1888279
1888942
1888956
1889570
1889614
1889745
1889870
1889910
1889931
1890575
1891902
1892188
1892293
1892389
1892583
1893243
1893582
1893704
1893884
1894317
1894796
1895150
1895890
1895945
1896322
1896607
1896643
1897111
1897471
1898209
1899043
1899973
1900683
1901093
1901543
1901545
1904010
1904063
1904147
1904938
1905286
1905304
1905626
1905680
1906356
1906694
1906856
1907189
1907288
1907365
1908156
1908178
1908562
1908667
1908675
1909879
1911079
1911083
1912606
1913010
1913674
1914139
1914196
1914805
1915294
1916944
1917169
1918476
1918717
1919686
1920170
1920330
1920529
1920955
1921163
1921761
1921955
1922041
1922687
1923565
1924023
1924393
1924465
1924884
1925079
1925790
1926155
1926926
1927519
1927820
1928476
1928651
1928748
1929086
1929921
1930352
1930694
1931128
1931257
1931287
1931584
1932481
1932724
1932938
1933390
1933564
1933616
1934187
1934455
1935417
1935891
1936131
1938240
1938721
1938932
1939314
1939582
1939839
1939879
1940795
1940882
1942196
1942865
1943302
1943341
1943738
1943937
1945217
1945461
1945714
1946306
1947256
1947916
1948474
1948534
1948783
1949129
1949550
1950645
1951043
1951324
1951414
1951977
1952531
1952686
1953036
1954048
1955332
1955421
1955434
1955563
1956328
1956695
1956989
1957052
1957179
1957573
1958042
1958184
1958809
1959284
1960023
1960122
1960733
1960828
1960872
1961383
1962162
1962259
1963687
1963847
1964098
1965380
1965519
1965735
1965871
1966098
1966628
1966924
1966979
1967073
1967141
1968740
1969014
1969385
1969683
1969995
1970307
1971133
1971135
1971608
1972039
1972378
1972461
1972621
1972654
1972767
1973133
1973528
1973604
1974008
1974738
1974896
1975506
1975944
1977020
1977268
1977422
1977434
1980313
1980789
1980944
1981328
1981672
1982133
1982319
1982978
1983236
1983281
1983308
1983490
1983571
1983789
1984438
1984480
1984749
1985241
1985623
1985999
1986063
1986890
1987303
1987692
1988171
1988217
1988362
1988586
1988623
1989159
1989260
1989477
1989487
1990392
1990939
1991032
1991046
1991220
1991924
1992208
1992424
1992962
1993082
1993343
1993765
1993961
1994404
1994587
1994805
1995271
1995638
1996211
1996276
1997013
1997051
1997982
1998409
1999235
1999278
1999631
1999907
2000249
2000539
2000794
2000947
2001257
2001570
2001954
2002157
2002276
2002588
2002686
2002699
2003032
2003078
2003147
2003545
2003603
2003817
2004432
2004522
2004981
2005075
2006767
2007240
2009724
2009976
2010292
2010365
2010908
2012023
2012994
2013011
2013021
2013707
2014373
2014762
2015045
2016656
2017204
2017594
2017955
2017981
2018748
2018880
2019375
2019490
2019506
2020563
2020688
2021182
2022089
2022228
2022237
2023621
2025365
2025565
2026051
2026255
2026332
2026439
2027208
2027544
2027554
2027765
2027834
2027915
2028319
2028711
2028724
2028739
2028976
2030054
2030117
2030711
2031183
2031255
2031421
2032320
2032388
2032791
2032982
2033206
2033525
2034119
2034348
2034691
2035853
2036032
2036611
2036865
2036934
2037703
2037735
2038024
2038453
2038674
2039010
2039074
2039240
2039447
2039664
2040009
2040372
2040784
2041072
2042780
2043243
2043701
2044237
2044391
2045415
2045469
2047256
2047667
2047930
2048279
2048833
2049653
2049835
2050998
2051600
2051713
2052178
2053118
2053202
2053701
2053854
2054449
2054534
2054844
2055694
2055973
2056054
2056469
2056478
2056571
2057176
2057674
2057937
2058192
2058544
2059417
2059441
2059807
2060491
2060556
2060893
2060921
2062616
2062638
2062754
2063021
2063139
2064366
2065117
2065481
2066154
2066440
2069832
2070029
2070122
2070310
2070530
2070575
2070859
2071131
2072929
2073521
2074622
2076032
2076323
2077051
2077669
2077907
2078706
2078738
2080012
2081555
2082077
2082835
2082893
2083547
2084109
2085423
2085499
2086339
2087197
2087429
2087549
2088393
2089452
2090347
2090366
2091076
2091358
2092447
2092467
2092792
2093178
2093521
2093789
2093920
2094223
2094666
2094812
2094899
2097513
2097971
2097989
2099850
2100170
2101356
2101972
2102019
2102141
2102264
2102619
2102717
2102792
2102980
2103010
2103343
2104485
2104954
2105070
2105880
2106169
2106277
2106403
2106729
2107364
2107467
2107733
2108327
2108366
2108429
2108590
2109107
2109467
2109759
2109797
2110078
2110251
2110593
2110833
2111364
2111499
2111611
2111967
2112305
2112386
2113016
2113125
2113701
2114227
2114247
2114559
2115378
2115586
2116174
2116538
2116932
2117187
2117268
2117468
2118124
2118707
2118722
2118845
2119085
2119659
2120867
2120912
2121288
2121668
2121958
2122211
2122327
2122679
2123485
2123947
2124130
2124141
2125474
2125540
2126904
2127146
2127159
2128449
2128797
2128969
2129497
2129555
2129984
2130771
2130962
2131101
2131158
2131502
2132239
2132310
2132569
2134475
2134907
2135375
2135722
2136109
2136144
2136277
2136379
2136430
2136696
2136972
2137344
2137727
2138608
2138929
2138953
2139014
2139223
2139407
2139495
2141300
2141499
2141961
2142141
2142345
2142660
2142713
2142871
2142886
2143650
2143901
2144691
2144761
2144834
2145106
2145269
2145853
2146169
2146377
2146644
2146950
2147067
2147189
2147422
2147986
2148677
2148820
2149311
2149484
2149788
2149946
2150039
2151074
2151320
2152160
2152177
2152237
2152458
2153156
2153635
2153947
2154493
2154681
2154902
2155261
2155525
2155795
2156811
2157146
2158371
2158898
2159345
2160570
2161423
2162684
2162922
2162959
2163058
2163746
2164358
2164634
2164772
2164913
2165072
2165342
2165413
2165723
2165829
2165955
2166564
2166838
2166899
2166962
2167538
2167855
2167905
2167951
2168643
2169228
2169861
2170236
2170258
2170584
2170701
2170916
2171183
2171398
2172688
2172840
2172930
2174646
2174649
2175669
2176453
2176479
2176776
2176958
2177720
2178228
2178753
2179177
2179429
2179494
2179596
2180589
2181008
2181638
2183247
2184175
2184280
2184693
2184863
2185047
2185734
2186694
2189090
2189789
2190153
2190410
2191007
2191088
2191343
2191920
2192015
2193019
2193239
2194147
2194487
2195181
2195183
2195624
2196192
2196351
2196386
2197526
2199037
2199370
2199625
2200829
2202395
2202863
2203079
2203398
2203815
2203948
2204176
2204965
2205537
2205581
2205668
2206613
2206957
2207688
2207830
2209395
2209670
2209754
2210137
2210500
2211088
2211333
2211435
2212373
2212601
2213377
2213655
2213781
2214132
2215219
2215668
2215968
2216066
2216735
2216867
2217375
2217558
2217979
2218109
2219058
2219252
2219980
2220011
2220124
2220776
2221225
2221281
2221432
2222027
2222330
2224447
2224651
2224674
2225111
2225280
2225556
2227290
2227411
2227462
2227945
2228150
2228727
2229044
2229739
2230014
2231079
2231345
2231490
2231524
2231908
2232263
2232949
2233299
2233812
2234309
2234740
2234746
2234755
2234960
2234994
2235398
2237104
2237249
2237812
2237920
2240096
2240656
2241520
2241588
2241791
2241964
2242711
2243080
2244149
2245158
2245500
2245774
2246024
2246232
2247136
2247336
2247501
2248023
2248083
2248432
2248966
2248968
2249890
2250236
2251439
2251624
2251692
2252907
2252937
2253035
2253098
2253564
2253800
2254257
2254741
2255408
2256144
2256422
2256481
2257969
2258311
2258777
2258975
2259450
2259521
2259719
2259798
2260312
2261040
2261092
2261473
2262632
2262648
2263395
2263462
2263733
2264490
2264883
2265107
2265159
2265194
2265881
2265911
2267043
2267229
2267541
2268794
2269062
2270687
2270998
2271265
2272853
2273320
2273655
2274897
2275246
2275862
2276060
2277656
2277917
2278031
2278386
2279328
2279452
2279827
2280504
2280613
2281170
2281457
2281634
2281895
2281936
2282558
2282572
2282680
2283210
2283315
2283580
2283657
2284372
2285182
2285202
2286020
2286401
2286485
2286492
2286769
2286947
2287836
2288303
2289087
2290036
2290459
2291470
2291471
2291605
2291688
2291975
2292486
2293084
2293115
2293397
2293781
2294063
2294473
2294572
2294707
2295250
2295434
2296602
2296983
2297558
2297728
2298995
2299518
2300458
2301235
2301456
2301566
2302255
2302566
2302701
2303091
2303279
2304045
2304076
2304093
2304752
2304833
2305627
2306659
2306777
2308195
2308877
2309745
2310276
2312399
2312434
2313311
2314925
2315772
2316477
2316488
2316648
2316738
2317869
2318394
2318975
2319086
2319940
2320474
2320556
2321165
2321178
2323721
2325656
2326140
2326436
2326639
2326819
2327449
2328015
2328194
2328739
2329143
2329427
2330095
2330299
2332911
2334074
2335326
2335427
2335718
2335727
2335949
2336385
2336548
2336747
2336981
2337169
2338484
2338979
2339469
2339636
2340047
2340595
2342040
2342594
2343265
2343312
2343726
2343794
2344241
2344644
2345531
2345591
2346118
2346204
2346659
2346831
2346940
2346979
2347561
2347620
2347629
2348970
2348978
2349499
2349898
2350407
2350704
2351063
2351110
2351673
2352049
2352204
2352307
2352445
2353171
2354193
2354469
2354670
2354704
2354951
2355131
2355938
2356374
2357049
2357074
2357257
2357862
2358049
2358073
2358241
2358579
2359102
2359594
2360627
2361086
2361126
2362002
2362787
2363738
2364327
2364694
2364906
2365008
2365010
2366111
2366447
2367009
2367232
2367397
2367799
2367820
2368303
2369001
2369244
2369562
2369811
2370240
2370589
2370621
2370779
2370796
2371449
2372072
2372817
2372984
2374786
2375161
2375845
2376632
2376683
2377447
2377472
2380006
2380058
2381192
2383696
2384368
2384483
2384570
2384603
2385598
2385957
2386265
2386650
2386703
2386812
2387087
2387305
2388859
2389324
2390419
2390984
2391581
2392356
2393118
2393727
2393774
2393815
2394498
2395353
2395498
2396138
2396362
2397397
2397905
2398605
2399499
2399664
2399751
2399812
2400305
2400333
2400439
2400510
2400599
2400758
2400971
2401168
2401393
2401883
2402098
2402362
2402621
2403472
2403512
2404483
2404654
2404974
2405025
2405054
2405700
2405849
2406136
2406846
2407719
2407733
2407770
2409200
2410709
2411025
2411878
2412516
2412867
2413176
2413243
2413367
2413636
2413817
2414309
2414600
2415836
2416566
2417141
2417210
2417532
2417549
2418840
2419460
2419782
2422125
2422427
2422973
2424372
2425343
2425601
2426952
2427338
2427390
2428452
2428637
2429526
2429607
2429630
2430560
2430938
2430958
2431342
2432093
2432274
2432323
2432994
2432996
2433234
2433820
2433966
2434509
2435010
2435095
2435322
2435807
2435866
2436167
2436551
2437170
2437430
2438267
2439175
2439373
2439445
2439638
2439687
2439781
2439967
2440276
2440664
2440721
2441142
2442072
2442329
2442893
2442999
2443956
2443983
2444080
2444184
2445111
2445708
2445713
2446109
2446376
2446604
2446802
2446893
2446944
2448576
2448784
2449183
2449243
2449414
2449438
2450014
2450533
2451388
2452661
2452784
2453121
2453851
2454093
2454591
2455116
2455702
2455815
2457319
2458186
2458687
2458750
2458971
2459949
2460863
2461458
2462081
2462436
2462836
2463111
2463280
2464107
2464122
2464265
2464324
2464967
2465548
2465849
2466139
2466334
2467523
2467534
2467739
2467960
2468299
2468403
2468859
2468985
2469186
2469234
2469614
2469626
2469715
2470004
2470410
2470532
2472703
2472747
2472876
2473058
2473134
2473388
2473422
2473817
2474364
2474410
2475025
2475154
2475242
2475285
2475383
2475547
2475579
2475986
2476599
2476741
2477666
2477825
2478103
2478683
2479412
2479796
2480028
2480214
2480535
2480745
2480816
2481320
2481387
2481945
2483690
2485160
2485374
2485601
2486215
2486995
2487193
2487296
2487600
2487855
2487906
2488258
2488267
2488447
2488451
2488620
2488678
2489140
2489205
2489228
2489346
2489364
2489492
2489521
2489703
2489811
2491099
2491739
2491904
2492539
2492771
2493245
2493443
2493467
2493911
2493979
2494125
2494424
2494704
2494803
2494979
2495020
2496937
2497083
2497570
2497591
2497609
2497714
2498421
2498870
2499244
2499496
2499655
2500016
2500040
2500234
2500737
2500976
2501348
2501349
2501357
2501664
2502894
2502959
2503365
2503667
2503815
2504680
2505227
2505374
2506094
2506365
2506463
2506554
2506564
2509243
2510414
2510931
2511424
2511660
2512289
2512426
2512457
2512825
2515961
2516151
2517320
2518208
2518472
2518603
2519311
2519399
2519495
2520272
2521449
2521844
2522265
2523531
2523702
2523704
2523740
2524701
2525108
2525186
2525335
2525829
2525971
2527165
2527735
2528095
2528256
2529200
2529225
2530411
2530613
2531330
2533763
2534111
2534193
2534614
2535714
2537523
2538030
2538453
2538614
2539172
2539416
2540546
2540605
2541804
2542369
2542386
2542414
2542858
2543474
2543494
2543597
2543794
2544268
2544301
2544446
2544594
2545081
2545508
2545649
2546070
2546605
2547200
2547698
2548157
2548314
2548389
2548538
2548642
2548796
2549045
2550122
2551053
2551168
2551648
2552204
2552854
2553310
2554218
2554477
2555444
2556461
2557046
2557095
2557150
2557548
2557860
2558161
2558192
2558371
2558831
2559064
2559268
2559941
2560078
2560102
2560367
2560584
2560586
2560984
2561205
2561252
2561313
2561319
2561610
2561817
2562006
2563288
2563504
2563567
2563798
2564479
2564528
2564596
2565506
2565669
2565706
2566048
2566342
2566422
2566498
2566525
2567400
2567732
2567863
2567897
2568450
2568633
2570104
2571024
2571201
2572797
2572889
2573389
2573489
2574569
2575618
2575759
2576293
2576838
2576933
2577048
2577082
2577365
2578219
2578995
2579570
2580667
2580977
2581069
2582289
2583562
2583808
2585252
2585503
2585581
2587784
2588402
2588585
2589035
2589293
2589473
2589492
2589508
2589623
2590140
2590238
2590734
2590886
2591809
2591923
2592479
2592811
2593178
2594164
2594597
2595430
2596065
2596264
2596619
2596971
2597306
2597654
2598131
2598195
2598626
2598650
2599486
2599740
2600054
2600388
2600777
2601312
2601927
2602384
2603373
2603495
2604268
2604819
2604892
2605501
2605607
2606518
2606895
2607295
2607487
2608556
2608617
2608915
2609276
2610007
2610119
2610767
2610799
2611002
2611108
2611271
2611769
2612024
2612475
2613178
2613528
2613969
2614160
2614492
2615251
2616121
2616779
2617738
2619271
2619894
2620309
2620473
2620787
2620925
2621136
2621663
2621718
2622153
2623577
2623674
2624217
2624634
2624916
2625675
2625779
2626284
2626835
2627059
2627195
2627254
2628123
2628776
2628832
2629392
2629956
2630156
2630159
2630513
2630737
2631894
2631916
2632192
2632689
2632979
2633087
2634521
2635006
2635029
2635146
2635493
2635543
2635998
2637572
2638074
2640241
2640540
2640776
2641432
2641797
2642223
2643002
2643356
2643462
2643621
2643813
2643996
2644153
2644223
2644370
2644444
2644805
2645597
2645933
2645955
2646074
2646345
2646741
2647262
2647552
2647566
2648333
2648743
2649624
2649663
2649777
2650249
2650269
2650359
2650713
2651242
2651468
2651690
2652328
2652349
2652724
2652759
2652961
2653504
2653898
2654066
2654247
2654579
2654933
2655027
2655141
2655328
2656884
2657626
2657880
2658440
2659394
2659499
2659606
2660219
2660607
2660618
2661487
2661766
2662191
2662466
2662560
2662845
2662882
2663094
2663420
2663955
2664837
2665848
2665885
2666129
2666308
2666336
2666494
2666758
2667193
2667545
2667662
2668154
2668504
2669194
2670341
2670381
2670556
2670611
2670632
2671566
2671807
2671999
2673679
2673783
2674579
2674640
2675039
2675092
2675323
2675671
2676373
2676799
2679753
2679799
2680293
2680919
2681577
2681610
2682702
2683063
2683146
2683488
2683739
2685178
2685453
2685700
2686303
2686394
2686905
2686934
2688501
2688520
2688535
2688839
2689493
2690139
2690345
2690802
2690856
2690894
2691378
2691403
2691437
2692289
2693410
2694251
2694315
2694774
2695832
2696245
2696365
2696714
2697450
2697626
2697775
2697972
2698011
2698042
2698088
2698221
2699132
2699315
2699427
2699843
2700012
2700163
2700523
2701093
2701268
2701566
2702059
2704321
2705028
2706266
2706857
2707190
2707817
2707932
2708563
2708709
2708972
2709115
2709816
2710287
2710767
2711101
2712420
2713309
2713441
2714149
2714376
2714987
2715362
2715535
2716777
2717407
2717543
2717749
2718107
2718263
2718564
2718962
2720114
2720293
2720960
2721544
2721695
2721770
2721989
2722509
2723225
2723338
2723669
2724105
2724454
2727038
2727256
2727510
2727696
2727751
2727770
2728125
2729200
2729614
2730071
2730334
2730446
2730499
2730628
2730689
2730876
2731397
2731947
2731985
2732316
2732525
2732543
2733369
2733522
2733568
2734099
2735402
2735702
2737103
2738075
2738131
2738318
2739050
2739806
2741628
2743950
2744176
2744423
2744776
2744845
2745876
2746733
2746846
2746874
2746936
2747251
2747904
2748252
2748605
2749070
2749912
2751062
2752010
2752647
2754198
2754388
2754557
2754878
2755011
2755042
2755518
2755630
2756098
2756206
2756513
2757196
2757403
2758711
2759176
2759187
2760224
2760923
2761118
2761347
2761874
2762948
2763266
2763296
2763799
2763997
2764205
2764237
2764694
2764788
2765637
2765682
2766316
2766326
2766867
2767208
2768266
2768321
2769581
2769700
2770304
2770712
2770871
2771144
2771439
2771526
2772178
2773194
2773209
2773517
2773959
2774469
2774699
2775115
2775328
2775641
2775979
2776838
2776993
2777916
2778307
2778751
2778783
2779530
2779581
2780002
2781088
2782133
2782820
2783301
2783321
2783515
2783775
2783827
2784912
2784914
2785049
2785994
2785996
2786228
2786614
2786860
2787311
2787320
2787368
2787723
2787847
2788282
2789078
2789226
2789784
2790864
2790889
2790970
2791556
2791833
2792140
2792387
2792713
2793450
2793866
2794184
2794265
2795062
2795126
2795464
2796377
2796439
2798315
2798634
2798905
2798959
2799289
2799350
2801434
2801641
2801838
2802046
2802721
2803603
2803708
2804641
2805649
2806130
2806302
2806601
2806794
2806948
2807102
2807481
2807759
2807871
2808798
2808985
2809938
2810177
2810377
2811093
2811140
2811293
2812474
2812909
2813188
2814037
2814107
2814245
2814787
2815533
2815891
2815893
2815905
2816149
2816186
2816701
2817242
2817598
2818330
2818407
2819188
2819217
2819387
2819608
2821607
2821620
2822566
2823388
2824820
2824919
2825112
2825114
2826210
2826493
2827167
2827624
2827723
2827865
2827932
2828419
2829017
2829051
2829139
2830159
2830340
2830740
2831153
2832354
2832406
2832413
2832840
2833540
2833977
2834125
2835464
2835639
2835801
2835870
2836264
2836300
2836378
2836431
2836579
2836664
2836765
2837324
2839448
2839664
2839902
2839981
2840223
2840313
2840675
2841180
2841491
2843178
2844293
2845029
2845176
2845373
2845495
2845882
2846460
2846604
2846724
2846984
2847145
2847809
2848876
2849991
2850021
2850211
2850634
2850684
2850700
2851141
2851286
2851385
2851630
2851732
2853276
2854799
2855140
2855413
2856700
2856822
2857130
2857859
2857926
2858038
2858049
2858705
2859386
2859454
2860638
2861032
2861226
2861278
2861504
2861534
2861667
2862186
2862307
2863175
2863608
2863609
2864224
2864299
2864724
2864884
2865611
2866182
2866992
2867058
2867246
2867407
2867786
2868078
2868521
2869084
2870337
2870601
2870710
2870949
2871028
2872281
2872959
2873350
2873828
2874084
2874843
2875416
2875888
2876359
2876605
2876652
2876953
2876980
2877169
2877203
2877277
2877639
2877833
2879620
2879668
2880211
2880475
2880561
2880750
2881013
2881558
2882261
2882851
2883015
2883737
2884035
2884144
2884215
2884305
2884728
2885056
2885318
2885686
2886595
2887358
2887383
2887837
2889015
2889205
2889720
2890365
2890494
2890771
2891098
2891586
2891682
2891815
2891889
2891927
2892543
2892663
2892734
2893894
2894013
2894872
2895632
2895672
2896422
2896657
2896992
2897551
2898258
2898399
2898429
2899114
2899124
2899644
2899729
2899889
2900060
2900257
2900595
2900602
2900714
2901405
2902223
2902392
2902492
2902583
2903554
2903796
2904632
2904869
2904985
2904994
2905153
2905320
2906001
2906075
2906281
2908018
2908049
2908947
2909395
2909561
2909952
2911115
2912831
2912994
2913195
2913583
2914519
2914658
2915500
2916269
2917692
2917924
2917993
2918186
2919842
2919951
2919974
2920650
2920927
2921265
2921307
2921719
2922084
2922289
2922998
2923477
2923722
2924850
2925118
2925756
2926166
2927016
2927244
2927407
2927473
2929409
2929759
2930782
2930791
2930842
2930944
2932382
2932561
2932685
2932886
2932981
2933715
2934695
2935193
2935777
2935885
2936518
2938097
2938142
2938392
2938410
2938429
2939433
2941256
2941551
2942188
2942681
2942829
2943099
2943579
2944116
2946100
2946131
2946797
2947190
2947477
2947855
2948011
2948392
2948750
2949565
2949978
2950083
2950379
2950682
2951840
2952306
2953140
2953272
2953445
2954506
2954513
2954802
2955017
2955475
2955963
2956001
2956191
2956830
2956843
2957256
2957689
2957824
2958392
2959717
2959910
2961389
2961458
2961507
2963539
2963783
2963785
2963800
2963861
2964615
2964676
2965018
2965318
2965351
2965355
2965991
2966430
2967074
2967117
2968022
2968454
2970190
2970305
2971251
2971352
2971951
2972316
2972922
2974087
2974574
2974678
2975386
2975681
2975945
2976509
2977657
2980113
2981208
2981302
2981688
2981851
2982543
2983026
2983704
2984326
2984371
2985894
2985989
2986132
2986722
2986856
2986870
2987095
2987655
2988118
2988548
2989556
2989910
2990667
2990826
2991205
2991904
2992303
2992526
2992764
2995115
2995529
2996159
2997031
2997383
2997501
2997609
2998143
2999173
2999580
2999812
2999961
3000110
3000294
3001581
3002094
3003264
3003421
3003809
3003874
3003879
3004046
3005730
3005952
3006247
3006483
3006563
3006779
3007128
3007572
3008298
3008504
3008695
3009152
3009310
3009436
3009704
3009750
3009812
3010657
3010852
3011253
3011662
3011828
3011932
3012761
3012929
3012978
3013107
3013442
3013540
3013665
3013873
3014456
3014822
3014946
3015304
3015378
3016080
3016232
3016932
3018756
3018887
3019957
3020060
3020415
3020712
3021306
3022482
3022897
3023178
3023351
3023548
3023890
3024649
3024662
3024879
3025067
3025400
3025921
3026586
3028783
3028945
3029525
3030098
3030468
3031139
3033095
3033163
3033216
3033404
3034207
3034294
3035070
3035102
3036628
3036723
3037566
3037782
3037978
3038082
3038344
3038666
3039104
3039169
3039265
3039295
3039604
3040835
3041740
3041857
3041896
3042149
3042798
3042819
3043675
3044749
3045118
3045209
3045303
3045405
3045514
3045567
3046100
3046262
3046658
3047732
3047828
3048016
3049326
3051567
3052370
3052816
3052929
3053078
3053372
3053505
3053838
3054417
3054652
3054789
3056041
3057541
3057696
3057862
3058093
3058273
3058512
3059979
3060381
3060641
3061738
3061781
3062073
3062539
3062787
3063225
3063506
3063618
3064177
3064818
3065627
3066601
3066759
3066787
3066854
3067320
3067450
3067613
3068163
3068696
3068698
3068848
3068903
3070734
3071667
3074389
3074586
3074993
3075071
3075209
3075733
3076379
3076413
3076715
3077165
3077186
3077426
3077885
3077892
3078220
3079535
3079612
3079990
3080465
3080839
3081680
3081871
3082843
3083179
3083248
3083638
3084753
3085077
3085370
3086006
3086562
3086700
3087132
3087640
3088592
3088782
3089280
3090300
3090790
3090958
3091228
3091335
3091855
3092021
3092646
3092780
3092844
3093607
3093610
3093643
3093689
3095284
3095566
3096061
3097594
3097611
3099064
3099369
3100373
3101410
3101460
3101466
3101659
3102131
3102195
3102258
3102645
3102651
3103861
3103998
3105222
3105454
3105652
3107886
3108333
3108876
3108974
3109069
3109240
3109679
3109692
3110661
3110926
3111166
3111426
3111531
3111726
3112292
3112369
3112578
3112871
3112948
3113001
3113552
3113831
3114807
3115545
3117377
3117749
3118270
3119003
3119119
3119177
3119423
3119747
3119950
3120152
3120464
3120795
3121038
3121303
3121778
3121802
3123104
3123778
3124166
3124782
3125076
3125101
3125447
3126526
3127773
3127907
3128292
3128687
3129026
3129416
3131155
3131259
3132139
3133429
3133986
3134095
3134385
3134389
3134667
3134966
3134993
3134995
3136044
3136298
3136544
3136661
3136877
3136901
3136902
3137667
3139177
3139181
3140030
3140135
3140824
3140980
3141495
3142437
3142455
3142819
3144189
3144521
3145858
3146376
3146423
3146906
3147210
3147775
3148007
3149230
3149416
3150235
3150605
3152436
3152569
3152775
3153467
3153481
3153824
3153986
3154416
3154684
3154743
3154969
3155452
3156691
3156883
3156922
3157816
3158281
3158961
3159440
3159734
3160168
3160647
3161008
3161040
3161250
3161417
3162019
3162318
3164071
3164107
3164523
3164810
3164865
3165071
3165133
3166226
3166744
3166886
3167391
3167455
3167497
3167543
3167745
3168303
3168844
3168858
3169147
3170094
3170106
3170121
3170294
3170355
3170776
3170924
3172279
3172364
3172714
3172745
3172953
3173993
3174132
3174301
3174462
3174685
3174819
3174932
3175566
3176569
3176636
3176730
3176973
3178702
3179516
3179829
3180009
3180161
3180601
3181401
3181680
3183218
3183479
3183997
3184231
3186192
3186660
3188348
3188989
3189057
3190007
3190130
3190206
3191065
3192326
3192647
3192789
3192941
3193585
3193635
3194030
3194648
3195085
3196080
3196377
3196508
3196951
3197443
3198024
3198282
3199442
3200157
3200315
3200430
3200706
3200722
3200830
3200914
3202262
3202325
3202524
3203396
3203613
3203652
3203895
3203908
3203961
3204168
3204903
3205557
3206039
3206298
3206596
3206867
3206911
3207310
3207609
3207856
3208259
3208391
3208471
3208485
3208985
3209168
3209246
3209536
3209751
3210237
3212820
3213078
3213165
3213184
3213235
3213565
3213957
3214580
3214839
3215300
3216031
3216761
3217091
3217452
3217989
3218398
3218565
3218888
3219277
3220033
3220182
3220191
3220376
3220783
3221680
3221687
3221883
3221910
3221965
3222284
3222426
3222519
3222597
3223028
3223156
3223321
3223437
3223746
3224046
3224055
3224978
3225930
3226011
3226547
3226999
3227133
3227291
3228237
3228334
3228408
3229181
3229945
3230566
3230690
3231058
3231248
3231888
3232095
3233438
3233445
3233792
3234055
3234640
3235088
3235215
3235350
3235432
3235604
3235743
3235789
3236382
3237279
3237912
3238539
3238542
3239077
3239117
3239540
3239601
3239624
3242097
3242386
3242505
3243199
3243289
3243553
3243555
3243894
3244092
3245148
3246429
3246446
3246787
3247182
3247244
3247654
3248145
3248289
3248358
3249033
3250763
3251360
3251547
3251605
3251659
3251691
3251913
3252846
3253418
3253555
3253651
3254606
3254784
3255525
3255670
3255797
3255996
3256027
3256454
3256478
3256928
3257257
3257262
3258761
3258829
3258958
3259145
3260027
3260238
3261316
3262491
3263265
3263402
3263954
3264091
3264114
3264183
3264191
3264268
3264566
3264570
3265217
3265255
3266310
3267544
3267564
3267587
3267611
3267790
3267932
3267993
3268196
3268261
3268600
3268922
3269807
3269925
3270625
3271007
3271409
3271458
3272020
3272108
3272584
3273059
3273780
3274189
3274265
3274617
3275419
3276704
3277203
3277264
3278134
3278196
3278649
3279187
3279232
3279269
3279737
3280894
3282176
3282384
3282715
3283335
3283579
3283714
3283811
3284645
3284682
3285215
3285243
3285743
3285964
3286360
3286378
3286686
3287898
3288012
3288281
3288567
3288929
3288961
3289611
3289881
3290119
3290583
3291042
3291250
3292110
3292123
3292591
3293203
3293277
3293542
3293921
3294111
3294232
3295451
3295665
3296195
3296449
3298070
3298776
3299213
3299328
3299956
3300074
3301782
3302880
3303544
3303905
3304896
3306132
3307666
3307932
3309116
3309193
3309388
3309525
3310161
3310309
3312477
3313023
3313120
3313485
3313489
3314456
3314761
3315098
3315150
3315721
3316450
3316880
3317335
3317382
3317516
3317860
3318048
3319418
3319692
3320507
3320952
3321700
3322396
3322741
3323719
3323791
3323849
3324257
3324900
3325461
3325501
3325986
3326251
3326433
3326883
3327735
3328376
3328625
3328733
3329825
3330197
3330212
3330401
3330715
3331509
3332487
3332613
3332771
3333569
3334311
3335300
3336075
3336517
3336731
3337093
3337221
3338000
3338841
3338875
3338966
3339351
3339568
3341924
3341965
3342130
3342550
3342706
3342772
3342989
3344184
3344799
3344883
3345507
3345706
3345778
3347176
3347609
3347882
3347889
3347982
3348628
3348733
3349202
3349790
3350457
3350530
3350604
3350612
3350928
3351561
3352240
3352555
3354693
3354804
3355005
3355436
3355800
3355917
3356193
3356344
3356773
3356803
3357797
3358159
3359196
3359316
3359460
3359737
3359931
3359950
3360407
3360640
3362341
3362821
3363383
3363400
3363666
3364063
3364316
3364937
3365040
3365783
3365989
3366135
3366415
3366509
3367109
3367170
3367390
3367894
3368236
3368251
3368589
3368792
3369259
3369364
3369367
3369438
3369632
3369699
3369843
3370039
3370418
3370794
3371890
3372101
3372341
3372421
3372706
3372946
3373038
3373468
3373533
3375306
3376818
3376821
3376922
3377558
3377622
3378125
3378905
3379343
3379606
3379745
3380138
3380271
3380967
3381070
3381303
3381947
3382707
3382983
3383465
3383832
3384647
3384912
3386187
3386783
3386937
3386959
3387203
3387587
3388893
3388895
3388995
3389254
3389383
3389545
3389750
3390256
3390298
3390422
3390595
3391230
3391305
3393131
3393394
3393684
3393910
3394044
3394107
3394375
3394835
3395019
3395428
3395446
3396128
3397126
3397828
3398538
3398609
3398659
3399142
3399643
3399757
3400102
3400155
3400194
3400277
3400937
3401242
3401717
3402403
3403034
3403090
3403527
3403840
3403986
3404194
3405002
3405979
3406246
3407950
3408348
3409021
3409163
3409383
3409869
3410189
3410678
3411036
3411099
3411676
3411940
3413631
3414554
3414799
3415079
3415430
3415795
3417057
3418194
3419402
3419599
3419839
3420151
3420804
3421107
3421164
3422811
3423097
3423186
3423348
3423483
3423635
3423815
3424885
3426018
3426235
3426538
3426653
3426825
3427063
3427072
3427424
3427447
3428036
3428216
3428542
3428710
3429342
3429909
3430070
3430823
3431295
3431516
3431669
3431874
3431966
3433827
3433871
3435555
3435662
3436679
3437266
3437835
3437864
3438013
3438487
3438664
3438769
3438892
3439130
3440175
3441018
3441188
3442342
3442867
3443310
3444421
3446420
3446450
3447143
3447604
3448810
3449220
3449305
3449572
3450002
3450635
3450901
3451166
3451185
3451265
3451284
3451830
3451983
3452263
3453801
3454024
3454117
3454217
3455348
3455856
3455868
3456342
3456806
3457006
3457008
3457127
3459243
3459409
3459644
3460264
3460730
3460964
3461210
3461320
3461850
3462630
3463167
3464283
3464310
3464610
3464618
3464681
3466212
3466633
3466905
3467007
3467596
3468275
3468783
3469385
3469602
3470068
3470122
3471557
3472096
3472295
3474923
3475107
3475198
3475414
3475868
3476672
3476879
3476891
3477757
3478207
3478359
3479039
3479199
3479963
3480604
3481722
3483422
3483811
3484473
3485499
3485514
3486696
3486899
3487050
3487120
3487233
3487440
3487546
3487634
3488470
3488511
3488739
3489033
3489200
3489557
3489770
3489831
3489968
3490109
3490625
3490837
3491019
3491109
3491491
3491603
3492305
3492942
3493203
3494257
3494430
3494533
3496689
3496862
3497446
3497460
3497758
3497919
3497960
3498414
3498643
3499362
3499391
3500648
3501574
3501670
3503779
3503785
3504113
3504630
3504639
3504642
3504733
3504914
3505161
3505532
3505985
3507910
3508632
3509212
3509635
3510958
3511722
3513102
3514524
3514708
3514926
3515011
3515114
3516163
3516778
3517115
3517244
3517380
3519187
3519463
3519465
3521209
3522161
3522459
3522526
3523221
3523361
3523424
3523460
3523595
3524016
3524212
3524462
3525038
3525562
3527088
3528151
3528338
3528464
3528598
3528783
3528838
3528909
3529349
3529579
3529658
3529662
3529721
3529723
3531558
3532238
3532583
3533214
3533289
3533402
3533405
3533616
3533868
3534509
3534792
3535010
3535052
3536668
3536749
3537177
3537533
3537888
3538228
3538669
3538830
3538941
3539176
3539240
3540686
3540868
3540993
3541342
3541384
3541473
3542439
3542575
3543011
3543405
3543655
3544368
3544942
3545033
3545387
3546003
3546387
3546601
3547724
3548526
3548984
3549067
3549567
3549713
3549913
3550203
3550300
3550407
3551184
3551626
3551858
3552115
3552148
3552581
3552994
3553095
3553529
3553768
3554068
3555302
3556022
3556122
3556875
3557538
3558144
3558355
3559149
3560441
3560519
3561499
3561690
3561735
3562172
3562512
3563234
3563266
3563551
3564292
3564417
3565282
3566110
3566325
3566335
3566352
3567209
3567241
3567443
3567926
3568511
3568968
3569011
3569405
3570022
3570065
3570162
3571135
3571413
3571538
3571824
3572089
3572615
3573257
3574057
3574078
3575568
3575841
3576046
3576177
3576534
3577098
3577304
3577570
3577630
3577695
3577698
3578161
3578210
3578231
3578678
3579290
3580743
3580933
3581199
3581424
3582166
3582623
3583811
3585828
3586097
3586438
3586472
3586637
3587275
3587499
3587617
3588513
3590007
3590287
3591031
3591477
3591906
3592236
3592824
3593191
3593510
3593642
3594609
3594864
3595318
3595608
3595754
3596509
3596531
3596926
3597122
3597722
3598096
3598574
3598980
3599227
3599619
3600380
3600941
3601040
3601611
3601656
3601987
3602204
3602893
3603399
3603430
3603537
3604080
3604179
3604329
3604342
3604878
3605437
3605506
3605745
3605764
3606555
3606648
3606905
3607268
3607631
3608155
3609047
3609056
3610313
3610577
3611154
3611156
3611603
3611694
3611783
3612340
3612774
3612787
3612942
3613747
3613843
3615209
3615341
3615691
3615913
3616021
3616998
3617230
3617263
3617574
3617711
3618385
3618441
3618958
3619122
3619628
3619770
3619924
3620917
3621170
3621399
3622034
3622064
3622388
3622604
3622940
3623086
3623333
3624073
3624304
3624507
3624792
3624812
3625868
3626128
3626342
3627461
3627587
3627661
3628021
3628381
3628600
3628653
3629012
3629372
3629441
3629535
3629564
3629612
3629781
3630489
3630755
3630961
3631248
3631338
3632080
3632531
3633433
3633624
3633840
3634151
3635622
3635869
3636028
3636078
3636239
3636348
3636558
3636699
3637366
3638060
3638658
3638794
3638916
3639144
3640843
3642431
3642670
3643130
3643395
3643734
3644578
3644608
3644937
3645012
3645018
3645613
3645895
3646094
3646097
3646177
3646193
3646534
3646547
3647080
3648026
3648149
3648358
3648372
3648779
3648890
3649089
3649371
3649543
3649661
3649971
3650334
3650340
3650894
3652337
3652980
3653003
3654174
3654992
3655520
3655608
3657090
3657463
3657597
3658088
3658282
3658452
3658805
3659375
3659417
3659446
3659734
3660051
3660433
3660501
3661574
3661622
3661763
3661807
3663063
3663414
3663499
3663593
3664454
3665329
3665587
3665941
3666124
3666249
3666957
3667253
3667587
3667939
3668306
3668379
3668396
3668779
3668987
3669408
3670073
3670185
3670581
3670834
3671316
3671323
3671820
3671928
3672027
3672719
3673889
3675060
3675416
3675474
3675651
3675689
3675949
3676728
3676934
3677916
3678171
3679068
3679166
3679545
3680507
3681218
3681446
3682835
3683472
3683474
3683860
3684277
3685182
3685310
3685318
3685354
3685717
3686104
3686496
3686528
3686721
3687062
3687344
3687549
3687617
3687752
3688096
3688162
3688467
3689290
3689976
3689978
3690038
3690485
3690829
3691156
3691520
3691781
3692021
3692172
3692188
3692331
3692591
3693843
3694038
3694315
3694386
3694422
3694517
3694984
3695984
3696039
3696905
3697275
3697364
3697625
3697663
3698565
3698684
3700114
3700712
3700765
3701031
3701621
3701680
3701776
3702020
3702115
3702123
3702563
3702928
3703043
3703228
3703472
3704202
3704946
3705512
3705813
3706113
3706670
3706952
3707717
3708314
3708404
3708848
3709484
3709778
3710569
3711399
3712396
3712579
3713248
3713565
3714341
3714726
3714975
3716988
3717027
3717210
3717288
3717417
3717441
3718655
3718811
3719223
3719581
3719991
3720663
3720956
3722499
3722604
3722707
3722946
3723613
3724551
3725141
3725353
3726269
3726332
3726760
3727632
3728574
3728947
3729083
3729696
3730399
3730706
3731256
3731320
3731726
3732667
3733117
3733328
3734334
3734690
3735963
3736064
3736671
3736713
3737095
3737118
3737450
3738203
3738355
3738388
3738826
3738853
3739090
3739176
3739747
3740017
3740037
3740219
3740789
3741161
3741476
3741638
3742126
3742491
3742998
3743131
3743346
3744116
3744198
3744260
3745224
3746198
3746457
3746820
3746952
3747099
3747367
3747638
3748950
3748964
3748994
3750641
3751047
3751167
3751206
3751215
3751304
3752235
3752243
3752358
3752406
3752654
3753210
3754267
3754437
3755107
3755467
3755978
3756449
3756711
3757097
3757423
3757601
3757918
3757921
3758729
3758733
3759137
3759263
3759785
3760633
3762083
3763154
3763183
3763628
3764648
3764678
3765111
3766639
3767636
3767778
3767884
3767936
3770332
3770358
3771136
3771542
3771879
3772023
3772107
3772141
3773474
3773592
3773740
3774166
3774168
3774268
3776569
3777179
3777479
3777692
3778392
3778483
3778603
3779150
3779547
3779637
3779688
3779772
3780212
3780463
3780540
3780829
3780947
3781551
3781564
3781619
3782073
3782621
3783091
3783292
3783618
3784033
3784169
3784467
3784478
3785126
3785335
3786035
3786738
3786907
3787152
3787276
3787468
3788202
3788482
3788643
3788869
3789154
3790019
3790816
3791325
3791356
3791711
3792361
3793238
3793369
3793859
3794510
3794541
3794633
3794654
3794735
3795081
3795186
3795318
3795383
3795639
3795690
3795985
3796496
3797209
3797278
3797649
3797757
3798163
3798333
3798981
3799147
3800295
3800448
3801289
3801681
3802337
3802482
3802638
3803167
3804214
3804942
3804981
3805964
3805990
3806057
3806984
3807130
3807958
3808259
3808358
3808795
3808929
3809289
3809354
3809542
3809979
3813019
3813326
3813455
3813546
3813678
3814047
3814875
3815226
3815240
3816149
3816402
3816527
3816925
3817006
3817062
3818204
3818504
3818613
3819150
3819528
3819539
3819544
3819646
3820024
3820180
3820810
3821035
3821169
3821575
3822165
3822348
3822608
3822884
3822914
3823219
3823863
3824457
3825003
3825232
3825838
3825958
3827543
3828367
3829140
3829172
3829630
3829928
3830045
3830599
3830871
3830888
3830927
3831231
3832312
3833077
3833681
3833898
3834318
3834450
3835093
3835750
3837619
3837801
3837925
3838083
3838087
3838567
3838620
3838686
3838722
3839234
3840758
3841796
3841975
3842368
3842900
3842983
3843036
3843210
3843990
3843996
3844259
3844402
3844709
3845187
3846473
3846535
3846875
3846889
3847173
3847506
3847813
3847901
3848401
3848826
3849106
3850057
3850081
3850339
3850612
3850667
3850967
3851043
3851224
3851537
3852315
3852772
3853150
3855239
3855246
3855873
3856081
3856739
3856995
3857747
3857878
3858079
3859334
3860660
3861971
3863023
3863609
3863747
3864460
3864708
3864837
3865131
3867107
3867860
3868023
3868412
3869295
3870296
3870509
3870761
3871308
3871814
3872546
3872566
3873469
3873556
3874596
3875084
3875173
3875400
3875581
3875645
3875684
3875842
3875847
3876420
3876530
3876545
3876588
3876673
3876681
3876759
3877315
3877871
3878678
3879357
3879461
3880186
3881431
3881520
3881528
3882051
3882270
3883530
3884721
3884828
3885234
3885804
3885909
3885938
3886151
3886844
3887101
3887916
3888378
3888516
3888824
3888926
3889166
3889229
3889528
3890193
3891006
3893206
3893221
3893530
3895563
3895764
3895865
3896669
3897593
3897648
3898778
3899687
3900290
3900632
3900908
3900996
3901011
3901387
3902054
3902110
3903172
3903578
3903617
3903771
3903871
3904022
3904347
3904657
3905497
3906249
3906257
3906514
3906719
3906798
3907581
3907861
3908345
3908568
3909826
3909830
3909927
3910129
3910762
3912123
3912614
3912642
3912847
3913078
3914988
3915123
3915403
3915678
3916234
3916521
3917475
3919351
3919816
3919976
3920435
3920455
3920974
3921645
3921718
3922719
3923379
3923976
3923990
3924052
3924173
3924529
3925487
3926433
3926890
3928797
3929006
3929271
3929418
3929522
3929542
3930399
3930822
3931333
3931849
3931862
3931920
3931935
3932588
3933746
3934464
3934711
3936148
3936157
3936207
3937275
3937335
3937547
3937699
3937704
3938641
3938749
3939188
3940006
3940607
3941238
3941269
3941636
3942061
3942227
3942837
3943017
3943157
3943392
3943665
3944415
3944809
3945126
3945368
3945620
3946031
3946055
3946056
3946794
3947543
3947818
3948048
3948352
3948887
3949027
3949170
3949171
3949192
3951477
3951744
3952608
3952725
3952904
3953040
3953801
3954564
3955148
3955827
3956003
3956210
3956436
3956858
3957220
3957291
3957412
3957868
3958014
3959291
3959315
3959902
3960094
3960957
3961699
3961737
3962401
3963201
3963958
3964202
3964633
3965103
3965248
3965313
3965520
3965918
3966285
3966347
3967743
3968202
3968365
3968774
3968993
3969274
3969549
3970931
3971115
3971212
3971589
3971618
3971856
3972186
3972825
3972948
3973064
3973113
3973136
3973834
3974412
3974899
3975596
3976483
3976678
3977577
3978071
3978101
3978868
3979418
3980191
3980296
3980761
3980790
3981661
3981943
3984246
3984253
3985206
3985973
3986830
3987573
3987720
3987768
3987819
3988264
3988756
3988802
3989101
3989324
3989414
3989932
3990089
3990570
3990703
3990786
3991401
3991557
3991675
3991688
3992314
3992403
3992966
3993302
3993357
3993964
3994162
3994363
3994592
3994765
3995257
3995640
3996638
3996780
3996783
3997068
3997414
3997698
3997989
3998399
3998670
3999319
3999518
3999533
4000062
4000079
4001986
4002044
4002357
4002465
4002528
4003357
4003573
4003694
4003856
4003912
4004162
4004198
4005347
4005864
4005935
4006136
4006982
4007484
4007779
4008742
4008792
4009601
4010100
4010414
4010423
4010468
4010721
4010896
4011198
4013141
4014693
4016346
4016389
4016938
4017631
4017759
4017955
4018003
4018225
4018810
4018990
4019033
4019081
4019107
4019110
4019300
4019650
4020512
4021616
4021798
4022045
