196
573
724
902
991
1169
2217
2881
3218
3346
3899
4405
4484
4760
6133
7026
7485
7692
8923
9004
9429
9479
9513
9600
9761
9968
10297
10474
11149
11219
11275
11304
11478
11592
11828
12909
13051
14895
15345
15826
16015
16249
17703
18209
18247
18388
18550
19151
19192
19867
19951
20118
20346
20354
21049
21294
22253
22289
23457
23648
23806
23951
24060
25759
26528
26743
26878
26912
27304
27312
27413
28665
29700
29782
29851
29854
29990
30518
30652
30775
30932
31134
31249
32297
32496
32510
32973
33953
34328
34388
34851
35584
35607
35919
35992
36879
37332
37501
38178
38810
39497
39975
40549
40704
41278
42294
42401
42649
42819
43324
44151
44994
45431
45550
46386
46933
47591
47995
48062
48330
48574
48622
49323
50245
51303
51622
51683
52097
52414
53936
54804
55319
55729
55787
56015
56140
56535
57234
57330
57576
57851
57964
58005
58439
60453
60907
61777
62642
63112
63178
63899
64241
64306
64435
64481
65091
65110
65499
65655
65778
65909
66146
66395
67430
67659
68322
68403
68634
69260
69696
70076
70170
70226
70522
70997
71142
71196
71215
71363
71368
72189
72233
72377
73390
73438
73507
74079
74670
74690
74746
74796
75135
75427
75483
75502
76193
76519
77083
77665
77860
79234
79831
80061
80066
80369
80487
80570
80886
81630
81823
82073
82328
84502
84971
85561
85781
85834
86075
86338
86518
87066
87160
87235
87882
88044
88539
88803
89294
89663
90258
91692
92467
92885
93441
94013
94525
94936
95567
96732
96945
98040
98624
98843
98944
99090
99638
99821
100045
100121
100545
101550
101589
101989
102919
103720
104247
104489
104508
104522
104588
104694
105301
105603
105959
106004
106135
106351
107935
108145
108316
108376
108384
108870
109061
109092
109195
109818
110751
111005
111100
111211
112000
112086
112518
112626
112662
112770
114117
114391
114493
115228
116264
116703
116723
116734
117262
117403
117465
117618
117751
117804
118345
118425
120116
121645
123083
123363
123559
123934
124125
124365
124377
124715
125021
125830
126487
126995
127676
128621
129007
129366
129400
130273
131507
132029
132517
132526
133216
133284
133733
135505
135830
136205
136611
137358
137505
137624
137651
138287
139119
139614
140131
140399
141045
141219
141675
141721
141897
142190
142839
142845
143065
143314
144029
144117
144367
145008
145139
145162
145242
145745
146060
146137
146138
146437
146605
147574
148689
149092
149510
149818
150343
150689
150968
152745
152931
153331
153406
153701
154795
155316
155706
156282
156635
156747
156843
156888
157526
157581
157584
157735
157957
158329
158624
159094
159862
160720
161158
161757
161989
162593
163489
163896
164008
164945
165237
165281
165980
165999
166509
166793
166884
167171
167258
167450
167504
167506
168134
168571
168700
168701
169018
169241
169725
169729
169835
170188
170926
171208
171489
172129
173582
173924
174266
174309
174427
174798
174846
174885
175129
175251
175339
175767
175815
176013
178404
178837
179030
179219
179365
179549
179558
179834
179930
179991
180245
181111
181577
181989
182062
182207
182214
182502
183313
183717
183822
184041
185137
185710
185933
186105
186223
186995
189009
192932
193800
194223
194361
194590
195133
195616
195715
195816
195975
198416
199309
200421
200595
201292
201745
202254
203250
203309
203559
203910
204155
204291
204624
205691
206153
206894
207063
207935
208364
208374
210390
211002
211156
211370
211419
212671
212791
213691
214091
214137
214375
214805
214897
214956
215105
215929
216097
216311
216427
216450
217305
218931
219276
219455
219465
219610
219741
219893
220084
221186
221196
223873
223889
225180
225323
225439
225454
225835
226360
227001
227513
227597
227697
227947
228250
228586
228784
229535
231619
232147
232535
232927
233070
233698
233945
234034
234161
234464
234616
234977
235494
235694
235748
236872
237008
237506
237754
237935
238292
238914
239740
240043
241090
242661
243100
243208
243410
244008
245547
245664
246006
246347
247233
248688
248783
248830
248845
249415
249455
249463
249999
250113
250238
250745
251366
251686
252196
252307
252435
252955
253013
253088
254824
255262
255602
255730
255746
255940
257361
258417
258762
259382
261008
261123
261437
262622
262645
263462
263688
263832
264913
265025
265294
266087
267019
267124
267139
267192
267520
268170
269258
269933
269960
270695
270878
271057
271344
271916
272429
272453
272861
272983
273159
273293
273350
273538
273820
274743
274871
275345
275489
275604
276023
276037
276557
276567
276694
277307
277929
278352
278510
278923
278926
279035
279465
280032
280038
280875
281458
281542
281584
281776
281858
281967
282004
282005
283611
283898
284556
284733
284743
285043
285137
286361
286467
286710
287750
288294
288740
288857
289350
290600
291935
292596
292639
293088
293181
293209
293444
294027
294157
294579
294585
295066
295324
295608
296118
296485
297746
297847
298310
298423
300934
300952
300999
301979
302517
302734
302786
303649
303848
304014
304459
304739
305144
305370
305440
305615
305907
305958
306534
306567
306682
307388
307963
308126
308129
308318
308419
308681
309948
310127
310518
310964
311997
312233
313100
313108
313513
314319
314391
314408
314920
315080
315345
315548
315619
315832
316531
316811
317730
318330
319118
319474
319869
319882
320259
320406
320421
320798
321132
321756
322579
323026
323548
324141
324289
324836
325289
325730
326203
326522
326543
326935
326937
327132
327812
327961
328181
328328
328348
328580
329751
329761
329821
330132
330264
330314
331700
331963
332105
332553
332571
332624
333624
334049
335641
336482
337436
337562
337967
338512
338600
339253
339525
340030
340530
340981
341449
341536
341931
343127
343309
343440
343750
343926
344164
344235
344909
345203
345332
345487
346804
346822
347346
347993
348521
349154
349822
349830
350032
351104
351143
351813
353501
354647
354838
355429
355705
355747
356703
356847
356968
357132
357259
358177
358295
358627
358990
359573
359775
361165
361326
361699
361944
362074
362276
362669
362718
363106
363912
363934
364018
364101
364129
364309
364456
364520
364541
365875
366026
366265
366601
367361
367824
368262
368410
368861
368869
368917
369822
370301
370543
370552
370711
371587
372174
373619
373981
373988
375215
375636
376139
376876
377427
377524
377541
377650
377836
378272
379704
380000
380211
380423
380897
380983
381291
381385
382236
382792
383013
383214
383939
383954
384057
384147
384207
384381
384572
384903
385221
385516
387736
388383
388488
388751
390381
390504
390617
391958
392089
392110
392116
392523
392698
392873
393269
394195
395024
395705
395937
396342
396504
397568
397824
399013
399406
399521
400683
400956
401029
401261
401335
401737
402115
402353
402358
402502
402603
403086
403706
404162
404698
405555
406837
407176
407966
408201
409054
409115
409142
409174
409237
409438
409567
411491
411966
412211
412675
412902
413286
413350
413617
413813
414190
414960
416651
417013
417114
417159
417421
418000
418115
418325
418351
418633
418649
418696
421082
421386
421835
422363
422411
422769
423190
423487
423616
423947
424400
424776
424877
425060
425295
426470
426638
426858
427076
427323
428415
428776
429043
429506
429613
429752
429835
429907
430094
430314
430946
431901
433004
433085
433176
433373
433928
434245
434898
435288
435412
435678
435755
437071
437960
438172
438466
438737
438796
439765
440607
440677
440725
441977
442370
443114
443581
444100
444447
444846
444997
445183
445379
445716
446438
447002
447516
448052
448203
448550
448618
448627
448651
448840
449046
449617
449882
450533
450600
451272
451729
451770
451865
453170
453353
453567
453692
454586
454604
454645
454901
455536
456268
456377
456491
456682
457889
458597
458905
458923
459287
459955
460691
461427
462048
462134
462887
464303
465417
465822
466083
466741
466864
467051
467117
467372
467375
467515
468294
468404
468654
469027
469198
469307
470013
471108
472324
473833
475624
477041
477049
477670
477734
478176
478368
478393
479710
480144
480468
480497
480641
481074
481100
481116
481719
482141
482287
482756
483359
483840
484282
484519
484743
484772
484899
486235
486302
486570
486841
487030
487336
487991
488527
488599
488917
489689
489973
490260
490281
491473
491477
492028
492296
492312
493401
493986
494455
494635
496334
496811
497365
497729
498476
498960
499663
499736
500416
500424
500440
500499
500966
501123
501261
501733
502224
502235
502296
502769
503591
503746
503855
503942
504302
504605
504909
505520
505526
506067
506585
508465
508476
508709
508783
509205
509391
509803
510740
511576
512702
512860
513169
514214
515222
515718
515858
516396
517495
518353
518543
518699
518765
518945
519685
519747
519917
520491
521018
521382
521468
521501
521998
523393
525139
526605
526754
529863
529894
529968
530039
530210
531065
531431
531473
531511
531841
531913
532013
532226
532900
532910
533712
535315
536092
536319
536886
537882
538131
538268
538327
538462
539775
539798
539873
540011
540275
540534
540635
540667
542085
543193
543218
543551
543849
543963
544007
544254
544380
544673
545306
545467
546999
547099
547254
547565
548119
548524
548586
548868
549208
549259
550751
552199
553125
553253
554382
555227
555912
556539
556634
557137
557396
557460
557717
559312
559835
560195
560981
561163
561326
562605
562652
562968
563278
563393
564306
564382
564526
564764
565512
566277
567039
567223
567257
567337
567564
567806
567991
569051
570390
571813
572469
572625
573014
573456
573750
573773
574997
575037
575256
575565
576046
576378
576884
576936
577310
577884
578099
578524
579424
579819
580395
580469
581216
582177
582372
582957
583061
583131
584130
584269
584414
584691
584871
586178
586253
586483
586536
586811
588337
589106
589149
591011
591061
591070
591658
591906
592143
592804
593856
594277
594703
595672
595863
595982
596600
597228
597230
597263
597380
597897
598194
598233
599056
599869
600008
600639
600991
601001
601389
601539
602456
602559
602919
603099
603468
604081
605337
605362
605447
606463
607158
607182
607428
607434
607656
607695
608260
608467
608538
609267
609294
609539
609939
611058
611517
612146
612514
612646
613530
614433
614803
615104
615535
616062
616689
616765
616884
616949
617322
617512
617630
618543
618639
619502
619847
619964
620198
620324
620542
621323
621839
621854
622135
622392
623068
624143
624989
625210
625688
625965
626861
627483
627510
627967
628237
628518
629017
629327
629558
630127
630564
631809
632037
632145
632165
632265
632698
634682
634743
635472
635517
635798
635960
636261
636770
637556
637709
637784
638305
638465
638495
639429
640207
640241
641171
641859
641930
642061
642378
642815
642983
643259
643375
643582
643595
643918
644186
644865
645196
645235
645515
646945
647669
647931
648053
648181
648804
649158
649731
649825
650409
651005
651566
652217
652241
652814
653161
653182
653311
653832
654157
654176
654348
654691
655500
655519
655805
655957
656144
657399
658171
658234
658379
658721
658943
659222
659688
659724
659802
660558
660906
661041
661045
661729
662170
662585
662803
663827
663896
664356
664417
665335
665427
665979
666102
666504
666527
666860
666886
667201
667643
667789
669032
669315
669547
669610
670212
670338
671311
671484
671771
671927
672366
672700
673192
673270
674035
674922
674977
675530
676371
676980
677484
678012
679327
681253
681295
681459
682267
682345
682694
682806
683018
683330
683791
683873
684112
684145
684404
686445
686551
686658
686673
687053
687103
687341
687501
687599
687816
688773
689435
689723
689998
690540
690707
691107
691163
691294
692297
692812
692872
693334
694050
694283
694649
695522
696381
696467
696542
696727
696807
696944
697217
697554
697635
698459
698512
699563
699696
700320
700451
701245
702111
702151
702168
702324
703331
703392
703777
704204
706492
707188
707369
709646
709782
710714
711630
711786
711982
712008
712459
712631
713000
713036
713982
714477
715652
715680
715846
716447
716567
717329
718002
718066
718093
720258
721325
722775
723146
724175
724643
725132
727107
727402
727533
727549
727949
728545
729108
729345
729628
730506
731044
731288
731339
732458
732996
733673
733912
734434
734593
734712
735805
737463
738222
738434
739879
740951
742293
742296
742985
743459
743625
743793
743802
743908
744268
745051
745975
746144
746231
746714
747644
748215
748285
748613
748877
751073
751153
751717
751923
752023
752191
752785
752940
753021
753076
753206
753681
753889
754100
755465
755505
755940
755942
756215
756262
756322
756339
756668
757184
757809
757919
757920
758279
759012
759247
759312
760728
760787
761313
761548
761699
762335
762790
764288
765669
765984
765994
766457
767378
767610
767797
769084
770078
770886
771071
771106
771501
772214
773129
775475
775555
775968
777058
777469
777870
778299
778415
778575
779462
779667
780134
780256
780291
780951
781145
781445
781541
781888
782317
782380
784219
784393
784525
784647
785594
786007
786353
787065
787826
788285
788835
789223
789971
790286
790558
790576
790875
790934
791443
791737
793465
794018
794662
796263
796591
796731
797564
798148
799061
799475
799488
800817
801186
801195
801336
801424
802495
802603
802885
802959
803299
803648
804752
805264
805457
806564
806599
806899
807768
807921
808533
808661
808827
808956
809179
809449
809870
810134
811559
813237
813265
814012
814931
815247
816381
816387
817033
817240
817274
818324
818777
818829
819083
819309
819619
819937
820089
820165
820504
821085
821741
822096
822147
822476
822720
822836
823331
823475
823486
824438
826016
827031
827127
827175
827176
827199
827516
827665
827714
827744
827766
827809
828631
828961
829354
829543
830518
830799
831182
831449
831802
831812
831893
832492
832949
833275
833906
835888
836708
837091
837229
837348
837725
839907
840773
841534
841601
841852
842073
842375
842669
844014
844149
844413
845088
845224
845488
845592
846060
846777
846974
847149
847231
847232
847374
847403
848515
848656
849063
849847
850452
851748
851761
853172
853252
853598
853631
853675
854173
854568
854618
855138
855377
855622
856481
856874
857155
857624
857733
857945
857977
858138
858808
859052
859120
859189
860455
860856
861395
861431
861477
862362
862939
863566
863937
864534
864660
865207
865443
866714
867020
867201
867454
867589
868129
868445
869930
870595
871565
871669
872499
873449
873462
873872
874158
875182
875517
875654
877358
878488
878630
878839
879608
879935
880737
881042
881370
881761
881769
882201
882328
882516
882618
882779
882806
883369
883889
884042
885837
885930
886891
886922
887875
888043
889155
889341
889543
890037
890156
891565
892462
892585
892946
893572
893646
893670
893897
894596
895083
895117
895625
895846
895905
897038
897390
897443
898195
898196
898200
898290
898569
899468
899718
900007
900339
900655
900749
900892
901318
901488
901993
902219
902393
902450
902900
903237
903452
903598
903663
903883
903938
904369
904526
904866
905705
906090
906536
906542
908570
908624
909026
909077
909097
909878
910076
910689
910749
910893
910910
912493
912691
913235
913486
913560
913787
914069
914184
914626
914889
915049
915140
915926
916472
916865
916919
916970
917161
917203
918042
918494
918505
919020
919059
920320
920449
920489
920836
921340
921551
922171
922907
923077
923319
923420
923433
924140
924151
924293
924740
924874
924957
925332
925563
926546
926839
927461
928128
928561
929014
929165
929529
929945
929968
930349
930770
931648
932683
932768
933807
933979
934703
934869
934923
935356
935618
935661
936493
936702
937499
937501
937706
939765
940141
941078
941923
942775
943213
943942
945030
945879
946269
946428
946834
947190
947786
947899
948405
948507
948665
949158
949382
951165
952517
952985
953204
953314
954229
954818
955297
955342
955927
956452
958526
959254
960196
961256
962415
962813
963137
963797
963965
964111
964355
964387
964713
964897
964909
964930
965362
965425
966432
966744
966780
966894
966908
968617
968732
969444
970921
971378
971996
972326
972363
972541
972970
973498
973718
973898
974045
974423
975208
975371
976865
976959
977036
977616
977637
977732
978564
978920
979058
979398
979463
979888
979893
979933
982112
982731
982739
982869
983104
983288
983576
984180
984614
985130
985239
986052
986258
986417
986469
987624
987641
987715
988174
988721
989291
989436
990178
990680
990941
991219
991229
991249
991913
992263
992295
992401
993522
993786
994051
994341
994511
994829
995733
995798
996710
996818
997349
997740
998620
999437
1000432
1001643
1002650
1002921
1003207
1003238
1003369
1003374
1004806
1005781
1005811
1007083
1007153
1007217
1007615
1008269
1008511
1008526
1009402
1010452
1010597
1011415
1012325
1012352
1012822
1013006
1013578
1013817
1014457
1015323
1015469
1016347
1016407
1016433
1016764
1017287
1017325
1017645
1017682
1017862
1018533
1018646
1019245
1019377
1019632
1020312
1021024
1021971
1022058
1023558
1023942
1024808
1025758
1026692
1028371
1028460
1028647
1028689
1028754
1029382
1029474
1030053
1030446
1030994
1031062
1031634
1031762
1032042
1032960
1034508
1035158
1035439
1036072
1036325
1037716
1037754
1037789
1038156
1038320
1038408
1038569
1039401
1039597
1040193
1040254
1041267
1041705
1042263
1042518
1042602
1043070
1043321
1043705
1044702
1045184
1045686
1047763
1048227
1048386
1048667
1048765
1049505
1050461
1050585
1051121
1051828
1052006
1053240
1053795
1054618
1054886
1054964
1055388
1055389
1056389
1057742
1058757
1058789
1059287
1060122
1060345
1061362
1061486
1061697
1061725
1063313
1064574
1064660
1064935
1066128
1066874
1067727
1067973
1069286
1069341
1069443
1069477
1069806
1070014
1070760
1070792
1070881
1071000
1071031
1071137
1072026
1073169
1073669
1073758
1073806
1074285
1074958
1075118
1075441
1075676
1077517
1077610
1077768
1078413
1078854
1079551
1080168
1081884
1082376
1082636
1082755
1082760
1083097
1083157
1083208
1083975
1084128
1086504
1087266
1087478
1087964
1088364
1088626
1088955
1089496
1089572
1091684
1092199
1092351
1092619
1094533
1094762
1094824
1095026
1095114
1095204
1095327
1096129
1096547
1096702
1097700
1098311
1098768
1098916
1099275
1099370
1099579
1099580
1100302
1100351
1100848
1101205
1101289
1101322
1102056
1103128
1103419
1104203
1104322
1105057
1105107
1105373
1105485
1105968
1106238
1107459
1108648
1110171
1110735
1111850
1111903
1112015
1112231
1113239
1114438
1114873
1115902
1115941
1116079
1116157
1116715
1117129
1117819
1117880
1118634
1119041
1119485
1119730
1119922
1120646
1121010
1121377
1122096
1122410
1122709
1122830
1123271
1124112
1124180
1124213
1124817
1124841
1125671
1125728
1127334
1128311
1128539
1128764
1129960
1130168
1130287
1131712
1131734
1132811
1133356
1133994
1134023
1134508
1134783
1134964
1137422
1138025
1138060
1138129
1138973
1139096
1139370
1139475
1140017
1140912
1142513
1142782
1143307
1143470
1144295
1144556
1144981
1145759
1146246
1146366
1146454
1147665
1147968
1148192
1148360
1148542
1148552
1148637
1149444
1149491
1149516
1150538
1151420
1151421
1151775
1151871
1152007
1152325
1152482
1153889
1154191
1154886
1155597
1155640
1155789
1156187
1156200
1156283
1156634
1158081
1158317
1158336
1158736
1159318
1159357
1159433
1160222
1160435
1160552
1160758
1161241
1162055
1163003
1163265
1163566
1163640
1163889
1163904
1164208
1164321
1164737
1165201
1165222
1165393
1165782
1166068
1166113
1166343
1166485
1166722
1167132
1167174
1167814
1168410
1168689
1170807
1172651
1172693
1172903
1173449
1175008
1175175
1175270
1176486
1178320
1178464
1179008
1179441
1179646
1181859
1181901
1182905
1185041
1186360
1186549
1186595
1186629
1187175
1187729
1188068
1188250
1188591
1188659
1188699
1188867
1189107
1189203
1189635
1189975
1191114
1191706
1192287
1192573
1193319
1193789
1194040
1195125
1196251
1196841
1197163
1197513
1198219
1198635
1198649
1198809
1198900
1199149
1199228
1199463
1199899
1200194
1200210
1200519
1200605
1200642
1200847
1201293
1201451
1201694
1201859
1202633
1203875
1203884
1203956
1205595
1206113
1206469
1207582
1207944
1208042
1208766
1209132
1209195
1209200
1209763
1209964
1210387
1210526
1211453
1212299
1213609
1213752
1215118
1215333
1216265
1217072
1217825
1218050
1218191
1218801
1219363
1220068
1220115
1220872
1220983
1221002
1221113
1221350
1221501
1221644
1222241
1222337
1222605
1224063
1224976
1225237
1226718
1227081
1227572
1227884
1228101
1228326
1229895
1230800
1230961
1231120
1232656
1232925
1234337
1234403
1234954
1235234
1235295
1236137
1236710
1239026
1239819
1239837
1240432
1240470
1240813
1241619
1242263
1242279
1242440
1242991
1243109
1243440
1243456
1243825
1243996
1244024
1244535
1244687
1245104
1247049
1247199
1248811
1248835
1248945
1248948
1249597
1250284
1250794
1251256
1251361
1251646
1252569
1253206
1253641
1253815
1254236
1254742
1254833
1255433
1255689
1256979
1257372
1257479
1257647
1257722
1259059
1259352
1259659
1260061
1260143
1260415
1260784
1260907
1261071
1261155
1262519
1263057
1263137
1265317
1265848
1266189
1266208
1266250
1266277
1267249
1267267
1267308
1267594
1268165
1268686
1268837
1269300
1269309
1269382
1270385
1271690
1273243
1273547
1273699
1273826
1274119
1274348
1275164
1275391
1275456
1276097
1278583
1278664
1279171
1279521
1281238
1281280
1281330
1281456
1281562
1281745
1282363
1282438
1282766
1282809
1282891
1282950
1283158
1283351
1283648
1284590
1285263
1286159
1286285
1287469
1288452
1288795
1289471
1289690
1289703
1291413
1291900
1292255
1292488
1293925
1294200
1294535
1294819
1294828
1296158
1296171
1297011
1297870
1297904
1298335
1298575
1298863
1299116
1299814
1300508
1300920
1303999
1304866
1304922
1306483
1307800
1307890
1308584
1308984
1309174
1309664
1310092
1310496
1311508
1311570
1311801
1311812
1312234
1313073
1313207
1313541
1314119
1314299
1314326
1314564
1314605
1314643
1314684
1314772
1314932
1315480
1315890
1316696
1317397
1317478
1317936
1318335
1318949
1319192
1319906
1320893
1321166
1321272
1321611
1321867
1322394
1322852
1323119
1323306
1324735
1326919
1327229
1327236
1327568
1327588
1327671
1328222
1328899
1329225
1329877
1330423
1330655
1330775
1331160
1331702
1332266
1332343
1332409
1333053
1333061
1333197
1333429
1333935
1333981
1334103
1334168
1334177
1334289
1335185
1335408
1335956
1336182
1336558
1338651
1338886
1339095
1339189
1340227
1340701
1340991
1341322
1342276
1342706
1342878
1342996
1343080
1344167
1344812
1345117
1345525
1345903
1346159
1347036
1347207
1347213
1347674
1348959
1350001
1350676
1350708
1351154
1351570
1352237
1352426
1352907
1353165
1353383
1353461
1353486
1353682
1353773
1354244
1354748
1354932
1355107
1355855
1357233
1357544
1357732
1358043
1358137
1358353
1358688
1359038
1359686
1359732
1360473
1362036
1362611
1362745
1363122
1363501
1365399
1365675
1366031
1366149
1366456
1366557
1367550
1367688
1368182
1368846
1368868
1369073
1369327
1370107
1371297
1371795
1371972
1372000
1372201
1372588
1373426
1374774
1375845
1375877
1375912
1375921
1376192
1376909
1377181
1377821
1378620
1378803
1379013
1379774
1380034
1380385
1381506
1381742
1382684
1382863
1383121
1383636
1384626
1385755
1385900
1386102
1386488
1386684
1387109
1387487
1388194
1389228
1389703
1389725
1390333
1390837
1390933
1391168
1391891
1391949
1392730
1392809
1393770
1394915
1395091
1395265
1398297
1398878
1400385
1400544
1400630
1400924
1401316
1401395
1401555
1401577
1401979
1402092
1403004
1403326
1403414
1403957
1404568
1405068
1405179
1405669
1406626
1407045
1407413
1408001
1409263
1409480
1409649
1409806
1410069
1410148
1410311
1410945
1411413
1411501
1411769
1412235
1412244
1413826
1414122
1414330
1414825
1415458
1415480
1415877
1415935
1416535
1416602
1416905
1417551
1417869
1418143
1418679
1418831
1419112
1419150
1419778
1420298
1420626
1420801
1421500
1421901
1422433
1422441
1422471
1423548
1423577
1423596
1424807
1425548
1425693
1425694
1425975
1425990
1426400
1426723
1427712
1427787
1428350
1428418
1428575
1429479
1429562
1429698
1430124
1430245
1430259
1431151
1431209
1431813
1431912
1432866
1433236
1433305
1433748
1433754
1433868
1434200
1434886
1435248
1435636
1435710
1436193
1436869
1437147
1437378
1437441
1437648
1437942
1438129
1439284
1439383
1439545
1439971
1439985
1440763
1441546
1441576
1442385
1442737
1443288
1443382
1443469
1443709
1444502
1444706
1444859
1445033
1445068
1445107
1445400
1445625
1446177
1446307
1447190
1447342
1447394
1447398
1447538
1447597
1447612
1447958
1448558
1448695
1448941
1449122
1449215
1449576
1449744
1450729
1452827
1452857
1453145
1453684
1453824
1454095
1454389
1454770
1455085
1455112
1455326
1456361
1457034
1457619
1458197
1458946
1459172
1459851
1460195
1460563
1460644
1460669
1460980
1461301
1464372
1464417
1465289
1467536
1467629
1468436
1469530
1470900
1471167
1471256
1471624
1472714
1473155
1473642
1473789
1474123
1474321
1474400
1475564
1475923
1475969
1476158
1476635
1476805
1476970
1477272
1477571
1477943
1478127
1478870
1478873
1479500
1480377
1480673
1480922
1481014
1481315
1481564
1482572
1483128
1483662
1483808
1483818
1483842
1484118
1484499
1484679
1485857
1485970
1486971
1486984
1487986
1488000
1488031
1488743
1489457
1490241
1490553
1490694
1491832
1492308
1492846
1493734
1494051
1494273
1494625
1494786
1495448
1496007
1496529
1497732
1499448
1499623
1500495
1500510
1501295
1502227
1502439
1502769
1502885
1503094
1503532
1504111
1504256
1504462
1504778
1504807
1505038
1505041
1505569
1505805
1506004
1506274
1506720
1507450
1507455
1507913
1508170
1508621
1508668
1509358
1510695
1510810
1511380
1512183
1512262
1512411
1512606
1514155
1514206
1514349
1514890
1515059
1515254
1515289
1515660
1515888
1515928
1516989
1517047
1517360
1517477
1517742
1517751
1518032
1518150
1518717
1518979
1519069
1519809
1521002
1521004
1521255
1521316
1521740
1522105
1522312
1522641
1522859
1522875
1523241
1523913
1524220
1524338
1524563
1524580
1524642
1524783
1524812
1525116
1525192
1525201
1525416
1525456
1525493
1525649
1525837
1526593
1526962
1527099
1527203
1527287
1528192
1528259
1528543
1528643
1529309
1529373
1530327
1531045
1531544
1532204
1533326
1533631
1533999
1534024
1534071
1534469
1534763
1535275
1535374
1535484
1535899
1535934
1536071
1536625
1536788
1537436
1537537
1537584
1537703
1538293
1538683
1538996
1539442
1539630
1540200
1540399
1540529
1540803
1541198
1541661
1542775
1544122
1545355
1545395
1546740
1547488
1547644
1548045
1549650
1549872
1550089
1551220
1551898
1551913
1552167
1553194
1553499
1553633
1554197
1554464
1554922
1554949
1555101
1555860
1556277
1556489
1556654
1556793
1557442
1557494
1558150
1558373
1558620
1559805
1559927
1559935
1560279
1560768
1560945
1560953
1561475
1561990
1562021
1562759
1562870
1563057
1563143
1563781
1563877
1564470
1564528
1564713
1565808
1566097
1566496
1567913
1567999
1568424
1568470
1568504
1568689
1569175
1569730
1569851
1569880
1570053
1570191
1570278
1570600
1570607
1570862
1570970
1571481
1572121
1572807
1572899
1572985
1574060
1575297
1575361
1575365
1575458
1576832
1576838
1577387
1577877
1577998
1578714
1579027
1580080
1580161
1580414
1580706
1582681
1583099
1583175
1584199
1584660
1585100
1585272
1585605
1586192
1586583
1586776
1587208
1587406
1587681
1587825
1588068
1588322
1588351
1588844
1589269
1589643
1589835
1590419
1591180
1591763
1592453
1592691
1593760
1594216
1594250
1596263
1596555
1596688
1597138
1597542
1597915
1598368
1598867
1598973
1599435
1600259
1601325
1601766
1602148
1603778
1604467
1604645
1604698
1605079
1606524
1606600
1606664
1606733
1606822
1606858
1606912
1607525
1608501
1608703
1608730
1610728
1611127
1612202
1613256
1613309
1613718
1614594
1615023
1615197
1615850
1616088
1616221
1616249
1616308
1616575
1616817
1617343
1617402
1618081
1619202
1619890
1620536
1620655
1621114
1621136
1621387
1621448
1621522
1621533
1621927
1623118
1623424
1623513
1623562
1623567
1623579
1623735
1623908
1624035
1624558
1624768
1625265
1625531
1625854
1626716
1626975
1626993
1627391
1627488
1627963
1628743
1629187
1629632
1629901
1629988
1630347
1630510
1631197
1631291
1631668
1632574
1632618
1632686
1632853
1632859
1633563
1634191
1634406
1634956
1635088
1635182
1635604
1635778
1636268
1636498
1636752
1638462
1638482
1638878
1639153
1639318
1639583
1640076
1640613
1640976
1642081
1642214
1643275
1643399
1645118
1645561
1645763
1646357
1646577
1647339
1647610
1647779
1648369
1648907
1649398
1649691
1649920
1650088
1650205
1650710
1652184
1652217
1652251
1652514
1652868
1653017
1653280
1653578
1653693
1653762
1654848
1656325
1656528
1656778
1658068
1658221
1658553
1659038
1659481
1659503
1660054
1660102
1660196
1660529
1660816
1660992
1661009
1661529
1661633
1663714
1664155
1664432
1664662
1666540
1666783
1667058
1667078
1667144
1667353
1667356
1667976
1667994
1668393
1668845
1669025
1669208
1669613
1669647
1670290
1670467
1671181
1671329
1671762
1671783
1673294
1675502
1676303
1676628
1676771
1678051
1679397
1679753
1680193
1680537
1680600
1681308
1682884
1682946
1683530
1683554
1683904
1684065
1685218
1685332
1685964
1686227
1686419
1687438
1687773
1687852
1688214
1688644
1688706
1689782
1690014
1690186
1690258
1690983
1691973
1692905
1693815
1694910
1696219
1696474
1696562
1697442
1697614
1697684
1697725
1698117
1698234
1699276
1699422
1699729
1700712
1700950
1701283
1701458
1701562
1704833
1705100
1708219
1709045
1709940
1710239
1711224
1713094
1713432
1713663
1714098
1714265
1714433
1714569
1714612
1714696
1715022
1715122
1715389
1715437
1716016
1716219
1716264
1716429
1716627
1717019
1717561
1717909
1718379
1718850
1719707
1720585
1720703
1720884
1722053
1722202
1722844
1723967
1724104
1724173
1724309
1724401
1724673
1726124
1726474
1726891
1727236
1727882
1727896
1728202
1728474
1729476
1729989
1730188
1730247
1730362
1730680
1730783
1731385
1732450
1732748
1732750
1733109
1733337
1733692
1733918
1734177
1734313
1734491
1735374
1735919
1736440
1736452
1736513
1738205
1738496
1738547
1738626
1738788
1738965
1739080
1739247
1740326
1740959
1740996
1741325
1741548
1741860
1742838
1744018
1744693
1744712
1744853
1745473
1746075
1746085
1746167
1746494
1746732
1746817
1746925
1747176
1747223
1747417
1748154
1749102
1749667
1749697
1749719
1750141
1750436
1751117
1751171
1751376
1752779
1754884
1755458
1755875
1755980
1756483
1756532
1756676
1758218
1758453
1758880
1759242
1759442
1760645
1760713
1761035
1761315
1761952
1762046
1763014
1763030
1763278
1763557
1763627
1763790
1764416
1765310
1765332
1765442
1765539
1765698
1765924
1766780
1766829
1767115
1767679
1768006
1769317
1769890
1770078
1770296
1770841
1770956
1771009
1771792
1772250
1772817
1773020
1773096
1773215
1773389
1774123
1774985
1775527
1776199
1776525
1776565
1776907
1777384
1777601
1778755
1779342
1779530
1779738
1780018
1781185
1783391
1784183
1784280
1784365
1784544
1784833
1784904
1785311
1785597
1785803
1786312
1787005
1788072
1788551
1791671
1791746
1793540
1793630
1794066
1794280
1794529
1794558
1795408
1795496
1795550
1796065
1796105
1796256
1796514
1796595
1797202
1797674
1798081
1798151
1798218
1798301
1798368
1798601
1798688
1798873
1799157
1800917
1801413
1801901
1802155
1802580
1802789
1803085
1803304
1803376
1803901
1804168
1804399
1804685
1805027
1805062
1805487
1805931
1806039
1806327
1806518
1806558
1806920
1808105
1808190
1808422
1808919
1809075
1809133
1809750
1810453
1810917
1811290
1811406
1811499
1811536
1811754
1811871
1812049
1812219
1812810
1813043
1813485
1814028
1814111
1814209
1814640
1814648
1815997
1816033
1817265
1818558
1818845
1819199
1820079
1820356
1820730
1820812
1820988
1822374
1822582
1822845
1822969
1823885
1824487
1825023
1825695
1825733
1825910
1826881
1827045
1827185
1827242
1827380
1827544
1827958
1828133
1828532
1830485
1830944
1831842
1831908
1831960
1832090
1832908
1832942
1833581
1834062
1834164
1834919
1834958
1835375
1835900
1836549
1836624
1836641
1837119
1837298
1837344
1837416
1837919
1838671
1838674
1838954
1839096
1839294
1839361
1839433
1839480
1839952
1840216
1840326
1840880
1840957
1841508
1841851
1841897
1842006
1842500
1842519
1842601
1843121
1843244
1844007
1844012
1845134
1845180
1845330
1845676
1846000
1846712
1847856
1847922
1850378
1850425
1850693
1850962
1851424
1851581
1854055
1854203
1854484
1854571
1856900
1857072
1857529
1857984
1858772
1859170
1859241
1859780
1860847
1862323
1862376
1863878
1864346
1865109
1865616
1865928
1866011
1866229
1867043
1867369
1867538
1867542
1868022
1868061
1869895
1870719
1871498
1871532
1872442
1872559
1873165
1873658
1874179
1874548
1874797
1874923
1874927
1874946
1875007
1875057
1876102
1876894
1877113
1877210
1878076
1879258
1879599
1879789
1880168
1882057
1882107
1882312
1882532
1882553
1882674
1882865
1883418
1883848
1884368
1884971
1885418
1886215
1886462
1886625
1886677
1887824
1888762
1889562
1889844
1890573
1890656
1890846
1891262
1891856
1892074
1892178
1892703
1893101
1893232
1893548
1894639
1894733
1895728
1896154
1896399
1896418
1897052
1897222
1897334
1897428
1897527
1897805
1897999
1898149
1898324
1898541
1898694
1898764
1899455
1900142
1900341
1901777
1903277
1903864
1904173
1904311
1905154
1905289
1905989
1906028
1906236
1906400
1906634
1907356
1907658
1907953
1908635
1909227
1909365
1909498
1909603
1910169
1911765
1912299
1912318
1912486
1912925
1913141
1915215
1915803
1915938
1916044
1916883
1916936
1916945
1917365
1917816
1918331
1918700
1919140
1919239
1919479
1919885
1919980
1920172
1920433
1921755
1921824
1921836
1922012
1922182
1922555
1922853
1923105
1923697
1923857
1924151
1924512
1924594
1924601
1924810
1925876
1926743
1926968
1927154
1927196
1927227
1927399
1928084
1928201
1928472
1929360
1930016
1930238
1930336
1931139
1931964
1932736
1933412
1933801
1934276
1935659
1935675
1935854
1935931
1935955
1936094
1936234
1937569
1937637
1938161
1938884
1940539
1940922
1941258
1941766
1941857
1942822
1942832
1942977
1943208
1945239
1945501
1945647
1945673
1946021
1946063
1946194
1946233
1947112
1947682
1947949
1948121
1948271
1948274
1948330
1949029
1949167
1949592
1950168
1950819
1951264
1951299
1951869
1951975
1952727
1953128
1953333
1953712
1953820
1954222
1954474
1954502
1955006
1955340
1955403
1955906
1955924
1956039
1956264
1956825
1958565
1958605
1958668
1958905
1960396
1960840
1962134
1962313
1962779
1963037
1964476
1964489
1964654
1965074
1965151
1965616
1966662
1966671
1967151
1967213
1967570
1967790
1967920
1969504
1969621
1969670
1969821
1969893
1970902
1970988
1971195
1971649
1971691
1971778
1971892
1972274
1972720
1972920
1973422
1973463
1974412
1976344
1976639
1976698
1977026
1977342
1977555
1978080
1979629
1979990
1980585
1980713
1981082
1981185
1981414
1981610
1982041
1982059
1983879
1984189
1984474
1985600
1985618
1986504
1986949
1988499
1988792
1988951
1989163
1989841
1990154
1991023
1991189
1991438
1991634
1991874
1992228
1992692
1992843
1993016
1993855
1995220
1995408
1995611
1996072
1996567
1996584
1996700
1997129
1997477
1997479
1997504
1998508
1998676
1999228
1999440
1999607
1999652
2000022
2000192
2000859
2000867
2000920
2000992
2001067
2002938
2002998
2003186
2003766
2004282
2004797
2005215
2005465
2005860
2005945
2005978
2006411
2006452
2006902
2007272
2007900
2008319
2009245
2009584
2010128
2010165
2011325
2012231
2012655
2013154
2013155
2013247
2014066
2014390
2014534
2014855
2014871
2015285
2016490
2016989
2017122
2017326
2017628
2018053
2018609
2018805
2019184
2019202
2019766
2020249
2020757
2021531
2023071
2023625
2023828
2023853
2024004
2024595
2024612
2025567
2026693
2027090
2027650
2028230
2028380
2028434
2028704
2028724
2029311
2029856
2029870
2030820
2031091
2031457
2031532
2031618
2031808
2032357
2032692
2032693
2033499
2033507
2033712
2033770
2035290
2035392
2035645
2035728
2035938
2036212
2036242
2036296
2036333
2036770
2037645
2038137
2038289
2038455
2038774
2038809
2039104
2039801
2040023
2040119
2040552
2040741
2041099
2041218
2041914
2042418
2043061
2043071
2043128
2043153
2043458
2043720
2044544
2044683
2045315
2046745
2047739
2048482
2048487
2048620
2049146
2049420
2049883
2050457
2050460
2050602
2051589
2052472
2052513
2052620
2052955
2053230
2053493
2053771
2054374
2054377
2054988
2055205
2055388
2056121
2056991
2056993
2057173
2058064
2058428
2058448
2058541
2059261
2060009
2060176
2060319
2061219
2061233
2061998
2062991
2063023
2063241
2063948
2064020
2064407
2064510
2064535
2064596
2065784
2066131
2066556
2066967
2067165
2067611
2067920
2068067
2068119
2068557
2068561
2068849
2068870
2068978
2068989
2069210
2069497
2069585
2070323
2070761
2071065
2071389
2071815
2072635
2073669
2075279
2075736
2076569
2076586
2076928
2077541
2078092
2078644
2079096
2079150
2079931
2080590
2081027
2081900
2082348
2082472
2083064
2083309
2083444
2083908
2084462
2084590
2084596
2085438
2085997
2086235
2086655
2087202
2088324
2089392
2090392
2090400
2090660
2090890
2091445
2092573
2092863
2092968
2093689
2093715
2093743
2094003
2094025
2094764
2095669
2095888
2096773
2097355
2097416
2097515
2097738
2097760
2098099
2099099
2099347
2100182
2100198
2100304
2100355
2100637
2101046
2101166
2101273
2101781
2101920
2102015
2102035
2102315
2102958
2103282
2103494
2103509
2103573
2103700
2104115
2104872
2105591
2106039
2106791
2107993
2108228
2108316
2108340
2108591
2108699
2109031
2109993
2110094
2110171
2110658
2111068
2111316
2111794
2113538
2114350
2114779
2115104
2115306
2115337
2115574
2115982
2116335
2116374
2116463
2116766
2116938
2117118
2117124
2119559
2120161
2120431
2121037
2121520
2121719
2123320
2123760
2124290
2124345
2124614
2125672
2126257
2127436
2127930
2128258
2128601
2128799
2128879
2129476
2129710
2130402
2131206
2131376
2132046
2132207
2133143
2133427
2133847
2134324
2134348
2134451
2134645
2135265
2135917
2136267
2137902
2138715
2139039
2140152
2140163
2140355
2140483
2140621
2141938
2142436
2143023
2144135
2144184
2144348
2144508
2147801
2148367
2148485
2148882
2149575
2150067
2150696
2151027
2151998
2152220
2152320
2152399
2152509
2153656
2153810
2153837
2153951
2154437
2154496
2154506
2154565
2155222
2155261
2155577
2156532
2157483
2157560
2157634
2158631
2159203
2159374
2159855
2160269
2160275
2160556
2160575
2160799
2161064
2161563
2162124
2162245
2163665
2163779
2164369
2164409
2164644
2165687
2165722
2166112
2166456
2166754
2167508
2168176
2168703
2170159
2170235
2170387
2170634
2170859
2171226
2171265
2173032
2173553
2174413
2174927
2176024
2176105
2176303
2177098
2177558
2177698
2178546
2178923
2178976
2179300
2179836
2180666
2180884
2181106
2181517
2182258
2182441
2182471
2183341
2183522
2184503
2185881
2186396
2186886
2187102
2187123
2187457
2188581
2189936
2190091
2190255
2190653
2190763
2190772
2191386
2191723
2192074
2192372
2193843
2193908
2194007
2194311
2194546
2194601
2195165
2195269
2195399
2196021
2196050
2196219
2196365
2196490
2196546
2197007
2197120
2198286
2198910
2199447
2200047
2200140
2200307
2200396
2201222
2201461
2201500
2201906
2201971
2202469
2202587
2203003
2203738
2203822
2203846
2203936
2204480
2204706
2204769
2205470
2205705
2205854
2206296
2206461
2206858
2207114
2207232
2208116
2209820
2210057
2210151
2212291
2212312
2213200
2214959
2215559
2215812
2215955
2216096
2216475
2216812
2217226
2217327
2217985
2218582
2218588
2219611
2220664
2221559
2221611
2221792
2222332
2222656
2224657
2225937
2226026
2226995
2227632
2227877
2227974
2228473
2229359
2229368
2230476
2230608
2231235
2233582
2233770
2234111
2234308
2234471
2235146
2236726
2238466
2238581
2239838
2239901
2241693
2241867
2242177
2242240
2242455
2242580
2243260
2243546
2243771
2244051
2244928
2245067
2245180
2245516
2245779
2246087
2246232
2247012
2248018
2248887
2249121
2249322
2249403
2249784
2249906
2250331
2250492
2251039
2251098
2251929
2251972
2253263
2253391
2254875
2254995
2255359
2255608
2255720
2255956
2257441
2258218
2258398
2258845
2259196
2259787
2259928
2260041
2260238
2260421
2260506
2260995
2261016
2261967
2262306
2262501
2263727
2264417
2264539
2265780
2265927
2266668
2266950
2267240
2268422
2268463
2268824
2268985
2269204
2270434
2270550
2270841
2271998
2272262
2272419
2272579
2272814
2273661
2273998
2274144
2274167
2276253
2277040
2278059
2278098
2278207
2278382
2278728
2278806
2278995
2280097
2281391
2281493
2282039
2282459
2282724
2282936
2283112
2284419
2284493
2284799
2285152
2285192
2285521
2285956
2286118
2286124
2286455
2286462
2286492
2287038
2287081
2287630
2287709
2287741
2288878
2289178
2289464
2289874
2290193
2290936
2291215
2291407
2291636
2291946
2292142
2292604
2292617
2292697
2292849
2292935
2293032
2293498
2293504
2294205
2294438
2294471
2294637
2294643
2295073
2295399
2295522
2295535
2295537
2295827
2295890
2295958
2295963
2297688
2298798
2298920
2299105
2299446
2299798
2300038
2300083
2300217
2301301
2302714
2302782
2303096
2303373
2303669
2303867
2304508
2304913
2306109
2307209
2307298
2307526
2308114
2308180
2308504
2309656
2309787
2310207
2310399
2310671
2311094
2311502
2312211
2312717
2312851
2312914
2314141
2314162
2314546
2314956
2315125
2315255
2315426
2315723
2316298
2316300
2316425
2316766
2317249
2317556
2318027
2318043
2318817
2318858
2319864
2319903
2321505
2321663
2321764
2321795
2321899
2322445
2322703
2322704
2322876
2322924
2323739
2323791
2323989
2324059
2325053
2325105
2325442
2325779
2326510
2327831
2328230
2328744
2329008
2330058
2330143
2330882
2331499
2332191
2332538
2332619
2333007
2333749
2333774
2333911
2334109
2334566
2335410
2335560
2335772
2338460
2339534
2340193
2340405
2340525
2342112
2342428
2342535
2342706
2342868
2343676
2344745
2345128
2345368
2346245
2346380
2346537
2346621
2346740
2347151
2347394
2348631
2349217
2349240
2350184
2350199
2350442
2351782
2352089
2352945
2353155
2354346
2354562
2355071
2355259
2355976
2356625
2357267
2357367
2357864
2358409
2358617
2358680
2358687
2359738
2359811
2361642
2361717
2361762
2363706
2363718
2363728
2364390
2364616
2365028
2365480
2366638
2366716
2366723
2368182
2368324
2368469
2368470
2368621
2368694
2368843
2369528
2369705
2369896
2370105
2370709
2371364
2372745
2372937
2373184
2373477
2374135
2374201
2374996
2375638
2376303
2376894
2376960
2377125
2377353
2378669
2379828
2380878
2381129
2381183
2381198
2381207
2381521
2382358
2382441
2382904
2383133
2383184
2384801
2384818
2385016
2385577
2386140
2386768
2386962
2387497
2387668
2387782
2388316
2388595
2388744
2389421
2389460
2389538
2389593
2389850
2390120
2390122
2390589
2391219
2391504
2391981
2392291
2392695
2392848
2395129
2395831
2395981
2396366
2397173
2398059
2398846
2399182
2399473
2399912
2401034
2401455
2401949
2402028
2402221
2402411
2402429
2402837
2403269
2403869
2404448
2404455
2405041
2405274
2405467
2405649
2405933
2405999
2406095
2406102
2406342
2407046
2407477
2407652
2408008
2408259
2409197
2409700
2411080
2411296
2411388
2412921
2414103
2414171
2414217
2414608
2415306
2415325
2416001
2416078
2416131
2416857
2417270
2417324
2417570
2417628
2418519
2418653
2418743
2419215
2419441
2419802
2420060
2420142
2420804
2420883
2421313
2421805
2422118
2422170
2422952
2423277
2423399
2423405
2423448
2423737
2424491
2424677
2424862
2424933
2425907
2426019
2426790
2426850
2427462
2427682
2427781
2427880
2428130
2428214
2428491
2429012
2429165
2430364
2430511
2430816
2431434
2431551
2432958
2433124
2433484
2433509
2433687
2434201
2434360
2434508
2434888
2434897
2435300
2435301
2435320
2437278
2437361
2437432
2437974
2438034
2438571
2439220
2439809
2442388
2442915
2443385
2443857
2444114
2446237
2446514
2447035
2447313
2447562
2447927
2447951
2448127
2448394
2449993
2450019
2450033
2451229
2451281
2451879
2452453
2452457
2452643
2452814
2452923
2454621
2454764
2455116
2455429
2455438
2455571
2455719
2455956
2456368
2457812
2457944
2457968
2458419
2458661
2459333
2459420
2460006
2460218
2460600
2460764
2462169
2462290
2462319
2462649
2463028
2463169
2463212
2463445
2463856
2464411
2465235
2465436
2465538
2466850
2466878
2466981
2467801
2468669
2469085
2469451
2469576
2469682
2470116
2470382
2470736
2471303
2471420
2471822
2472627
2473836
2474248
2474252
2474260
2474804
2476657
2476948
2477598
2478296
2478695
2479131
2479218
2480098
2480965
2482513
2482950
2482976
2483291
2483751
2484340
2484549
2484918
2485075
2485576
2485799
2485844
2485907
2486251
2487224
2487540
2487608
2488020
2488046
2488689
2488917
2489977
2490520
2490523
2490653
2490800
2491417
2492036
2493259
2494060
2494239
2494308
2494535
2494864
2495302
2496506
2497749
2498206
2498587
2498863
2499892
2500067
2500286
2500889
2501439
2501528
2501831
2502056
2502565
2502638
2503245
2503471
2505057
2506740
2506891
2507326
2507777
2507783
2507807
2508115
2509820
2509866
2510897
2511017
2511264
2511277
2511401
2511733
2511807
2512417
2512947
2513689
2513839
2514214
2514438
2514559
2514694
2515011
2515120
2515475
2515723
2516186
2516238
2516498
2517534
2517968
2518031
2518127
2518861
2519251
2519257
2519281
2520201
2520299
2520736
2521095
2521174
2521255
2521871
2521946
2522634
2523044
2523439
2524027
2524908
2525559
2526268
2527303
2527311
2527809
2528308
2528399
2528852
2528854
2529414
2529677
2529883
2530393
2530808
2531521
2531541
2531846
2531850
2532247
2532596
2533187
2533287
2534199
2534650
2535236
2535285
2535977
2536686
2537293
2537541
2537978
2538456
2538832
2539280
2539301
2539547
2539734
2540240
2541118
2541415
2541879
2542298
2544079
2544363
2544590
2544734
2544864
2545080
2546989
2547218
2547255
2547355
2547885
2547991
2548736
2551288
2552003
2552791
2553364
2553370
2553554
2553991
2554739
2556295
2556587
2556896
2556998
2557335
2557940
2558009
2558246
2559724
2559785
2560559
2561434
2561480
2562824
2562946
2564012
2564658
2564786
2564871
2565292
2565312
2565869
2566922
2567384
2567456
2567568
2567652
2568794
2569353
2569467
2570231
2570399
2570497
2571546
2571636
2571835
2572239
2572389
2573030
2573060
2573084
2573816
2574409
2574431
2574497
2575018
2576190
2576792
2577442
2578019
2578118
2578150
2578334
2578536
2578699
2578853
2579241
2580834
2580955
2581023
2581030
2582416
2582767
2582802
2583065
2583078
2583080
2583557
2585176
2585517
2586708
2588036
2588327
2588747
2589759
2590057
2590414
2590511
2590894
2591242
2591395
2591573
2591792
2591854
2592798
2593162
2593243
2593432
2594534
2594551
2595122
2595616
2597014
2597237
2598194
2598278
2598644
2598920
2598992
2599143
2599670
2601165
2601438
2602346
2603572
2604165
2604519
2605165
2605579
2605624
2606228
2606269
2606302
2606428
2607486
2608267
2608779
2608809
2608858
2609969
2610825
2611285
2611340
2611380
2611597
2612190
2612502
2613084
2615238
2615502
2615900
2616493
2616694
2616710
2616802
2616887
2616888
2617171
2617260
2617378
2617585
2617856
2617867
2618081
2618497
2619302
2619521
2619738
2619752
2620427
2621326
2622282
2622749
2622788
2622950
2624010
2624028
2624038
2624160
2624182
2624283
2625048
2625362
2625437
2625972
2626036
2626317
2626932
2627563
2628037
2628156
2628411
2629237
2629337
2630128
2630231
2630381
2631726
2632453
2632643
2632990
2633267
2633544
2633830
2633879
2634772
2636067
2637368
2638194
2638616
2638866
2639500
2639612
2641260
2641565
2642786
2643301
2643990
2644041
2644284
2644465
2645084
2645360
2645519
2645789
2647118
2647637
2648313
2648364
2648575
2649385
2650327
2651242
2651305
2651425
2651858
2652511
2652757
2652925
2653420
2653436
2654040
2654651
2655011
2656034
2656500
2658486
2658533
2658718
2659004
2659930
2661732
2662062
2662548
2662710
2662863
2662892
2663800
2664849
2664922
2665152
2665588
2665823
2665863
2665981
2666025
2666170
2666750
2668043
2669848
2670346
2670767
2670980
2671447
2672162
2672530
2672581
2673479
2674380
2674563
2675007
2675700
2676798
2676848
2677222
2677504
2678807
2679368
2680030
2682274
2684091
2685009
2685886
2686023
2687204
2688077
2688090
2688716
2688799
2688816
2689319
2689321
2689528
2690285
2690546
2690554
2690623
2690889
2692209
2692342
2692624
2692906
2693269
2693826
2694471
2694567
2694754
2695162
2695460
2695525
2695557
2695604
2695864
2695888
2696842
2696929
2696982
2697953
2698517
2698565
2698938
2699322
2700395
2701035
2701649
2702287
2702549
2702775
2703578
2703926
2704259
2705175
2705450
2705579
2705866
2707248
2707316
2707571
2708343
2708638
2709774
2710295
2710710
2711492
2712479
2713105
2713269
2713356
2713404
2714121
2714130
2714164
2714240
2714249
2715277
2716058
2716519
2716576
2716928
2716988
2718381
2718635
2718682
2719583
2719594
2719829
2720355
2722213
2722240
2722376
2722863
2723059
2723971
2724622
2724641
2725098
2725421
2725474
2725921
2726322
2726485
2727211
2727789
2728409
2728615
2728962
2729127
2729835
2730631
2731094
2731744
2732358
2732895
2733053
2733071
2733768
2733847
2734102
2734401
2734635
2734803
2735549
2735686
2736461
2737346
2737373
2737649
2737946
2738070
2738752
2738844
2739727
2739798
2740037
2740445
2740759
2741208
2742446
2744109
2744296
2745188
2745348
2745371
2746215
2746697
2746823
2747024
2747732
2748560
2748583
2748644
2749933
2750205
2750529
2750548
2751284
2751631
2751895
2752179
2752409
2753642
2754917
2754947
2755021
2756286
2757958
2758000
2758108
2758752
2759878
2760071
2760357
2760589
2760789
2760792
2760810
2760857
2761182
2761490
2761491
2762656
2763591
2764377
2765396
2766028
2766487
2766568
2766604
2767091
2767416
2767737
2768752
2768777
2769233
2769277
2769289
2769613
2770761
2771156
2772493
2772629
2772649
2772922
2772956
2773801
2774810
2775002
2775173
2775219
2775607
2776303
2776617
2777265
2777300
2777393
2777843
2778411
2778445
2779370
2779423
2779873
2780339
2780670
2780740
2780767
2781620
2781721
2781835
2782015
2782134
2782660
2783321
2783683
2786140
2786144
2786283
2786351
2786558
2786869
2787737
2788039
2788234
2789178
2789478
2789983
2790344
2790764
2791237
2791338
2791816
2792198
2792822
2792988
2793255
2793448
2793593
2793764
2793861
2794100
2794161
2794189
2794576
2795595
2797073
2797378
2797550
2798011
2798578
2799270
2799494
2799532
2800020
2800253
2800639
2800767
2801221
2801645
2803185
2803631
2803650
2803710
2804188
2804796
2805091
2805135
2805396
2806200
2806390
2806718
2807022
2807352
2808285
2808722
2808778
2809165
2810166
2811265
2811887
2812852
2812858
2812968
2813024
2813328
2813657
2813675
2813806
2814405
2814688
2814870
2815146
2815215
2815287
2815517
2815769
2815928
2816281
2816875
2816964
2817271
2818125
2818223
2819047
2819308
2819916
2820033
2820037
2820142
2820505
2820723
2821824
2821844
2822205
2823031
2824349
2824361
2824923
2827096
2827119
2827304
2827374
2827603
2828180
2828251
2828820
2828973
2829896
2830344
2831517
2831754
2831850
2832206
2832497
2832589
2832723
2833299
2833611
2834413
2836280
2836303
2836339
2836496
2836868
2837040
2837284
2837317
2837703
2838815
2840207
2841499
2842237
2842245
2843649
2844249
2844660
2846220
2846447
2846916
2847246
2847908
2848099
2848593
2849085
2849086
2850640
2851063
2852463
2853457
2853490
2853528
2854448
2854486
2855325
2856097
2856626
2856795
2857369
2858090
2860389
2860598
2860978
2861275
2862148
2862469
2862595
2864699
2865235
2865655
2865718
2865841
2866570
2866668
2867000
2867228
2867311
2867661
2867915
2868032
2870096
2871621
2872780
2873361
2873588
2873897
2874048
2874516
2874631
2874836
2874886
2876102
2876202
2876376
2876630
2876747
2877622
2877967
2878104
2879904
2880614
2880620
2881726
2881884
2882235
2882509
2882760
2882810
2883451
2883772
2884086
2884223
2884373
2884818
2885421
2885430
2886667
2887177
2887577
2887585
2887668
2887871
2888073
2888831
2890174
2892495
2892614
2892623
2892637
2892961
2893761
2894251
2895170
2895352
2895475
2896649
2897302
2898453
2898683
2898798
2898924
2898999
2899175
2899571
2899827
2900278
2900640
2901703
2902043
2902468
2902543
2903297
2903650
2903852
2903879
2903988
2905835
2906400
2907250
2907251
2907900
2908068
2908284
2908520
2908775
2908929
2908969
2909510
2910485
2910581
2910603
2910769
2911880
2911915
2911997
2912455
2913227
2913406
2914191
2914517
2915322
2916004
2916010
2916011
2916929
2917192
2917237
2918255
2918924
2920058
2920626
2920674
2920693
2921205
2921879
2923005
2923207
2923262
2923320
2924474
2925573
2925730
2925861
2927024
2927148
2927508
2927647
2927652
2928789
2929067
2929462
2929538
2930906
2931067
2931822
2932689
2932851
2933503
2934185
2934258
2934498
2934610
2935297
2936415
2936611
2937149
2937353
2937407
2937971
2937978
2938185
2938514
2938947
2939387
2939690
2940790
2941326
2942560
2942674
2942725
2942777
2943284
2943853
2943862
2944482
2944727
2944750
2944924
2945278
2945865
2946052
2946317
2947088
2947350
2948207
2948403
2948467
2948592
2948773
2949073
2949417
2949831
2950473
2950648
2950809
2951404
2951542
2951575
2952181
2952261
2952357
2952959
2954585
2954987
2955222
2955291
2955376
2955410
2955856
2959540
2960916
2961039
2961560
2961689
2962593
2963084
2963390
2963961
2964245
2964472
2964907
2965453
2965643
2966118
2966224
2966296
2967099
2968211
2968357
2968378
2968671
2968851
2969355
2969467
2970385
2970759
2970859
2971430
2972317
2973094
2973278
2973433
2973668
2974663
2975148
2975335
2975395
2975488
2975491
2975735
2976218
2976264
2977410
2977467
2978220
2978286
2978371
2978583
2978606
2978657
2980001
2980105
2980186
2980234
2980518
2980746
2981331
2981470
2981548
2982242
2982252
2982496
2983010
2983034
2983602
2983709
2983761
2984791
2985061
2985795
2985859
2986652
2986690
2986947
2987213
2987359
2987554
2987619
2988226
2989559
2989568
2990292
2990312
2990369
2990405
2990564
2991180
2991387
2991495
2991686
2992094
2992224
2992792
2993063
2993200
2993877
2994461
2994560
2994818
2995538
2995857
2996130
2996888
2996960
2997885
2998258
2998757
2999044
2999313
2999412
2999434
3000136
3000238
3000771
3001485
3001897
3002538
3002801
3003093
3003277
3003614
3003933
3005795
3006021
3006044
3006732
3007197
3009310
3009573
3009587
3009611
3010253
3010538
3010770
3011022
3011092
3011608
3012104
3012819
3013712
3013714
3014362
3014943
3015012
3015180
3016220
3016549
3016790
3017024
3017778
3018744
3018793
3018801
3018984
3019311
3019556
3019729
3020114
3020782
3021607
3021986
3022172
3022317
3023977
3024338
3024597
3024677
3024715
3025048
3025140
3025249
3025628
3025792
3026187
3026517
3027062
3027880
3029083
3029995
3030524
3032864
3033194
3033292
3033690
3033879
3034397
3035235
3035264
3035388
3035435
3035463
3035549
3035887
3036063
3036146
3036817
3037102
3037543
3037816
3037900
3037914
3037938
3038170
3038526
3038913
3040240
3040279
3040301
3040364
3041438
3042094
3042211
3043414
3043633
3044706
3044951
3045741
3046023
3046272
3046642
3047382
3048550
3048785
3049561
3050017
3050374
3050709
3051533
3051578
3052343
3052431
3052561
3052897
3052957
3053413
3053452
3053678
3053859
3054054
3055277
3056955
3057058
3058249
3058845
3060256
3060313
3061156
3061691
3062927
3063434
3063436
3063649
3064331
3064889
3066272
3066379
3066832
3067981
3068354
3068382
3068886
3070004
3070505
3070537
3071467
3071634
3072035
3072411
3074056
3074071
3074143
3074949
3074959
3076363
3076548
3076889
3077298
3079792
3080376
3080988
3081280
3081764
3081850
3081920
3083014
3083524
3083571
3083654
3083965
3084022
3084522
3086291
3086414
3087277
3087493
3088593
3089254
3090783
3091100
3091698
3092173
3092388
3092525
3092565
3093602
3093943
3093999
3094166
3094195
3094422
3094496
3094606
3094957
3094964
3095056
3095916
3095965
3096525
3097203
3097506
3097865
3097922
3098388
3099009
3099151
3099862
3100058
3100289
3100868
3101420
3101422
3101526
3101700
3101814
3103359
3103566
3103724
3103747
3103827
3105276
3105296
3105744
3107182
3107789
3107859
3108915
3109287
3109400
3109628
3110352
3110680
3110860
3111454
3112015
3112045
3113592
3114486
3114620
3115240
3115269
3115529
3115750
3115762
3115870
3116125
3116565
3116641
3117454
3117542
3118028
3118546
3118891
3121705
3121762
3122138
3122311
3123545
3123582
3123865
3125331
3125756
3126029
3126392
3126463
3126971
3127004
3127069
3127346
3127520
3127839
3128690
3129978
3131202
3131572
3131870
3132089
3132807
3133546
3133564
3135395
3135415
3137864
3138259
3139284
3139755
3139866
3139986
3141978
3142135
3142436
3142446
3143213
3143365
3143969
3144047
3144220
3144575
3145673
3145899
3146351
3146488
3146516
3146621
3146846
3146855
3147177
3148501
3149012
3149422
3149552
3150028
3150289
3150432
3150433
3154315
3154612
3155096
3155106
3155186
3155326
3155502
3155652
3155697
3155775
3157145
3158005
3158049
3158219
3158908
3159543
3160241
3160307
3160376
3160857
3161915
3161920
3161965
3163366
3163441
3164329
3165225
3165420
3165849
3166169
3166455
3166474
3166503
3166505
3166804
3167132
3167203
3167562
3167753
3168766
3168799
3168965
3169654
3171289
3171402
3171403
3171759
3172971
3173631
3174246
3174813
3175178
3175184
3176274
3176889
3177177
3177278
3177728
3178481
3179594
3180216
3181104
3182024
3183079
3183283
3184966
3186424
3186852
3187592
3187601
3188141
3188351
3188696
3188918
3189201
3189725
3190060
3190234
3190346
3190644
3190716
3190992
3191824
3192678
3192844
3193368
3194051
3194133
3194402
3195640
3196125
3196717
3197765
3198127
3198364
3198531
3199141
3199347
3199363
3199550
3200879
3201043
3202694
3202702
3204256
3204513
3204873
3205455
3206249
3206733
3207267
3207523
3207599
3208746
3208946
3209138
3210304
3212139
3212478
3212734
3212836
3213358
3213511
3213923
3214246
3214589
3214759
3215037
3215352
3215937
3215971
3216147
3216427
3216950
3217161
3217660
3217715
3218796
3218822
3219622
3220008
3220351
3220831
3221103
3222794
3222931
3224155
3224181
3224784
3225379
3225465
3225736
3227244
3227359
3228227
3228485
3228987
3229213
3229267
3229474
3230208
3231263
3231556
3232062
3232135
3232205
3232824
3233589
3234047
3234703
3235156
3238007
3238165
3238196
3238297
3239272
3239688
3240260
3240795
3241188
3241367
3241438
3242207
3242716
3242904
3242914
3243382
3243638
3244025
3244063
3244786
3245304
3246573
3246587
3246910
3248992
3249367
3250172
3250940
3250963
3251274
3251623
3251629
3252824
3252850
3253479
3254412
3254798
3255145
3255415
3255777
3255858
3255936
3256498
3256961
3257084
3258075
3258447
3258686
3258715
3258812
3259499
3259650
3260104
3260247
3260961
3261105
3261108
3261302
3261676
3262332
3262799
3263886
3264260
3264534
3265022
3265622
3265644
3266616
3266620
3267460
3267681
3267881
3268372
3268632
3269308
3269497
3269694
3270040
3270442
3270802
3271645
3272091
3272705
3272721
3273081
3273538
3273656
3274084
3274302
3275216
3275376
3275639
3275677
3276497
3276553
3278475
3278713
3279165
3279718
3280234
3280488
3280540
3280668
3280819
3281077
3281168
3281358
3282104
3282321
3282328
3282825
3282893
3283147
3283461
3283800
3285183
3285911
3286193
3286540
3287278
3287360
3288386
3289184
3289898
3290097
3290126
3290720
3290877
3291560
3291895
3292032
3292494
3293205
3294690
3295182
3295370
3295533
3295596
3295598
3296025
3296125
3296225
3296412
3299218
3299589
3299703
3300131
3300614
3301109
3301164
3301298
3301550
3301757
3301827
3302296
3302529
3303295
3303376
3303876
3304476
3304965
3305089
3305479
3307092
3307167
3307454
3307626
3308002
3308379
3308441
3308538
3308548
3308987
3308995
3309855
3310703
3310716
3310870
3310899
3311406
3311424
3311591
3312075
3312214
3312237
3312613
3312752
3313070
3313261
3313291
3314114
3314173
3314698
3315553
3315830
3316065
3316547
3317718
3317733
3318039
3318767
3319255
3319421
3320655
3321140
3321166
3321347
3321844
3322798
3323009
3323398
3323838
3323927
3324488
3325458
3325480
3325715
3325733
3326445
3327191
3327513
3327755
3328028
3328199
3328646
3328769
3328865
3329000
3329395
3329557
3332569
3332794
3333263
3334539
3334541
3335334
3335377
3335479
3336362
3337092
3337252
3337426
3337679
3338378
3341478
3342819
3343623
3343813
3343879
3344574
3346922
3347011
3347249
3348484
3348710
3348975
3349069
3349351
3349554
3349636
3349667
3351129
3351218
3351836
3351955
3352075
3352288
3352603
3355712
3355824
3356537
3356576
3356709
3357055
3357172
3357202
3357483
3357825
3359970
3360643
3360833
3360875
3360907
3360977
3361931
3361980
3361985
3362570
3364002
3364227
3365230
3365465
3365656
3366192
3366324
3367278
3368174
3368279
3368563
3368693
3369314
3369375
3369403
3369651
3369746
3370990
3371059
3371865
3372414
3373564
3375730
3376370
3377119
3377775
3377786
3378355
3379112
3379301
3379573
3379850
3380350
3380360
3380805
3380824
3381122
3381355
3381585
3381885
3382300
3382599
3383575
3383578
3383674
3384423
3384446
3385146
3385633
3385815
3386207
3386380
3386685
3387289
3387299
3387628
3388986
3389260
3389735
3390526
3391824
3392263
3392539
3392651
3393326
3393778
3393832
3394414
3395165
3395757
3396450
3397170
3397439
3399083
3399308
3400257
3400752
3400831
3401827
3402046
3402210
3402522
3402654
3403148
3403862
3404253
3404325
3404394
3404911
3405611
3406061
3406753
3407700
3408577
3408731
3409683
3409849
3409909
3410090
3410818
3411228
3411488
3411497
3412626
3413235
3413449
3413875
3414734
3414769
3415398
3415996
3416288
3416478
3416621
3416622
3417644
3418361
3418377
3419010
3419408
3419939
3419949
3420232
3420259
3420464
3420690
3421939
3422074
3422333
3422671
3422948
3423137
3423143
3423153
3423551
3423558
3423831
3423894
3423980
3424265
3424844
3425429
3426450
3426787
3426890
3426931
3427506
3427714
3429017
3429348
3429959
3430733
3430981
3431387
3431879
3432064
3432130
3433949
3434335
3435248
3435295
3435388
3435641
3435830
3436281
3436296
3436304
3436373
3436792
3436975
3437453
3438318
3438811
3439010
3440095
3440107
3440437
3440976
3441504
3442136
3442361
3442866
3443191
3443322
3444169
3444491
3444850
3445209
3445557
3446600
3448122
3448183
3448676
3448868
3449214
3449314
3449529
3449743
3449785
3450044
3450177
3450409
3450827
3450861
3451182
3451301
3451476
3451513
3453789
3454027
3454140
3454264
3454431
3454541
3454971
3455252
3455539
3456240
3457884
3458407
3458418
3459148
3460086
3460098
3460448
3461310
3461449
3461472
3461706
3462236
3462898
3463486
3463498
3464280
3464413
3464751
3465366
3465814
3466215
3466767
3466824
3467216
3467221
3467514
3468618
3469280
3469300
3469480
3470027
3470222
3470363
3470424
3470503
3470926
3471139
3471167
3471236
3471845
3472249
3472963
3474185
3474568
3474594
3474848
3475828
3476369
3476643
3477666
3478037
3478054
3478249
3478765
3480928
3481273
3481636
3482777
3484297
3484324
3484419
3484621
3484674
3484769
3485316
3485486
3485702
3485791
3485825
3485946
3485972
3486084
3486094
3487155
3488043
3488951
3489023
3489106
3489704
3490367
3490959
3491443
3491574
3491592
3491642
3491936
3492466
3492730
3492768
3493180
3493933
3493963
3495933
3496827
3497049
3497865
3498617
3498648
3498792
3499378
3499431
3499770
3500732
3501173
3501614
3502319
3502890
3503115
3503835
3503912
3504089
3504660
3504737
3505549
3505606
3506151
3506452
3508373
3508774
3508799
3509150
3509349
3509641
3510236
3510824
3511029
3511661
3512516
3512662
3512683
3513462
3513758
3514845
3515274
3516097
3516525
3516551
3516865
3518235
3519303
3519979
3520260
3520456
3520505
3521005
3521072
3521266
3521361
3521669
3522946
3523420
3524759
3524893
3524959
3525156
3525932
3527366
3527624
3527975
3528492
3529137
3529205
3529525
3530061
3530154
3531045
3531057
3531554
3532034
3532209
3532321
3533282
3533301
3533941
3534361
3534452
3534664
3535357
3535777
3535927
3536252
3537281
3537290
3537614
3537663
3537833
3538800
3539299
3539518
3539720
3540219
3540916
3541227
3543215
3543393
3543829
3544167
3544966
3545050
3545444
3545680
3545714
3546554
3547230
3547660
3547777
3547803
3548052
3548489
3549844
3550801
3551891
3552304
3552452
3553769
3554232
3554844
3555050
3555118
3555381
3555728
3555943
3556865
3557331
3558488
3558535
3558914
3558958
3559076
3559140
3559168
3559765
3559829
3560440
3561454
3561722
3562525
3563106
3563695
3563824
3563972
3565076
3565302
3565480
3565568
3565785
3566004
3566061
3566221
3566610
3566642
3566664
3567326
3567958
3568201
3568526
3568592
3568797
3569427
3569593
3571556
3571720
3571837
3572313
3572497
3572773
3572836
3573679
3573719
3574113
3574293
3575037
3575373
3575996
3576276
3576748
3577118
3577193
3577275
3577875
3577957
3578061
3578448
3578493
3578809
3579238
3580254
3580433
3580867
3580889
3581518
3581845
3582954
3583368
3584724
3584866
3585022
3585212
3585404
3585689
3586340
3587601
3588367
3589313
3589617
3590099
3591056
3591521
3592275
3593629
3594304
3595265
3595433
3597198
3597336
3598496
3598820
3598961
3598970
3599443
3600275
3600482
3600578
3600749
3600975
3602075
3602105
3602357
3602591
3602705
3605270
3605796
3605861
3605934
3606432
3606489
3606630
3607458
3607578
3608896
3609914
3610875
3610888
3611463
3611867
3611997
3612911
3613193
3613477
3615127
3615336
3616171
3616516
3616683
3616693
3616849
3617994
3619510
3619733
3620616
3620663
3621019
3621191
3622494
3622782
3622907
3624064
3624796
3625189
3625457
3625704
3625726
3626294
3626381
3626516
3626558
3627223
3627383
3627500
3627878
3627948
3628463
3628527
3628621
3628916
3629422
3629553
3629859
3630022
3630418
3630659
3630683
3631298
3631301
3631741
3632739
3633251
3633414
3633533
3633868
3633947
3634172
3634718
3634892
3635140
3635441
3635495
3635678
3635884
3636488
3637195
3637617
3638211
3638379
3639128
3639150
3639317
3639687
3640703
3640924
3640931
3641075
3641095
3641234
3641426
3642599
3642673
3643941
3644110
3644140
3644572
3644895
3645721
3646018
3646299
3647254
3648139
3649559
3649662
3649832
3650022
3650575
3650686
3651091
3651102
3651362
3652219
3652339
3652913
3653352
3653860
3654072
3654317
3654590
3654842
3655752
3656098
3656761
3657016
3657296
3657689
3657746
3657852
3657894
3658103
3658669
3659093
3660174
3660615
3660826
3661128
3661397
3662068
3662161
3662285
3662371
3663496
3663929
3664017
3665619
3665637
3666872
3666969
3667391
3668298
3668314
3668886
3668984
3669208
3669416
3669456
3669508
3670018
3670623
3671111
3671421
3672991
3673105
3673270
3673906
3673965
3674248
3674571
3676062
3676775
3676895
3677671
3677890
3678015
3678051
3678745
3678774
3678809
3679017
3679662
3681536
3681777
3681830
3682534
3683029
3683200
3684019
3684036
3684088
3684603
3685038
3685276
3685806
3685936
3686521
3687223
3687296
3688018
3688475
3688558
3688670
3689204
3689405
3689842
3689985
3690067
3690152
3690430
3690501
3691892
3692144
3693698
3693944
3694840
3695987
3696074
3696145
3696355
3696539
3696844
3697114
3697297
3697574
3698852
3699217
3699908
3699957
3700891
3701492
3701814
3701833
3702049
3702527
3703936
3704701
3705145
3705373
3705426
3705441
3705675
3705701
3706027
3706073
3706366
3706488
3707160
3707398
3707568
3707966
3708944
3708982
3709135
3709598
3710142
3710179
3710646
3710675
3711192
3711234
3711287
3712441
3713170
3713225
3713228
3713382
3713474
3713841
3714211
3714642
3714824
3715031
3715048
3715369
3715827
3715887
3715911
3715912
3716191
3717655
3717669
3717865
3719271
3719992
3720725
3720944
3721048
3721226
3721634
3721849
3722041
3722485
3723527
3723589
3723742
3724302
3724315
3724376
3725021
3725477
3725480
3725675
3726719
3727729
3728071
3728074
3728212
3728218
3729438
3729554
3729890
3730821
3730880
3730937
3731090
3731249
3731849
3733181
3733271
3733378
3733767
3734147
3734475
3734819
3734994
3735166
3735399
3736038
3737671
3738519
3738852
3738988
3738992
3739080
3739825
3740633
3741173
3741181
3741216
3741325
3741566
3741906
3742108
3742499
3742520
3742716
3742778
3743386
3743907
3743962
3747212
3747466
3747709
3747914
3748376
3748614
3748714
3749018
3749376
3749455
3749544
3749649
3749975
3750613
3750815
3750976
3751476
3752129
3752238
3752841
3753270
3753297
3753907
3755003
3755048
3755544
3756270
3756574
3757477
3758174
3758230
3759067
3759104
3759419
3759986
3761078
3761262
3762754
3763622
3763654
3764882
3766261
3767013
3767567
3768804
3769615
3770052
3770258
3770616
3770980
3771834
3771936
3772626
3773755
3773788
3774285
3774288
3774889
3774971
3775370
3775432
3775826
3776128
3776397
3776855
3776945
3778342
3778440
3779075
3779704
3779910
3779992
3780082
3780149
3780929
3781683
3781997
3782352
3783022
3783579
3783885
3784002
3785405
3787309
3787608
3787750
3788061
3788092
3789443
3789571
3789856
3790378
3790592
3791081
3791221
3791477
3791526
3791606
3793419
3793491
3794026
3794558
3795075
3797161
3797433
3797862
3798077
3798516
3799239
3799367
3799625
3799634
3799644
3800235
3800389
3801373
3802141
3802565
3802853
3804747
3805162
3806983
3807780
3808152
3808320
3808324
3808509
3808639
3808851
3809062
3809083
3809204
3809703
3810676
3810805
3810836
3811170
3812212
3812777
3813025
3813319
3813621
3813867
3813890
3814172
3814473
3814593
3815317
3815673
3816535
3817030
3817461
3817834
3817956
3818057
3818125
3818159
3819627
3819746
3820135
3821241
3821554
3822664
3822865
3823620
3824461
3824885
3825213
3825279
3825876
3826526
3826829
3827072
3828344
3829244
3829961
3830840
3831641
3831812
3831967
3832051
3832412
3833584
3833736
3835008
3835085
3835117
3835413
3835716
3835958
3837090
3837419
3837862
3837871
3838540
3838544
3838827
3841840
3843050
3843477
3844433
3844717
3845226
3845842
3846171
3846328
3846426
3846691
3846780
3847159
3848704
3849087
3849099
3850046
3850456
3850491
3850695
3850841
3850982
3851013
3851022
3851797
3851970
3851990
3852418
3852548
3852950
3853457
3854158
3854436
3855036
3855853
3856380
3857014
3857966
3858674
3858952
3859260
3859521
3860156
3860780
3861957
3862894
3863346
3863475
3863865
3864489
3865681
3865959
3866436
3866527
3866937
3868287
3868389
3870149
3870250
3870883
3871325
3871548
3872213
3872326
3872889
3873427
3873633
3873719
3873910
3874071
3874112
3874772
3875290
3875356
3876087
3876278
3877094
3877147
3877203
3877290
3877778
3878239
3878407
3879018
3879516
3879698
3880052
3880686
3881513
3883026
3883193
3883335
3883675
3884104
3884120
3884724
3885304
3885402
3885494
3885630
3886370
3886651
3887148
3887820
3887859
3888668
3889560
3890480
3890988
3891298
3891435
3891511
3892168
3892213
3892276
3892525
3892749
3892962
3893375
3893856
3894031
3894476
3895374
3895535
3895606
3896976
3897587
3898527
3899346
3899409
3899857
3900177
3900218
3900579
3901359
3901439
3901664
3902016
3903177
3904485
3904589
3904592
3905923
3906479
3907260
3908696
3908918
3910617
3910717
3910724
3910751
3910754
3910975
3911251
3911417
3911635
3911714
3912145
3912203
3912480
3912749
3913157
3914197
3914496
3914646
3915468
3915708
3916052
3916077
3916315
3916410
3916705
3916902
3917065
3918242
3918847
3918905
3920077
3920273
3920547
3920809
3922341
3922389
3922565
3922630
3923313
3923518
3923569
3923975
3923984
3924413
3924731
3924893
3925049
3925137
3925766
3925814
3926079
3927114
3927462
3927926
3928195
3928496
3929185
3929268
3929638
3929891
3930011
3930652
3931742
3932383
3933057
3933300
3933340
3934085
3934145
3934255
3934345
3934402
3934919
3934960
3935336
3935908
3936864
3937884
3937939
3937957
3937971
3938585
3939046
3939496
3939908
3940195
3940527
3941053
3941449
3941588
3941907
3942183
3942277
3942574
3943061
3944054
3944331
3944564
3945133
3945352
3945726
3946561
3946945
3947151
3947223
3947716
3948492
3948869
3949412
3949452
3949766
3950156
3950334
3950352
3951470
3951487
3952096
3952634
3952694
3953175
3953972
3954845
3955147
3955169
3955280
3955806
3956096
3956435
3957738
3958322
3958365
3958376
3958515
3958961
3959167
3960098
3960307
3961257
3961984
3962090
3962122
3962165
3962560
3963650
3963875
3964215
3964312
3964485
3964496
3964872
3965208
3965684
3965826
3966227
3967359
3967477
3967627
3967798
3969319
3970267
3970352
3970677
3970687
3971550
3971727
3972024
3972032
3972781
3973504
3973513
3973671
3975172
3975423
3976034
3976243
3977185
3977254
3977465
3977537
3977744
3977866
3977980
3978119
3979234
3979328
3979978
3981136
3981151
3981392
3981962
3982368
3982453
3983352
3983726
3983782
3984008
3984089
3984583
3984664
3984902
3984921
3984954
3985038
3985446
3986004
3986161
3986934
3987350
3987585
3988067
3988275
3989187
3989308
3989851
3990354
3990447
3990700
3991982
3992038
3992619
3994101
3994891
3995084
3995242
3995431
3995595
3995994
3996037
3996940
3997708
3998157
3998393
3998414
3999587
3999651
4000213
4000284
4001126
4001741
4001754
4001799
4001925
4002024
4002746
4002849
4003101
4003235
4004945
4005222
4005328
4005336
4005843
4005846
4006868
4007072
4008748
4009510
4009926
4010583
4010651
4010911
4010960
4011063
4011494
4012744
4013178
4013520
4013942
4014134
4014410
4015697
4016214
4017187
4017288
4017302
4018113
4018383
4018884
4019252
4019449
4019644
4019689
4020155
4020325
4021371
4021814
4021952
