1276
1648
2254
2791
3328
3675
4336
4422
5213
6606
7071
7177
8571
9048
10256
10392
11995
14088
14525
15222
15300
16611
16847
16992
17233
17347
18917
20029
21070
21084
21693
22100
22927
23082
23308
24269
25566
27199
27275
27841
27985
28011
29521
31605
32646
33318
34332
34797
34960
36147
37248
37362
37494
37502
37750
41199
42226
44337
45323
45521
45623
46295
46633
46957
47123
47969
49548
50490
50518
51922
53313
53435
54956
55593
56552
56609
56617
57042
57146
59083
59364
60935
61299
61497
61621
61643
62233
65103
65710
66027
66743
67149
67215
69402
69538
70028
70395
70550
70668
71005
71111
71746
72631
73513
73529
73690
74650
74723
75030
75118
75214
76994
77606
77745
78301
79702
80091
80975
82285
84015
84303
84587
86588
86677
87209
87509
91835
92036
92681
92806
92946
93027
93389
94406
94718
95171
95969
97400
97664
98169
98385
98647
99136
99160
100438
101342
101749
103803
104646
105529
107091
107613
108238
108276
108989
109683
109823
111245
111339
112688
113146
113412
113563
113955
114932
115614
115659
116376
117224
118205
119460
121534
122095
122577
122842
123712
124346
124398
126099
126712
127071
127369
128067
128490
128837
129998
130749
132204
133003
133042
133170
133590
134113
134218
134277
134394
134761
135472
135550
135876
135947
136904
138020
138717
142137
142254
142658
143398
144925
145798
146360
147098
147255
147414
147717
150773
151162
151383
151728
152453
152724
153229
153882
155231
155443
155793
156004
157973
158139
159705
160857
161269
161575
161695
162561
163185
163320
164083
165088
166577
166603
166798
169019
170952
171644
172126
172199
172209
173126
173984
174444
174712
178051
178295
178850
179465
179890
180646
180891
181803
181978
182346
182988
184458
185003
185329
185729
185794
186117
188700
189058
189159
189173
189300
189685
189859
190254
190787
191639
191644
192147
193019
193339
193483
193556
193818
193967
194394
195710
196991
197615
197626
197902
198222
198660
201117
201182
201918
202517
202788
203715
204500
204536
204830
205619
206232
206744
207276
207506
207969
210948
211231
211623
212074
212255
214581
215135
218101
219810
219939
220324
221762
225470
225598
225775
226185
226521
226584
226628
228497
231144
231203
231876
232520
233045
233628
234348
234865
234945
235286
238779
239149
239489
239534
240481
240488
240672
242544
242674
243302
245275
245289
245440
246137
247582
247733
248000
250004
250394
250892
252099
252571
252814
253692
256204
256778
257241
257537
260366
260439
260723
260946
263403
263670
264447
264758
265202
265380
265958
267365
268027
268467
268523
271070
272230
274501
274529
274717
275126
275398
275951
276041
276159
277269
281270
282548
282648
283364
283761
284376
285411
285617
285629
286607
287282
288023
288097
288147
292760
293084
294529
296072
296440
296925
296940
297527
298655
299244
300119
300361
301613
302415
302809
303065
303513
303936
304583
304735
305114
305400
305485
306021
306474
307768
307947
308866
308991
309942
310718
310871
310966
311626
311749
311757
313317
314088
314324
315196
316762
317324
319336
320899
321416
321622
322014
322036
322573
323234
323343
323779
323847
325029
326581
327249
328614
329249
329922
330153
331519
332542
333219
333399
333454
334377
334631
337903
338113
338289
338491
338499
339856
341836
342400
343055
343302
343338
343450
344062
344349
344640
345180
346948
347783
350805
352260
352544
352796
354956
356165
357107
357257
358175
358623
358669
358845
359198
359453
359475
362777
363379
366741
367405
367924
367963
368390
368532
369476
369901
370301
370403
370637
371195
371393
371996
372469
372691
373250
373721
374214
374780
375038
375960
379181
379486
380052
381222
383484
383506
384428
384695
385676
386790
387039
387732
388664
388891
391315
393495
394130
395834
396869
396887
397461
397613
398763
399281
399932
400472
401244
401624
403734
403883
405250
405447
408386
408537
409087
409303
409564
409566
409602
410402
410502
410833
411177
412731
412928
414161
414775
416649
419032
419977
423089
423139
423157
423216
423863
424736
424862
426819
428516
428531
428733
429622
430219
430348
431058
431091
432706
432712
432713
433310
433355
435298
436536
437109
437874
438899
439658
439682
439746
441043
441093
441596
441656
442253
442489
443626
444733
447074
448309
451011
451846
452204
454078
454219
454418
456639
457058
458543
460203
460293
460588
460880
461206
461923
462786
463632
464649
464681
465133
465136
465238
466757
467457
469180
469349
470527
471374
474022
475323
476254
476659
477082
477176
477748
477887
478601
479182
479213
480902
482172
482210
483360
483662
484905
485992
486290
486885
487227
487291
487339
487604
487873
488953
489143
490599
491613
491741
493894
494012
494194
494611
495208
495235
495421
495969
496182
496267
499961
500075
501843
502514
503342
505115
505280
505723
507897
507901
508391
508584
508616
509235
509852
511014
512135
512136
512348
512441
512636
513307
513530
515047
515189
519262
519634
519890
519909
520321
523963
524438
524589
525117
525553
527566
528228
529000
529626
529899
530447
530675
531205
532357
532844
533173
533197
534239
534320
534912
535628
535673
536077
536888
537695
540718
541356
541458
541500
542435
543946
544392
545003
545574
546459
546584
546943
547357
548925
548992
549099
549196
549939
550042
550711
551507
551565
552233
553056
554604
555205
555585
558672
558978
559291
560998
561580
561808
562355
563046
564420
564897
565067
565161
565533
565875
566123
567175
567206
567963
568983
569503
570339
571566
571727
573502
573615
575562
575563
576275
576618
578635
578906
578910
579134
579784
579792
580345
581147
582662
582874
583143
583520
584784
584957
585309
585360
585371
586611
587453
587760
588074
589729
589775
589803
592683
593014
593415
593599
594375
595052
595449
595779
595870
596088
596435
596942
597058
597264
597809
599058
599103
599216
599293
599682
599789
600071
600915
602097
602294
602651
604405
605002
605363
605667
605816
606152
606519
606848
606894
607165
607960
608760
609124
609225
609367
609700
611612
611897
612591
612749
612980
615436
615520
616226
617146
617825
618831
619058
619154
619308
619444
620061
620458
620906
620950
622324
624005
624361
624483
624753
624874
625523
625813
626083
627402
627831
628138
628723
628892
629102
629240
629679
629936
630287
630305
631179
631871
632036
633058
633111
633677
634030
634303
634779
634798
635867
637216
637536
637725
638645
638790
640138
640741
641099
641290
641824
642880
643849
645282
645968
646570
646644
646685
648251
648762
649168
652017
652074
652370
653597
655729
656100
656852
656867
657914
657931
658202
658633
658662
658825
662127
663269
663512
663878
664203
664348
666017
666152
668566
668589
669986
670527
670909
672714
674893
675079
675151
676524
676618
679407
680005
680624
682700
687136
687553
688906
690130
690740
691068
691273
691309
691443
692343
692526
693360
693508
693609
693938
693983
694279
694377
695279
695436
696561
696992
697868
698183
698740
698963
699933
700306
701361
701528
701720
702470
703723
703992
704999
705643
706847
707382
707924
709232
711195
712729
714101
714203
714263
714928
716254
716452
717775
718993
719067
719251
719410
719802
720201
720231
720285
721423
722809
725046
725828
727705
727739
728306
731981
732080
732263
733092
734333
734573
739133
739142
741263
742082
743306
744324
744672
745391
745871
746064
747001
747159
747269
747561
747710
748510
749243
749416
750988
751659
752742
753619
753746
754710
757446
757955
757994
758493
759781
759879
759935
760029
760038
760743
760947
761273
761465
762050
763773
765663
766044
768212
768997
769004
770021
770447
771495
771530
771686
771981
772363
772444
774982
776250
776673
776768
776771
776777
778880
779125
779255
780108
781403
782357
782977
783737
784241
784882
785126
785944
786154
786368
786974
788361
789350
789692
790187
791037
791733
792987
793134
793399
795548
796753
797956
798454
798685
798792
799666
799794
799811
800073
800328
801801
802993
803330
806082
806644
807227
807507
807748
807876
808434
808620
809319
809676
809956
810679
811107
811157
811609
811784
812209
812525
812929
814808
815330
815506
816149
816232
817362
817741
818029
818597
818829
819377
819396
819853
822477
823001
824466
824755
825683
826035
826875
827569
828628
828665
828741
830556
831169
831266
831474
832090
832589
832615
833107
834525
835813
836108
836133
836812
840829
841659
844449
844477
844745
844874
845319
845679
846806
847027
847370
848320
848473
848581
848740
848848
850266
852162
853106
853264
854434
854621
855220
856286
857633
859078
859743
860112
862215
862270
862324
862977
863094
864124
864728
864960
865744
866019
867460
868790
869080
869408
869775
870051
870499
870963
871995
872000
872179
873156
873615
874721
875137
875400
875954
877985
878053
878243
879006
879309
879999
880517
880580
880681
881924
882002
882603
883518
883724
885203
886577
888269
890481
890789
891844
892816
893075
893547
896345
896584
897047
897570
897690
897851
898475
898498
898629
898996
899204
899645
900020
900375
901037
901833
901955
902003
902559
903140
903488
904435
905467
905735
906275
906435
906439
906491
906661
907545
908383
909172
909796
909942
910128
912429
913718
913728
914412
914718
915628
915829
916650
916701
917458
917808
919320
920588
921179
925337
925572
925694
926085
926190
927096
927632
927714
928809
929426
930082
930418
931617
931965
932275
932872
935049
935970
937766
938530
940197
942948
946574
946632
946696
946739
946818
947212
947817
948022
949418
952409
954508
954688
957266
958123
958944
959100
960311
960654
961709
961961
962116
962437
963646
963844
963952
964557
966318
967683
967718
968900
969886
970475
971168
974307
974536
974589
974758
975566
975822
977888
978770
978989
979045
979192
979570
979783
980875
981746
982929
983480
984894
985835
985984
986788
987702
989887
990518
991174
992291
993391
994662
994991
995012
995992
997206
997251
997686
997720
998359
999500
1000554
1001137
1001900
1001947
1002089
1004141
1004486
1004874
1007009
1007602
1011213
1013209
1014321
1015147
1015390
1015406
1015713
1016078
1016638
1017757
1020248
1020259
1020292
1020531
1021705
1021712
1021976
1022498
1022549
1022748
1023201
1023338
1024792
1025945
1026817
1027118
1028195
1028512
1028685
1030797
1031189
1031281
1032134
1032185
1032486
1032731
1033372
1033546
1035353
1036051
1036771
1037063
1037143
1037149
1037920
1039156
1039923
1040321
1040602
1040706
1040878
1040964
1042151
1042503
1042641
1043611
1044089
1044440
1044702
1044893
1045354
1045769
1046251
1046994
1047628
1048413
1048609
1048928
1049404
1049680
1049701
1049946
1051743
1052103
1052681
1052977
1053218
1053545
1053808
1054264
1054484
1054945
1054962
1055188
1055649
1055771
1057019
1057554
1059078
1059895
1059940
1060437
1063060
1063543
1064407
1064605
1065186
1065995
1066025
1066203
1067570
1067737
1069250
1069910
1070690
1071023
1071981
1072935
1073456
1074263
1074457
1075109
1075850
1076068
1076100
1076801
1077001
1077737
1079894
1080975
1083422
1084375
1084952
1085069
1086058
1086298
1086759
1087621
1088795
1088798
1088976
1090045
1091217
1091696
1092828
1093672
1094304
1094846
1094857
1095508
1096145
1097506
1098368
1098966
1099526
1099747
1099934
1100035
1101991
1102010
1102142
1102438
1102972
1104328
1104889
1105635
1106239
1106526
1106769
1107908
1108749
1110427
1111203
1111613
1112239
1112453
1113148
1114360
1114499
1114655
1115333
1115645
1120725
1121366
1121479
1121618
1121652
1121727
1121794
1122063
1122664
1123799
1124620
1124739
1125264
1126424
1126782
1126844
1127611
1127944
1128566
1129207
1129417
1129623
1129948
1130017
1132448
1135139
1136067
1136158
1138463
1140080
1141286
1141959
1142602
1142620
1143308
1144155
1144435
1144490
1145395
1145441
1145939
1146195
1146234
1146925
1148269
1149359
1151485
1151915
1152544
1152929
1153769
1153796
1155889
1156122
1156586
1156658
1156796
1157021
1157795
1158386
1158813
1162437
1162710
1165926
1165968
1166946
1167132
1167406
1168552
1168560
1169183
1169502
1169999
1170166
1170376
1170411
1170955
1172273
1172445
1173436
1173948
1174302
1175254
1175448
1175774
1176506
1177103
1177828
1178559
1178931
1179138
1180674
1180915
1182200
1184585
1185053
1185435
1186058
1186162
1187138
1188245
1189026
1189179
1189477
1189615
1190882
1191025
1191966
1192218
1192992
1193805
1194088
1194866
1195749
1196121
1198010
1198732
1198996
1199069
1199090
1199696
1199868
1199933
1201323
1202998
1203207
1204874
1205357
1205649
1206088
1206584
1208362
1213368
1214461
1214688
1215608
1217411
1218120
1218255
1219061
1219327
1220490
1220607
1221531
1222402
1223401
1223624
1225356
1225691
1226691
1226814
1226990
1228734
1231929
1232062
1232154
1232531
1232877
1236518
1237496
1237548
1237579
1237738
1238589
1239837
1240381
1242301
1242476
1242948
1243543
1244029
1244119
1244678
1246409
1247442
1248966
1250060
1251018
1251520
1251930
1253122
1253525
1253832
1254824
1255319
1255733
1257442
1257488
1257509
1257575
1257759
1258518
1259145
1259655
1259939
1260288
1261264
1261789
1262370
1262556
1262790
1263723
1263769
1264135
1264458
1264460
1266574
1268225
1269336
1269353
1269638
1270229
1272597
1273866
1274321
1275293
1275387
1275715
1276258
1277243
1277712
1278034
1278447
1279509
1279965
1280771
1280910
1281133
1281755
1282484
1285040
1286297
1286492
1287347
1287479
1287523
1287682
1287768
1288497
1288807
1289825
1290432
1290742
1291811
1293346
1294338
1294462
1294489
1296144
1297426
1298135
1298353
1300094
1300486
1300770
1301047
1304857
1305626
1305903
1306783
1307559
1308019
1310418
1311172
1311332
1312128
1313574
1313873
1315407
1315835
1315909
1316355
1316906
1317238
1317510
1317562
1317747
1318115
1319810
1319925
1321075
1321076
1321320
1322102
1323302
1323513
1327447
1327656
1328121
1328529
1330840
1331420
1333202
1333274
1333336
1334819
1335129
1335768
1335905
1336275
1336735
1337518
1339539
1339918
1340266
1340686
1341721
1342774
1342819
1343046
1343537
1344070
1344153
1344206
1345048
1346798
1350169
1350788
1351868
1353717
1355315
1355642
1357447
1359400
1361700
1362077
1364276
1365349
1366028
1369295
1369525
1371466
1372760
1373120
1373832
1375874
1375900
1376003
1376606
1376805
1377574
1378606
1379184
1379533
1379555
1381377
1382069
1383995
1385152
1386180
1386313
1386822
1387070
1389862
1390322
1390980
1392065
1393485
1393625
1393924
1397211
1399472
1400812
1402366
1402835
1403158
1403786
1403827
1404667
1405027
1405091
1406925
1407533
1407953
1408091
1409226
1411089
1411512
1411637
1415584
1415740
1418482
1418660
1419670
1420732
1422807
1424722
1425158
1425739
1426952
1430414
1430432
1430506
1431689
1431818
1432290
1432604
1434622
1435878
1437199
1437570
1438300
1438548
1440369
1440638
1441419
1441631
1442466
1442798
1442973
1443072
1443131
1443757
1444127
1445172
1445182
1445340
1446647
1446916
1446959
1447068
1447635
1448128
1448395
1449011
1450679
1452001
1453445
1453581
1453971
1454431
1454493
1454771
1456146
1457469
1458133
1458419
1458702
1458794
1458814
1460835
1461788
1462058
1462758
1463697
1464801
1465719
1466014
1466917
1467041
1467135
1467330
1469259
1469292
1471047
1471630
1471654
1471708
1471904
1471974
1472086
1472602
1474360
1474416
1474472
1475422
1475645
1476805
1477246
1477624
1478424
1478624
1478639
1478685
1480095
1480153
1480282
1480766
1480951
1481744
1482437
1483928
1484614
1485745
1486220
1486401
1487346
1487432
1488063
1488091
1488978
1489811
1491802
1492153
1492540
1492740
1492754
1494166
1494219
1494432
1494765
1495595
1495851
1495971
1497137
1497544
1498179
1498839
1498920
1499719
1503157
1503248
1504019
1505663
1507360
1507678
1507709
1508253
1508542
1510506
1510514
1511434
1514293
1514960
1515042
1515193
1515478
1515751
1515788
1516183
1517710
1519693
1519985
1520465
1521477
1521719
1522097
1522532
1526328
1527042
1527171
1527173
1528661
1530486
1531488
1531552
1531686
1531778
1533193
1534716
1535104
1535898
1536354
1536873
1537066
1538012
1538440
1540137
1541108
1541349
1542779
1543234
1544454
1544473
1546373
1546717
1547845
1548082
1550472
1551282
1551561
1552190
1552305
1552975
1553141
1553205
1553797
1554602
1555394
1556334
1556608
1557336
1557632
1558294
1559097
1559716
1559955
1561339
1561814
1562369
1563200
1564302
1564692
1566250
1566519
1566935
1567146
1567707
1569863
1570419
1571375
1571574
1572177
1572897
1573043
1573532
1573659
1573995
1574373
1575614
1576149
1576321
1576976
1577563
1578416
1578933
1579440
1580898
1581028
1581104
1581443
1581992
1582145
1582398
1582894
1583115
1583627
1583898
1584891
1585049
1586666
1586868
1587000
1587752
1590026
1590201
1590544
1591666
1591976
1593767
1594705
1596133
1596554
1597231
1597473
1597673
1597797
1599429
1599581
1599670
1601217
1602482
1602512
1602709
1602810
1603674
1605730
1606135
1606248
1606597
1607919
1608007
1608747
1608953
1609276
1610051
1611610
1611772
1613180
1613644
1614477
1615186
1615298
1615631
1616304
1617162
1618320
1618385
1621194
1621240
1621298
1621480
1622614
1624618
1625405
1625458
1625491
1626302
1626328
1626583
1627015
1627194
1627688
1627887
1627933
1628596
1629584
1629772
1629882
1630417
1630588
1631315
1631756
1631842
1632127
1632700
1635020
1635328
1635967
1636102
1636590
1636613
1636939
1638644
1639445
1640290
1640538
1640569
1643638
1644397
1644958
1645771
1646356
1646793
1647148
1647553
1647609
1649950
1653485
1654094
1654779
1655262
1655465
1655967
1656289
1656849
1656933
1657565
1658716
1658856
1658872
1660214
1660563
1661099
1661861
1662393
1662646
1663627
1664258
1665348
1666913
1666998
1667843
1668443
1668502
1668667
1670023
1670394
1670803
1670957
1671031
1671474
1672245
1675174
1675293
1676258
1677119
1677518
1679048
1679890
1680505
1681386
1681718
1681782
1683503
1685461
1685467
1688080
1689446
1690062
1690428
1690709
1692272
1692521
1692536
1693434
1693904
1696858
1697140
1698348
1698852
1699720
1699832
1699999
1700689
1700889
1701127
1701899
1701984
1703213
1704444
1705172
1705248
1705697
1705846
1706637
1706733
1708062
1708201
1708616
1708697
1709987
1711084
1713812
1713978
1714974
1715074
1715833
1716691
1717167
1718027
1718047
1718789
1719669
1720218
1721609
1721757
1722443
1723303
1723312
1723511
1723945
1724172
1725742
1725979
1726942
1727230
1727235
1728494
1729035
1729053
1729302
1729817
1731045
1731093
1731339
1732441
1732900
1734272
1734737
1735096
1735958
1736080
1737546
1738044
1738071
1738861
1739093
1739794
1739870
1741195
1743361
1743884
1744502
1744743
1744849
1745619
1746479
1746638
1747566
1747651
1749450
1749452
1749705
1749969
1750365
1751057
1751902
1752673
1753061
1754705
1755199
1756538
1757653
1757854
1758563
1758658
1758712
1759837
1760115
1761472
1761607
1761631
1762208
1762728
1763004
1763822
1763869
1765370
1766155
1766719
1767727
1769045
1769760
1770363
1770575
1771007
1771418
1774286
1775648
1775921
1778273
1778679
1779703
1780044
1780199
1780797
1780901
1780923
1782123
1782246
1782652
1782659
1782675
1783538
1783582
1784258
1784560
1785761
1786512
1786589
1786590
1787288
1787314
1790218
1792291
1794486
1794515
1795659
1795755
1797122
1797566
1798966
1799508
1799611
1799833
1799860
1799882
1801031
1801094
1801284
1802118
1803586
1805315
1805521
1806072
1806999
1807027
1808356
1810741
1811255
1813097
1813415
1814389
1814493
1814850
1816899
1817374
1817462
1817547
1817862
1817899
1817966
1819284
1819539
1824369
1824739
1825660
1827119
1827297
1828704
1828736
1829181
1830268
1830422
1831378
1831391
1831569
1834156
1836478
1836775
1837057
1837973
1838768
1839742
1840651
1840811
1841480
1842518
1843042
1843925
1844117
1844464
1845095
1845454
1845846
1845945
1846145
1847039
1848359
1848893
1849026
1850756
1851014
1852094
1852208
1852241
1852523
1852928
1853243
1853891
1854425
1855808
1856269
1856305
1856433
1856723
1857325
1857560
1857707
1858190
1859552
1859842
1860030
1861587
1862862
1863529
1865419
1865733
1865994
1866791
1867093
1867328
1867697
1867951
1868308
1869015
1869202
1869811
1870343
1872190
1874882
1875076
1875736
1875996
1876012
1876098
1876878
1876994
1877600
1878740
1881652
1882432
1882647
1882877
1883693
1884966
1885596
1886878
1887614
1888281
1888943
1889736
1890820
1891022
1891869
1892736
1894893
1895818
1895838
1895977
1896486
1897204
1898330
1899996
1900287
1900354
1900580
1900931
1901334
1901971
1902003
1902551
1903869
1904960
1905338
1907066
1907497
1908382
1910984
1911113
1911202
1911507
1912157
1912633
1912819
1912835
1912963
1913501
1914828
1915608
1916430
1918177
1918366
1918743
1920659
1920750
1920915
1922360
1923708
1926191
1928171
1928312
1928403
1928710
1928714
1932849
1933173
1934378
1935423
1936369
1936946
1937100
1937451
1937770
1938755
1939359
1939609
1939684
1939803
1940046
1940576
1940654
1941757
1943964
1944383
1945883
1947032
1947091
1947229
1947600
1947657
1948265
1948294
1948778
1949474
1950254
1950338
1950737
1950986
1952123
1952302
1954042
1954141
1954402
1955143
1955239
1956361
1956399
1958338
1958399
1959536
1961625
1961867
1962251
1965801
1967584
1967730
1967971
1968008
1968248
1969071
1969134
1969510
1970860
1971451
1971670
1972932
1973189
1975186
1975514
1976674
1977702
1978465
1979460
1979596
1980909
1981775
1982434
1983201
1983838
1984008
1984274
1985686
1987793
1988441
1990657
1991099
1991444
1991949
1993099
1993407
1994192
1994252
1994351
1995328
1996604
1997127
1997817
1999555
2000512
2000615
2001080
2001254
2001862
2003556
2003557
2003787
2005111
2005312
2005681
2005989
2006010
2008070
2010477
2010839
2012183
2012749
2013952
2014329
2015841
2016446
2016519
2016625
2018662
2018714
2019032
2019736
2019971
2020210
2021406
2021492
2022429
2023638
2024090
2024475
2025062
2025700
2026235
2026401
2027653
2028222
2030762
2031427
2032687
2033203
2033414
2034059
2034890
2035566
2036627
2037091
2038203
2038525
2038758
2041174
2041810
2042112
2043009
2045814
2046246
2047368
2047462
2047547
2049094
2051965
2053129
2055192
2055327
2055615
2057065
2057377
2058084
2058481
2060841
2061017
2061980
2063905
2065057
2065580
2065906
2066628
2067360
2068270
2068787
2068842
2069791
2070051
2070427
2070709
2071517
2072031
2072784
2073502
2073718
2074393
2075331
2077100
2077992
2078292
2078960
2081594
2081980
2083577
2086286
2086656
2086765
2087607
2088126
2088241
2089085
2089519
2089719
2090841
2090861
2091626
2092702
2093188
2094932
2095266
2095599
2097416
2098949
2099954
2100538
2101392
2101718
2102536
2102900
2103642
2103724
2104390
2106258
2107261
2107308
2108186
2110072
2111115
2111555
2111799
2112592
2112810
2116356
2116768
2116838
2117065
2118065
2118780
2119535
2120216
2120311
2120428
2120510
2121002
2122483
2122496
2123335
2123351
2124532
2124668
2125128
2125149
2125768
2127052
2127067
2127299
2127706
2129514
2129770
2129850
2131346
2132691
2133288
2133563
2133565
2134653
2135014
2135895
2136179
2136684
2137584
2137951
2140127
2140977
2143255
2143655
2143789
2144211
2144697
2145030
2145146
2145207
2145710
2146495
2148617
2149892
2151628
2152899
2154588
2156614
2157224
2157471
2157479
2158056
2158275
2158603
2158933
2159713
2160871
2160971
2161000
2161842
2163326
2164122
2164382
2164576
2165185
2166607
2166748
2167116
2168108
2168289
2168704
2172655
2173490
2175212
2175467
2175581
2175858
2177244
2178041
2178700
2178758
2179329
2179881
2180076
2180374
2180591
2182844
2183169
2184856
2185343
2185809
2186663
2186817
2187501
2188901
2189151
2189536
2190405
2190932
2191263
2191382
2192218
2192488
2193724
2193772
2194534
2194824
2195095
2196948
2197809
2198009
2199515
2200536
2201014
2201523
2201912
2202095
2202443
2203376
2205998
2206411
2206620
2207836
2208447
2210068
2210333
2210703
2211803
2212731
2213291
2213513
2213996
2214177
2214204
2214574
2216084
2216120
2216361
2216728
2217736
2217809
2217864
2218457
2219052
2219512
2220317
2220944
2221672
2221993
2222316
2223584
2223921
2225796
2226005
2226275
2226766
2226883
2227568
2229638
2229902
2232330
2232692
2233017
2235164
2235240
2235620
2235656
2235953
2235985
2236018
2238019
2240475
2240571
2241481
2243267
2243391
2244411
2244467
2244833
2246618
2247493
2248566
2248866
2249274
2249534
2250799
2251089
2251149
2251411
2252253
2252339
2253464
2254113
2254425
2254729
2254789
2254913
2255742
2257804
2257881
2259590
2260080
2260321
2260591
2260608
2261150
2261925
2261973
2262500
2263776
2266528
2266930
2267049
2267251
2269833
2270549
2271522
2271668
2273251
2273477
2273835
2274285
2274353
2275339
2277170
2278138
2279272
2279283
2279508
2280055
2281036
2281199
2281326
2281429
2282482
2282916
2284581
2284994
2285045
2285160
2285489
2285946
2285983
2286993
2287061
2287064
2287802
2288149
2288897
2289790
2290487
2292193
2294238
2294480
2294490
2296199
2296287
2296531
2296592
2297321
2298424
2298869
2299505
2299539
2300626
2301114
2301856
2302709
2302912
2303308
2304165
2304264
2304692
2304720
2305283
2305596
2306009
2306070
2307672
2308885
2309423
2310770
2310871
2311042
2312362
2313874
2314274
2314898
2315259
2316039
2316821
2322277
2322434
2322454
2323231
2323429
2324650
2327631
2328122
2328755
2328788
2329855
2330155
2331139
2331759
2332879
2333800
2334488
2334788
2335095
2336311
2336722
2340834
2341106
2341367
2342120
2342152
2342529
2342681
2342799
2344089
2344598
2345068
2346730
2348673
2348941
2349345
2350695
2350864
2351329
2351405
2353380
2353607
2353985
2355958
2356625
2358209
2360586
2361888
2361959
2362154
2364988
2365336
2366087
2367050
2367505
2367787
2368243
2368656
2368670
2368915
2370382
2370749
2374053
2374315
2375705
2377051
2377113
2379263
2381336
2381447
2382281
2382327
2382667
2382699
2382784
2382998
2383729
2384132
2384297
2384427
2386034
2386531
2387178
2388994
2389557
2389855
2390147
2390284
2390297
2390406
2391301
2391362
2391625
2391882
2392005
2392896
2393060
2393580
2393685
2393828
2393846
2394422
2395276
2396008
2397673
2398138
2400855
2401895
2402014
2402881
2402989
2403542
2403631
2403787
2404585
2404634
2404785
2405346
2406201
2406466
2406597
2407143
2408419
2408710
2408839
2409668
2409946
2411905
2414519
2415024
2415627
2416190
2416229
2416288
2416917
2417987
2418140
2418196
2419714
2420343
2421118
2421255
2421977
2422877
2422988
2423194
2424894
2425664
2425842
2426310
2427173
2427641
2428134
2428221
2429521
2430144
2430324
2430529
2431042
2431243
2431539
2431927
2431940
2436028
2436208
2436711
2437059
2437401
2437787
2438539
2439974
2440137
2440643
2442528
2442813
2443027
2443218
2443396
2443996
2444394
2444929
2445029
2445052
2445552
2447387
2448397
2449115
2450034
2450711
2451919
2452368
2452657
2452900
2452979
2453031
2453428
2453928
2454497
2454873
2455223
2455747
2456608
2456649
2458042
2459349
2461269
2462000
2462036
2462474
2462547
2462735
2463110
2464023
2464030
2465087
2467700
2469373
2470537
2471689
2471949
2473002
2476551
2476580
2477159
2477184
2477713
2477893
2479143
2479271
2479499
2479806
2479899
2480592
2481501
2481656
2483127
2483790
2483966
2484010
2485506
2485755
2486142
2486146
2486310
2487187
2489585
2489600
2489885
2491867
2493928
2494955
2495439
2495619
2496780
2496930
2496969
2499692
2501688
2502429
2504071
2504335
2507923
2507956
2508142
2508803
2509951
2511335
2511981
2512051
2512268
2512415
2512943
2513969
2514901
2515164
2515258
2516049
2516195
2517175
2517736
2518352
2518459
2521367
2522404
2523105
2525172
2525894
2526227
2527027
2527114
2527177
2527810
2528415
2528614
2530355
2532297
2532518
2533768
2534043
2535369
2535800
2536905
2537365
2538082
2538326
2538984
2539095
2539354
2539421
2539498
2539595
2539698
2539927
2540803
2540951
2541034
2541390
2542625
2543537
2544724
2545070
2545386
2545461
2545762
2547285
2548305
2550109
2550564
2550838
2550866
2551342
2551392
2552704
2554107
2554172
2554845
2555156
2555922
2556718
2557588
2557678
2558252
2558497
2559207
2559704
2560335
2560938
2561264
2561626
2563230
2563613
2563993
2564473
2564746
2565667
2566102
2566212
2566428
2567149
2568870
2569613
2570152
2570161
2570275
2570441
2570651
2570754
2570798
2571026
2571128
2571493
2571614
2571904
2573120
2573335
2573527
2574369
2574735
2575897
2576257
2576783
2578639
2579003
2579533
2580334
2580879
2582283
2582451
2582819
2584159
2584590
2585563
2585947
2587930
2588667
2588916
2589448
2589463
2589510
2589887
2591307
2591814
2592494
2592701
2593542
2594497
2594528
2595918
2596469
2597021
2597252
2598002
2598942
2599228
2599746
2600085
2600367
2601586
2601601
2601914
2602604
2605157
2605334
2605436
2606328
2607243
2607339
2608172
2608694
2610430
2610502
2610691
2611562
2612199
2612367
2612670
2612890
2612938
2615492
2615524
2615755
2616681
2616830
2617160
2617259
2617691
2617840
2617947
2620727
2620915
2620923
2622598
2624143
2624451
2625254
2625700
2626379
2626798
2627089
2627133
2627304
2629119
2629338
2629511
2631443
2631583
2632343
2633065
2633945
2634463
2638476
2639215
2639307
2639820
2641078
2641083
2641317
2641528
2641601
2642028
2643226
2643488
2643785
2644515
2644720
2644775
2644964
2646537
2646546
2647218
2648824
2648879
2652184
2653547
2654071
2654721
2655504
2656258
2657041
2657987
2658113
2658192
2658340
2658719
2658720
2659929
2660541
2661305
2661445
2661677
2661769
2661893
2662722
2662731
2662880
2663114
2665125
2665788
2665897
2666644
2666750
2667022
2667085
2668374
2668959
2669028
2670216
2673631
2674029
2675208
2677560
2678435
2679092
2679232
2680134
2680356
2681130
2681437
2682049
2682949
2682999
2684661
2687500
2688619
2688943
2689740
2689836
2690084
2690340
2690384
2692588
2692600
2693721
2693777
2694173
2695236
2695313
2695665
2696321
2696389
2696473
2696532
2697765
2698030
2698754
2699601
2699777
2700402
2700636
2700640
2701439
2701870
2701934
2702955
2703690
2704419
2704614
2704722
2707098
2708793
2709256
2711445
2712045
2713038
2713198
2713680
2714067
2714302
2715328
2715804
2716328
2720543
2721366
2721524
2721663
2721771
2721817
2722165
2722539
2722831
2724371
2725100
2725547
2726636
2727044
2727954
2728162
2728780
2729258
2729927
2730151
2730455
2730580
2732437
2732782
2733679
2734187
2736045
2736804
2737876
2738326
2738411
2738531
2739259
2741584
2742715
2744615
2745788
2746013
2747127
2747978
2749115
2750036
2751095
2754120
2754173
2754484
2755224
2755455
2756040
2756442
2756669
2756721
2757242
2757940
2758273
2759277
2762038
2762093
2762719
2764079
2764993
2765206
2765780
2765899
2766226
2766700
2769761
2772420
2773255
2773485
2773631
2773783
2774720
2775203
2775588
2775595
2775903
2776195
2776971
2777198
2777799
2777926
2779445
2779952
2780588
2780661
2781224
2781294
2782783
2783243
2783659
2785519
2785885
2786046
2786589
2787014
2787246
2787815
2788493
2789617
2791409
2792783
2793059
2793127
2793259
2793323
2793930
2794225
2795314
2795342
2795505
2795990
2796538
2796602
2798289
2798984
2799098
2800427
2801124
2801155
2802028
2803461
2804580
2805241
2805619
2806351
2806574
2806782
2807627
2807654
2810355
2810362
2810676
2811637
2813670
2814286
2816550
2816573
2816896
2818573
2818866
2819071
2819749
2820345
2820978
2821476
2821927
2822334
2822601
2822972
2823685
2823720
2823757
2827522
2827557
2828161
2828512
2828636
2828928
2829174
2829462
2829465
2830148
2830524
2830630
2831858
2832693
2833693
2834126
2834340
2835438
2835940
2837618
2838265
2838543
2839967
2840790
2842208
2842442
2842647
2843731
2844189
2847329
2847557
2848825
2849560
2850370
2850642
2851990
2852547
2852861
2855029
2856483
2856888
2857226
2857291
2859874
2863209
2864898
2864994
2865703
2865851
2866473
2866905
2869731
2873067
2873128
2875039
2875520
2875812
2876034
2876319
2877627
2877896
2879166
2879178
2879516
2880426
2881495
2881521
2882417
2882595
2883369
2883382
2885400
2885923
2886045
2886705
2887088
2887140
2891867
2892674
2893256
2893344
2893537
2894975
2895085
2895533
2895719
2895961
2898027
2898731
2899182
2899487
2900123
2900410
2901440
2901999
2902432
2902476
2903409
2903816
2904202
2904818
2905436
2906543
2906598
2906977
2907494
2907701
2909254
2910967
2910970
2913599
2915069
2917144
2919081
2920896
2921298
2921544
2921605
2922308
2923761
2924241
2924494
2926331
2926525
2927882
2928617
2928696
2929269
2929823
2930096
2930645
2930723
2931310
2932746
2933353
2933472
2933844
2934564
2935898
2936432
2936835
2937468
2938007
2939350
2939522
2939760
2940363
2940507
2940513
2941165
2941669
2941744
2941939
2941976
2942409
2942747
2943300
2943332
2943896
2944096
2944113
2945386
2947234
2948298
2948619
2948805
2948876
2949405
2949429
2949670
2949789
2951896
2954431
2954621
2956033
2958931
2959360
2959562
2962045
2962183
2962328
2963373
2965507
2967452
2967553
2967876
2969059
2969825
2970444
2970939
2972102
2972309
2973023
2974698
2975627
2976201
2976751
2977017
2977391
2978777
2979325
2979868
2980257
2981437
2981511
2982852
2983611
2985346
2986454
2986818
2987701
2987812
2988583
2990886
2991337
2991870
2992769
2993473
2993483
2995128
2995499
2995895
2996159
2996726
2998331
2998873
3000744
3001280
3001731
3003422
3004934
3005119
3005178
3006073
3006259
3006763
3008845
3008961
3009415
3009686
3010169
3012569
3013665
3013837
3014262
3014551
3014931
3016318
3017173
3021857
3022471
3022888
3023763
3024544
3025258
3025443
3026281
3026495
3027292
3028078
3028234
3028817
3029311
3029795
3030126
3030361
3031132
3031487
3031628
3032321
3033463
3033733
3036407
3036666
3037154
3037569
3037884
3038001
3038820
3040128
3040229
3040292
3041846
3042908
3042945
3043129
3043300
3043645
3044224
3044295
3044498
3046243
3048231
3048267
3048980
3050025
3050108
3053059
3053327
3054002
3054050
3054215
3055668
3056419
3056609
3056722
3057180
3057826
3058752
3059422
3061051
3062426
3062454
3063907
3064085
3064972
3065888
3067032
3067279
3067957
3068452
3068590
3068998
3069371
3069627
3070239
3070782
3070840
3071105
3072732
3074060
3074212
3074296
3074849
3075066
3077636
3077668
3077916
3079269
3081721
3082487
3082499
3082868
3083641
3084105
3084640
3085120
3086067
3086706
3086776
3088409
3088731
3089412
3091816
3092052
3092618
3093768
3094192
3094384
3095928
3096136
3097403
3097569
3097904
3098359
3099230
3100515
3100736
3100844
3101657
3102687
3102818
3103049
3103560
3103617
3103638
3103647
3104091
3106316
3106497
3107037
3107709
3108830
3110284
3110743
3110832
3111017
3111456
3112265
3113057
3115435
3115551
3116601
3116941
3116999
3117205
3117655
3118569
3118713
3126530
3127932
3128323
3128396
3129089
3129115
3129715
3129956
3131762
3131969
3132219
3133554
3134165
3134960
3134972
3135270
3135426
3137198
3137534
3137827
3139252
3141075
3143282
3146083
3146592
3146909
3146928
3148022
3148063
3148938
3149162
3150915
3152768
3153480
3154186
3155374
3156455
3156823
3158264
3158845
3159771
3160541
3161170
3161486
3162148
3164012
3165069
3165822
3165987
3166088
3166666
3166740
3167341
3167510
3170080
3171606
3172565
3172756
3175137
3176054
3176344
3176991
3177337
3177865
3178010
3178262
3178837
3179003
3179092
3179111
3179610
3181614
3182245
3182689
3185331
3185481
3186498
3186765
3186796
3187318
3187493
3187636
3188237
3188788
3188863
3188931
3188992
3189063
3189602
3191825
3192325
3192440
3195535
3196056
3198218
3198544
3199238
3200752
3201202
3201736
3202775
3202798
3203697
3205375
3205820
3207116
3207575
3207818
3208091
3208764
3209107
3209204
3210430
3210684
3211762
3214675
3215662
3216300
3216569
3216697
3217675
3217916
3218937
3219353
3220747
3220887
3221181
3223117
3223400
3224043
3224841
3225095
3225547
3225647
3225975
3226071
3226262
3226399
3226651
3227022
3228364
3228913
3228954
3229221
3230022
3230241
3230364
3231486
3231594
3231838
3232241
3232358
3232512
3232746
3234959
3235744
3237272
3238848
3238990
3239822
3240518
3240969
3241174
3241898
3244078
3244279
3244576
3247262
3248798
3250608
3251695
3251846
3252127
3253473
3253540
3254128
3255323
3255356
3255934
3255940
3256148
3256573
3257161
3257566
3259876
3260660
3262088
3262829
3264156
3264721
3265476
3265567
3266029
3266998
3270407
3271145
3271430
3271588
3271632
3271794
3272364
3272622
3272941
3272957
3272974
3273906
3275222
3275744
3276124
3276868
3277716
3277984
3279434
3279705
3279832
3280182
3281359
3282132
3282541
3283899
3284421
3286477
3289115
3289557
3290320
3290366
3290387
3290977
3291782
3292183
3292532
3293760
3294468
3294723
3294912
3295143
3296020
3297425
3298461
3299292
3299685
3300346
3301765
3301850
3302243
3302778
3303907
3304664
3304802
3304998
3305100
3306290
3306891
3307284
3307841
3309344
3309489
3309953
3310492
3311425
3312397
3314818
3314984
3315321
3316481
3316673
3318094
3318707
3320719
3323474
3325818
3326223
3327203
3327459
3327527
3327548
3328339
3329360
3329372
3329480
3329535
3329895
3330145
3330162
3330343
3331554
3332159
3333479
3333872
3336081
3336245
3336516
3339503
3339943
3339993
3340201
3340205
3341730
3341863
3341910
3342042
3342754
3342983
3344221
3344362
3344714
3345006
3346396
3346549
3347038
3347052
3348394
3349219
3349271
3350093
3351532
3351723
3352931
3353228
3353808
3354197
3355621
3356560
3356822
3357072
3357262
3357854
3358256
3358365
3358603
3358702
3358794
3359608
3359928
3360092
3360797
3362115
3362855
3363151
3363837
3365357
3365817
3367717
3368359
3369710
3369801
3369894
3370068
3370630
3371122
3371420
3374009
3374679
3374826
3375342
3376048
3376398
3380365
3381589
3381621
3382150
3385019
3385601
3385933
3386132
3386631
3386885
3388161
3388209
3389224
3389400
3389446
3389550
3390280
3390823
3390919
3390961
3392438
3392465
3392773
3393428
3393505
3394253
3396070
3397607
3398522
3399115
3401619
3401686
3402032
3402056
3402260
3403906
3403983
3404873
3404917
3405510
3405563
3407430
3408828
3409164
3409465
3411308
3413713
3414902
3416114
3416777
3417334
3417607
3417654
3420061
3420749
3423231
3423354
3423551
3423619
3424502
3424560
3424735
3425027
3425931
3426972
3427345
3428287
3428580
3428859
3431565
3431955
3432510
3432804
3433472
3433875
3434847
3435385
3435480
3435598
3436481
3436809
3437771
3438319
3440877
3441124
3441443
3441874
3443136
3443557
3445702
3445841
3446375
3446657
3447139
3447227
3447301
3450318
3451604
3451712
3452641
3453441
3454456
3454760
3456468
3457160
3457529
3457723
3458321
3460526
3460892
3461016
3461034
3462342
3462642
3464569
3464997
3466194
3466448
3466964
3467333
3469453
3471086
3471362
3472052
3472113
3474653
3476996
3477536
3477958
3478577
3478985
3480986
3481065
3482384
3482832
3483275
3483647
3484095
3484437
3487643
3488038
3488557
3489331
3490041
3490603
3490954
3491733
3492360
3494342
3494883
3495319
3497889
3498332
3499364
3499539
3502132
3502904
3503693
3503783
3504915
3505010
3505763
3507428
3508232
3508539
3509252
3510557
3511696
3512731
3514110
3514354
3515910
3516732
3517933
3517973
3519440
3519747
3523086
3523123
3523405
3523727
3524392
3524621
3526584
3527028
3528103
3528429
3528446
3530331
3531532
3531667
3532763
3532811
3533122
3534899
3535965
3536508
3536749
3537924
3538092
3540771
3541919
3542291
3544502
3545057
3545413
3546192
3547959
3548018
3548387
3548558
3549306
3550293
3550544
3551499
3552172
3553994
3554564
3557135
3557262
3558020
3558599
3558689
3559585
3560302
3560386
3560626
3561100
3561276
3561588
3562019
3562526
3562716
3563674
3564300
3565830
3567185
3568985
3572185
3573653
3573872
3575052
3575214
3575395
3575584
3576850
3578729
3578860
3579346
3579634
3579897
3581185
3581636
3581976
3582060
3582138
3582407
3583882
3585850
3585875
3586002
3586369
3586553
3586944
3586986
3587401
3587440
3587762
3587773
3588011
3588313
3588796
3590154
3590293
3591459
3592788
3593491
3593922
3594463
3595106
3595337
3597239
3597776
3598047
3598091
3599575
3600264
3601302
3602165
3602405
3602863
3604940
3606186
3607129
3607645
3608047
3608776
3611252
3611320
3611359
3611519
3611795
3613158
3613917
3614944
3615076
3616717
3617370
3617962
3618654
3618869
3619820
3619907
3620607
3622296
3622686
3623338
3623977
3624498
3624537
3624689
3625170
3626773
3626930
3626931
3626947
3627722
3628141
3628868
3630642
3631453
3633993
3634188
3634825
3635380
3635667
3636176
3636388
3637193
3637597
3637850
3638143
3639666
3640844
3643797
3643941
3643945
3644022
3644891
3645831
3647632
3647677
3648975
3649068
3649174
3650902
3651252
3652110
3653009
3654920
3655353
3655567
3655726
3656297
3656515
3656631
3659331
3661167
3661513
3662459
3662647
3662810
3663130
3663477
3664948
3664970
3665469
3666802
3667063
3667864
3667960
3668853
3669319
3669404
3670839
3670874
3671607
3672707
3676150
3676466
3676616
3678673
3679245
3680070
3681135
3681557
3682747
3683259
3683860
3685455
3686746
3687807
3688058
3689090
3690049
3691722
3692367
3692736
3693484
3693670
3694102
3694996
3695045
3695832
3695978
3696364
3697828
3697964
3698204
3701032
3701070
3701567
3701890
3703746
3704911
3705086
3705386
3706037
3706128
3706203
3706213
3708499
3709207
3709341
3710520
3711120
3711752
3711914
3711915
3712242
3712736
3712860
3713947
3714368
3715140
3715858
3717364
3717749
3718212
3719173
3719691
3720588
3721183
3721515
3722403
3723035
3723058
3723186
3723546
3724360
3724489
3725317
3725844
3726183
3726715
3726800
3727089
3727708
3728158
3729465
3729468
3729728
3731569
3731623
3732097
3732539
3732630
3732899
3733661
3735129
3735482
3736228
3736754
3740168
3740607
3740660
3741230
3742390
3743584
3743876
3744818
3745830
3746819
3748934
3749405
3749668
3749996
3750132
3750502
3751320
3751684
3751821
3753671
3754150
3754600
3755020
3755213
3757003
3757302
3757337
3759519
3760723
3761193
3761496
3761678
3764257
3764342
3764984
3765649
3768672
3769024
3769542
3769778
3770998
3772450
3773544
3776900
3777732
3778268
3778540
3779463
3782608
3783402
3783713
3784422
3785504
3786750
3788008
3788167
3788245
3788278
3788519
3788664
3789167
3790668
3792170
3793410
3793847
3794342
3795614
3795947
3796803
3797269
3797848
3798819
3799055
3799452
3799456
3800536
3801446
3801850
3802000
3802838
3803229
3803282
3804055
3805366
3805379
3806751
3807574
3807677
3807943
3807998
3809228
3809259
3809841
3810767
3812157
3812262
3812912
3812945
3813525
3814100
3816415
3816788
3816961
3817111
3817175
3817521
3818700
3819762
3820163
3820652
3820671
3820796
3821758
3822418
3823089
3823578
3823708
3824889
3825989
3826069
3826288
3826876
3827220
3828258
3829006
3829245
3829890
3830235
3830805
3830944
3831627
3831882
3832328
3832610
3832725
3833355
3833439
3833513
3834681
3834986
3835062
3840092
3841338
3841823
3844197
3845615
3845642
3847727
3848368
3848499
3848685
3848975
3849244
3849913
3850195
3850226
3851018
3851690
3852300
3852782
3852874
3853867
3854205
3854554
3856406
3856583
3857096
3857250
3857667
3857834
3857850
3858110
3858205
3859135
3861773
3862231
3862335
3862798
3863678
3864215
3864413
3864461
3865533
3866131
3866674
3867427
3867542
3870591
3871246
3872470
3873180
3873375
3874979
3877141
3877192
3878111
3878391
3879658
3879984
3880547
3880632
3881127
3881286
3881668
3882753
3884158
3884620
3885207
3886835
3886901
3887052
3888578
3889247
3889518
3890031
3890105
3890116
3890369
3890867
3891182
3891388
3891394
3892500
3892863
3893012
3893881
3893953
3895176
3898671
3899171
3900429
3901001
3901789
3901813
3902224
3903220
3903771
3903832
3903839
3904118
3904343
3904661
3907357
3908602
3908916
3908961
3910348
3911034
3911428
3913354
3913769
3914386
3915685
3916774
3917678
3917803
3919429
3921767
3922178
3922452
3922457
3922479
3922970
3923095
3923327
3923465
3924123
3924889
3926402
3927785
3928388
3929667
3930137
3930424
3933200
3933821
3934434
3934799
3935211
3935599
3935737
3938135
3939252
3939767
3940636
3941829
3942648
3943017
3943702
3943931
3945082
3946835
3947185
3947504
3948075
3948838
3950894
3951845
3952256
3952341
3952470
3952622
3953316
3953795
3953879
3954249
3954355
3955467
3955488
3955514
3957921
3959568
3959576
3959733
3960129
3960672
3961759
3961804
3962425
3962904
3963232
3966400
3966504
3968374
3969312
3969984
3970316
3972156
3972338
3973258
3974520
3974593
3975099
3976583
3976732
3977371
3977788
3978727
3978920
3980102
3980666
3982380
3983162
3984288
3984957
3987286
3987829
3987835
3988364
3990089
3990703
3991989
3992993
3993893
3993955
3994851
3996680
3997231
3997676
3999151
3999512
4003138
4003153
4003559
4003891
4004762
4004829
4005369
4005802
4005838
4007479
4008370
4008567
4008775
4010465
4011476
4011563
4012861
4016463
4016758
4017323
4018077
4018972
4019196
4019329
4019923
4020628
4021108
4021951
