98
834
1060
1170
3225
4844
5193
6775
7266
8304
9198
10541
11097
11290
12268
12308
13708
13763
16574
17542
18947
22472
22690
24881
25163
25380
27939
29164
29922
32905
35073
36295
37275
37315
38437
39247
41425
41705
41837
43202
43583
43879
44082
44230
45062
46827
46880
47028
48309
49197
49229
50300
50842
51307
52485
52536
54938
55620
55871
56095
57573
58080
58281
58596
58794
58925
59083
59110
60359
60658
61077
61956
62677
63053
65008
65032
66036
66337
68108
68244
69408
70649
71121
73593
74255
76270
76730
77095
77894
77995
78357
78496
78707
79283
79342
80515
80596
81847
82278
83128
83431
83962
84733
84774
86503
87109
87974
89424
90544
90959
91042
92369
93446
93603
94656
95595
96920
97323
97856
98315
98640
98836
99881
101235
101616
101646
101867
101941
102491
102929
104987
105247
105495
105773
106398
108025
108455
109238
109940
111786
112058
112090
112245
112452
113067
114095
114447
115064
115154
115685
115967
115995
116623
117884
117999
118183
118339
118713
118745
121789
123837
123878
124355
124898
125352
127776
127831
128451
128651
129116
129712
129847
129852
130531
130607
131542
131666
132038
132271
132980
134628
135445
136090
136369
137253
137631
139695
140337
140464
140993
141021
141405
141930
142397
142619
142751
142935
143267
143628
144215
146095
146106
147562
147682
148320
148539
150213
150866
151974
153661
154967
155946
156270
156894
157195
157693
157805
158635
161200
162300
162308
163636
164560
164704
164840
166520
166635
166985
167037
168749
168945
169319
169534
169689
170069
170953
172399
172640
172907
173251
173962
176612
176848
177343
177509
178218
178269
178848
179099
179775
180035
180135
182032
182402
183042
183698
184003
184631
186204
187072
187814
187901
188866
189019
189935
190131
190593
191466
191853
192183
192689
192782
193653
194077
194184
194555
197237
197743
198294
200181
200237
200993
201844
203762
204067
205810
206052
206059
206118
206222
206328
206503
206840
207306
208483
209693
210127
210151
212032
212406
212634
212821
213192
213212
213870
214367
214946
215710
216244
217716
219859
220369
221121
221806
222158
222278
222506
222729
222890
224040
224373
225313
226082
226230
227101
228367
229009
229223
229640
230033
230090
230112
230312
231292
231768
231788
232218
233003
233568
234828
235343
235711
237193
237368
237697
239327
239537
240193
241189
241604
242363
242583
242838
243742
244025
244205
244576
244646
245397
245773
246098
247074
247748
249771
249898
250064
252197
252304
253911
254258
254670
255166
255248
256121
256269
256833
259207
259976
260044
261461
262572
265437
265847
265877
266291
267911
270312
270419
270618
270756
270809
271503
272289
272666
274593
274618
274645
277798
279294
279519
280108
281158
281919
282189
282794
284560
285684
285839
286051
286251
286574
286791
287133
287991
289662
289695
291167
291614
292170
293839
294541
295680
297380
297492
298535
298830
300242
301232
301888
303644
304425
304608
304804
305278
305469
305697
306359
306969
308106
309723
310965
311985
312237
312636
314476
314579
314723
315710
315984
316612
318922
319826
319900
320269
320982
322450
322934
323085
323099
324035
325089
327076
327112
328014
328036
328843
329051
329654
329747
329861
330512
332151
332732
332999
333390
333604
334997
335331
336582
337170
337609
338076
340472
340538
341869
342458
342559
342750
343235
343620
344825
347628
348834
348930
349307
350495
350943
351331
351829
352061
352228
352438
352828
355545
356968
357516
358491
360105
360897
361119
361175
361562
361726
362179
362338
362746
362758
363315
368589
368914
370118
370506
370713
371385
371432
371495
371858
373169
373666
373760
374406
374506
375136
375195
375378
375392
376553
377503
378109
378475
378829
379132
379799
380430
380464
381891
384689
385306
385376
385947
386369
387277
389241
389391
389822
389873
389898
391374
391434
391533
391588
391950
392676
392981
394198
395222
396770
397234
399146
402139
402779
403086
403763
404192
405836
405947
407594
407876
409310
409431
409464
409517
412054
412873
414340
414664
414883
415837
418013
418365
419223
420366
423001
423034
423668
423972
424536
425524
425868
426724
426824
428214
428457
429586
430756
431519
434626
435511
436387
437511
437892
438592
439307
439892
441452
442171
443607
443663
445542
445793
446817
447526
448115
448615
449315
449337
450500
450956
451296
451448
451922
452418
452746
453079
453549
454047
454542
454644
454888
455343
455482
455522
455535
456080
456681
457597
460594
461326
463951
463962
464564
465029
465103
467686
467837
468032
469414
469613
470189
470568
471199
471311
471563
472419
473076
473439
473513
473807
474156
476097
476147
476363
477618
477761
477949
479924
480591
481975
483369
484644
484717
485098
485370
485415
486113
487738
487946
488146
489067
489483
489988
490050
491176
491912
492798
494447
495543
497370
497844
497891
498299
500342
501562
504019
505044
505090
505863
506619
506666
507077
507462
507491
508450
508905
510184
510261
510505
511575
511656
512681
512870
513795
514172
515027
515430
515596
516874
516882
517110
517689
518297
519562
519797
519859
520119
521619
522302
522627
524628
524895
527124
528692
530388
530763
530942
532090
534731
535157
536982
537701
538866
540030
541537
541896
542076
542249
542830
544516
545661
547329
548208
549342
549781
551418
552388
552734
553403
553591
554812
554934
555591
555681
556300
556330
556507
557563
560218
562414
563154
564025
566883
567012
567268
567367
568792
569067
569149
569210
569313
569500
570332
571400
571629
571679
571721
572860
573052
573270
574792
575083
576788
576984
577426
577469
577892
578237
578818
579387
580819
580924
582107
582175
582780
584175
584799
585182
585458
586466
587565
587585
589135
590079
590168
590728
591200
591662
592255
592452
592813
594291
594641
594829
595642
595713
596075
596284
596721
596798
597202
597242
597531
597700
598854
599137
601798
602805
603040
603076
603106
603748
604729
604786
605147
605315
606027
606137
606510
607342
607562
608647
610297
613414
613806
614500
614982
616110
616400
617647
618253
618350
619644
620067
620417
621006
621082
621922
623775
624890
625569
625927
626286
628025
628527
628615
629602
630258
630542
632528
632891
633229
634074
635925
637158
637519
638732
638807
639537
642713
642847
643100
643448
643722
644554
645057
645438
645562
645927
647510
647801
648720
649083
649125
649283
649981
650846
651741
652088
652223
652337
653847
654569
655125
656748
657053
658380
658460
658838
659186
659729
660723
661723
662869
664457
664661
665177
665945
666525
666722
666762
667117
667440
667453
668014
669692
669859
670080
670206
670507
670878
671250
671984
672524
673726
675008
675656
675927
676078
676173
676512
677715
677903
679199
680438
680628
680661
681562
681778
681967
683386
683714
684351
684508
684655
685721
685870
686285
686341
686671
687816
688581
688868
688966
689714
690584
690642
691125
691214
691602
692045
692916
693078
693085
693483
693774
693926
694043
694700
696181
697163
697766
697847
700342
701978
702425
703811
704028
704494
704826
705903
706056
707338
710323
710663
710999
711098
712266
712361
712618
712845
713346
713581
714418
715652
716330
716372
716984
717119
717274
717408
718073
721575
722655
722964
723008
724025
726486
727370
727504
727592
728947
729738
729802
730422
730653
731091
731918
732447
733117
734719
734763
735033
735058
735537
735627
735717
736653
737827
738730
739669
740130
740682
741023
741756
742092
742312
742563
742585
744198
745804
745854
745880
746621
747266
747803
749266
749704
750113
750459
750468
751728
752689
755096
755523
756101
756351
757836
757938
758514
758916
759603
759666
760238
760273
760288
761306
761421
762403
762690
764404
764640
765123
765124
765516
766292
766375
766570
766869
767118
767314
767824
767851
767869
767974
770487
771369
771821
772258
772775
772781
773247
773478
776521
776543
777001
777628
777821
778308
778427
778847
778870
780798
781695
781983
782039
782060
782155
782273
783055
783936
784313
785457
785902
786222
786690
786739
786957
787018
787536
788268
788702
789491
790034
790214
790472
790495
790826
791731
793543
794615
794933
795488
797000
797270
797753
798029
798319
801039
801844
802383
802662
802670
802934
803993
804092
804859
805486
806368
807976
808313
809053
809641
809954
810622
811094
811409
812137
814124
814886
815719
816130
817428
818201
818870
819167
819210
819426
819662
819748
820046
820976
822778
823662
823775
823897
824021
824116
824389
825205
825234
826863
828641
830207
831067
832232
832492
833617
833723
833952
834229
834470
834878
836846
837442
837701
838641
840683
841580
841757
842194
844513
844545
844687
844843
844973
845138
846606
847082
847672
847917
848722
848858
849300
849382
850668
851593
852064
853673
853945
854353
856022
856196
856221
856431
858726
859223
859754
861048
861228
862268
862633
863441
864423
864587
864863
865287
866325
871400
871546
871723
872004
872727
873302
875705
876317
876709
876919
878524
879142
879428
879814
880490
880757
881634
881859
882102
882180
882283
882436
882491
883353
883529
887441
888004
888289
888712
889851
891113
891727
892038
893624
894048
896607
896833
897347
897436
897625
898240
898461
898892
899594
900044
900531
901248
902768
902824
904458
905696
906360
906592
907018
908071
908503
911149
911339
911656
911813
911876
911933
912465
912472
912897
914484
915383
915654
915842
917022
917114
917325
917783
917960
918591
920173
920285
922323
922471
922588
923709
925309
927058
930094
930184
930827
933088
933421
933957
934303
935966
936151
936492
936873
937490
938196
938250
938718
939391
940232
941281
942347
942358
943816
944660
944746
945107
945416
946383
946939
947837
947848
948866
949595
952687
954757
955759
955801
956145
956246
957994
960045
960298
960338
960735
960953
962343
962377
962972
963883
964235
965025
965977
966221
966242
966804
967397
967823
969961
970373
971703
972164
972378
973049
974451
974615
975078
975313
977189
978232
978496
978543
979637
980890
981389
981391
981600
982299
982705
983435
983729
984327
985206
985437
986394
986808
987100
987524
988550
990187
993145
993248
993683
993825
995018
996229
997162
997373
997873
998906
999490
999593
999773
1000105
1000278
1001764
1002205
1002356
1002707
1003298
1003383
1003765
1004288
1004784
1005849
1006545
1008125
1008126
1009640
1009759
1010008
1010195
1011288
1011917
1013740
1014555
1014578
1014873
1015418
1015458
1015682
1015956
1016029
1016044
1016650
1018755
1019668
1020026
1020628
1022005
1022608
1024278
1024687
1026623
1026813
1027419
1029834
1030253
1030311
1031593
1031759
1032391
1033174
1033654
1033982
1034594
1034609
1036522
1039362
1039457
1039470
1040939
1042312
1042773
1043163
1044286
1044668
1044935
1045095
1045367
1045691
1045711
1046690
1048109
1048625
1049399
1049475
1049916
1050559
1050601
1050751
1051993
1052298
1053909
1054590
1054642
1054663
1055001
1055172
1055438
1056354
1057324
1057986
1058351
1059743
1061486
1062176
1063642
1064116
1064388
1065352
1065878
1066554
1066698
1068983
1070976
1070993
1072309
1074473
1074566
1074588
1075184
1075243
1075380
1075837
1075992
1077043
1077973
1078913
1079483
1079638
1080510
1080640
1081574
1081661
1083042
1085080
1085155
1086205
1086868
1087098
1087353
1088177
1088282
1089075
1090635
1090708
1091331
1092205
1092677
1093026
1093287
1093699
1094407
1095293
1096019
1096374
1097441
1097511
1097671
1098107
1099400
1101273
1101657
1102544
1103365
1104055
1104137
1105221
1110793
1113190
1113210
1114078
1114509
1114809
1115783
1117046
1117140
1117868
1120035
1121967
1123726
1123965
1124053
1125209
1125384
1125800
1126970
1128244
1129126
1129538
1129802
1129837
1130346
1130444
1130731
1130984
1131635
1132256
1132414
1132763
1132806
1134057
1134625
1134924
1135378
1135631
1135926
1136160
1136581
1137004
1137797
1139126
1140277
1142076
1146078
1146957
1146977
1147079
1147522
1148248
1149642
1149841
1151283
1152337
1152570
1153687
1154367
1156904
1158049
1158432
1158836
1159671
1160433
1161550
1161803
1163340
1165323
1165794
1167357
1168116
1169775
1169827
1170182
1171237
1171657
1171696
1172305
1173119
1173452
1174363
1174459
1175190
1175201
1178655
1180722
1180889
1181495
1182534
1183800
1184141
1184400
1184968
1185354
1185752
1186070
1188155
1190488
1190632
1190677
1190809
1191391
1192098
1193141
1193321
1193674
1193745
1193778
1195287
1195422
1195684
1196312
1196960
1196971
1197300
1199754
1200609
1200690
1200698
1201040
1201329
1202228
1203958
1205513
1206599
1207640
1208430
1208445
1208542
1208707
1209826
1212447
1213351
1215282
1218021
1219699
1220070
1220354
1220701
1221773
1221890
1222919
1224431
1224974
1225251
1227765
1228782
1230108
1230462
1230571
1231255
1231385
1233971
1234007
1234733
1234837
1235792
1236065
1236079
1236590
1238611
1239288
1239392
1240126
1240774
1242286
1242894
1243041
1243053
1243860
1243949
1245321
1245725
1245829
1246356
1250244
1250650
1251197
1251796
1251998
1252650
1252788
1253575
1255656
1256042
1256080
1256150
1257420
1258692
1259607
1260077
1260259
1260396
1261850
1263035
1263582
1265396
1265718
1266666
1267930
1268341
1268886
1269166
1270016
1270107
1270144
1270587
1272834
1273247
1274372
1274830
1275647
1275693
1277065
1277277
1277838
1278188
1279443
1279663
1280698
1280833
1281485
1281494
1282926
1283353
1284273
1284403
1285253
1285299
1286067
1287453
1287536
1288416
1289415
1289555
1289707
1289852
1290856
1291465
1291567
1291869
1291879
1292297
1293031
1294128
1294378
1295192
1295413
1295452
1296041
1296110
1296192
1296994
1298002
1299481
1299761
1299810
1301526
1301789
1302050
1302863
1303529
1304124
1304514
1305272
1305835
1305879
1306153
1306284
1306663
1306810
1307328
1309097
1310929
1311296
1312185
1313082
1313208
1313220
1314057
1314412
1314756
1315284
1315407
1316221
1317261
1317765
1319760
1320939
1321112
1322117
1323559
1328323
1330969
1331115
1331935
1332264
1332447
1332925
1334169
1334746
1335088
1335643
1335696
1336361
1337876
1337982
1339123
1339228
1341624
1343310
1344202
1344577
1344983
1345795
1347195
1349380
1349561
1351746
1352212
1353707
1354229
1354274
1354728
1354807
1355653
1356053
1356662
1357623
1357746
1358603
1358971
1359337
1359992
1360853
1361167
1362577
1362726
1362892
1363228
1363817
1364340
1364812
1366381
1368121
1370998
1371579
1371848
1372375
1372501
1373915
1375520
1376471
1378898
1379729
1380566
1381350
1381434
1382920
1383865
1386454
1386708
1387173
1387341
1388507
1389239
1390995
1391266
1391803
1392442
1392751
1392890
1393212
1393466
1393699
1394057
1395354
1396042
1397340
1397424
1397725
1399636
1399940
1400492
1400499
1401209
1401374
1401637
1402519
1403603
1404421
1404671
1405163
1405349
1406173
1408428
1408529
1408807
1409188
1409284
1409475
1411021
1411368
1411650
1412024
1412262
1412333
1413504
1413509
1413619
1413814
1414579
1415100
1415147
1416183
1417158
1417526
1418044
1420359
1420629
1422701
1422953
1423546
1423625
1424070
1424274
1424435
1424603
1425157
1425255
1425634
1425958
1426525
1426861
1427320
1429212
1429962
1431241
1431546
1431684
1432341
1432453
1432944
1433822
1435112
1435848
1437276
1437303
1439033
1439787
1440868
1441216
1441734
1442427
1442834
1443234
1444909
1444990
1446793
1447353
1447984
1448602
1449355
1450070
1452968
1454089
1455468
1455631
1458718
1458956
1459566
1459878
1461602
1462632
1463357
1463799
1465236
1465300
1465682
1465764
1465954
1466251
1466403
1468470
1468549
1468765
1468959
1468992
1470524
1470900
1471693
1472192
1472749
1473378
1475685
1476055
1476998
1478810
1479234
1479279
1479612
1480807
1481457
1482183
1482753
1484100
1484588
1484601
1486352
1486878
1487502
1489661
1489768
1490770
1490810
1492435
1492545
1492886
1493494
1494259
1494990
1495736
1495996
1497033
1497394
1498010
1499521
1500854
1501810
1502754
1502945
1504382
1505178
1505276
1505748
1506045
1506790
1507058
1507355
1507696
1509129
1509354
1509453
1510590
1511927
1512557
1514424
1514677
1514701
1515284
1516048
1516151
1519300
1521560
1522235
1523560
1523901
1524403
1524483
1524644
1525306
1525600
1525812
1526269
1526715
1527363
1528158
1528280
1529301
1529710
1530204
1530763
1531064
1531327
1531558
1535521
1535571
1535641
1535939
1536962
1538262
1538972
1539221
1539360
1539434
1541263
1541343
1542326
1542668
1543254
1543913
1543922
1543990
1545616
1545795
1551473
1552103
1553576
1553930
1554572
1554856
1555126
1556918
1557339
1558456
1558610
1559176
1559596
1559749
1559877
1560096
1560448
1561499
1563069
1563290
1564447
1564790
1565117
1565439
1565468
1566671
1567432
1567937
1567984
1568238
1568807
1571593
1571653
1572908
1575344
1575757
1577362
1577385
1578299
1578383
1578417
1579252
1579434
1579484
1579485
1580717
1580825
1580981
1581519
1582345
1582794
1582823
1583803
1585055
1586569
1587507
1588365
1588847
1589750
1589873
1589875
1590209
1591103
1592419
1594319
1594580
1595825
1597255
1597439
1597777
1599671
1601629
1602690
1603076
1604884
1605167
1606617
1607024
1607026
1607303
1607467
1609859
1610966
1611163
1613142
1613695
1613723
1613803
1614020
1614367
1615864
1616382
1617084
1617659
1617960
1618445
1619389
1619850
1622280
1622625
1622822
1623498
1624840
1624855
1625074
1625435
1625531
1625714
1627307
1627379
1628222
1628387
1628903
1629810
1629938
1630253
1630509
1630563
1632093
1632132
1633011
1633761
1634421
1634694
1634858
1636453
1637732
1638801
1640011
1640019
1640488
1640637
1643099
1643371
1644354
1644611
1645472
1646344
1647873
1647941
1649578
1649874
1649879
1650001
1650396
1650718
1653119
1653246
1653969
1654559
1655734
1655965
1656564
1658094
1658975
1660712
1661351
1661353
1663394
1666534
1666734
1667168
1668622
1669190
1670367
1670701
1670860
1671585
1671743
1671895
1672445
1672552
1672938
1673199
1673369
1673415
1673573
1673667
1675001
1676313
1677740
1678622
1678754
1679611
1679867
1679932
1679975
1680357
1680536
1684092
1684332
1685389
1685420
1686271
1686713
1687143
1687796
1688069
1688299
1689429
1689925
1691905
1692640
1692706
1693179
1693380
1693892
1695988
1696426
1696580
1696673
1697191
1697942
1699407
1700506
1701367
1702831
1705006
1705465
1706916
1707027
1707501
1707799
1708391
1709191
1709201
1711730
1712203
1712716
1715142
1715373
1716979
1717046
1717783
1718897
1719592
1721136
1721825
1723421
1723426
1727149
1727499
1727937
1728174
1731026
1731567
1731638
1731693
1732031
1732883
1733476
1735675
1735771
1736446
1736654
1736661
1736742
1737384
1738329
1738859
1738993
1739014
1740723
1740800
1741599
1741828
1741886
1742015
1742192
1745032
1747253
1748391
1748504
1748683
1749852
1750197
1750352
1750603
1750908
1751006
1751170
1751539
1753199
1753202
1753261
1753447
1754149
1754796
1756033
1757021
1757517
1757616
1758022
1760825
1761098
1761286
1761559
1761571
1761767
1762074
1764239
1764495
1764849
1765646
1765733
1766474
1767110
1767181
1767741
1767852
1768149
1768858
1769775
1769868
1770261
1770764
1771148
1771373
1772079
1772317
1772448
1774228
1774469
1775844
1779167
1779404
1779574
1780083
1780445
1780769
1782130
1782277
1783144
1783481
1783581
1783594
1783796
1787659
1788110
1788474
1790179
1790616
1791627
1791908
1793618
1794388
1794997
1795039
1795510
1795819
1796599
1797666
1797975
1798324
1798394
1798698
1799252
1799423
1801443
1801920
1802047
1804820
1806226
1808209
1809504
1809808
1810262
1811362
1812507
1813353
1813426
1813951
1815406
1815443
1819574
1820008
1820534
1820568
1821075
1821995
1822437
1825069
1826526
1827234
1829178
1829941
1829984
1830075
1830262
1830642
1832153
1832451
1832453
1833143
1833195
1833221
1833548
1834968
1835423
1836110
1836681
1836737
1837992
1838061
1838245
1839091
1839633
1840590
1840607
1840963
1841542
1841613
1842186
1842397
1842643
1842904
1843851
1844341
1846116
1847713
1849535
1850439
1850957
1851702
1852050
1852621
1853067
1853554
1854302
1855706
1856694
1856979
1858109
1858605
1858760
1859684
1861788
1862799
1864092
1864438
1864463
1864727
1865413
1865634
1866793
1866957
1867197
1869009
1871454
1871655
1872112
1872116
1872182
1872663
1872687
1873021
1874300
1875079
1875090
1875647
1877318
1878323
1878327
1879262
1879353
1879401
1881636
1882822
1884663
1885143
1885391
1885443
1885709
1886405
1886887
1887541
1887584
1887776
1888772
1888978
1892877
1893486
1893546
1893594
1896313
1899236
1901661
1901671
1901917
1903669
1904281
1904529
1904750
1906858
1907820
1907978
1908074
1908248
1909061
1909251
1910559
1910955
1911202
1912487
1912638
1913058
1914779
1915482
1916246
1916572
1916633
1916660
1917688
1917743
1919004
1919534
1921269
1921686
1925239
1927091
1927404
1927433
1928139
1928736
1929481
1929849
1930628
1930872
1933125
1934459
1934909
1935271
1935439
1935662
1936107
1937145
1938069
1938473
1939132
1942313
1943271
1943343
1944264
1944956
1945681
1945831
1946460
1946967
1948805
1949317
1949793
1949969
1951951
1952248
1952374
1952819
1952985
1953428
1953656
1954866
1954886
1955048
1955227
1956097
1956154
1956502
1956685
1961411
1962253
1963854
1965441
1965571
1966089
1966248
1966941
1968108
1969967
1970258
1970688
1971296
1972719
1973368
1974927
1976129
1976174
1976196
1976317
1976565
1977130
1977151
1977467
1977870
1978691
1978725
1978753
1978840
1979960
1981031
1981757
1981927
1982350
1983346
1983790
1983913
1984904
1985360
1985413
1986716
1987069
1988854
1989390
1992965
1993976
1994374
1994582
1995037
1995288
1995717
1996148
1997361
1997847
1998514
1999348
1999918
2000924
2001597
2002278
2002377
2002814
2002972
2005135
2005846
2006757
2006824
2007717
2007826
2008547
2009054
2009124
2009166
2009598
2010618
2011147
2011587
2011849
2013946
2014129
2015041
2015501
2016076
2016378
2016425
2016775
2017357
2018455
2020343
2020786
2021363
2022617
2023002
2024512
2024561
2024905
2025121
2025226
2025621
2026339
2026928
2027035
2028079
2029689
2029795
2029910
2032401
2034024
2034508
2036772
2039487
2042177
2042219
2042525
2043520
2043921
2044980
2046038
2047738
2048177
2048987
2049485
2051235
2051277
2051418
2052269
2052289
2052374
2052398
2052965
2053453
2054496
2054968
2059277
2060146
2060236
2062187
2062904
2063234
2063280
2063657
2064255
2064265
2064496
2065405
2065446
2065883
2066570
2066729
2067710
2068562
2068910
2069284
2069572
2069861
2071532
2072402
2072766
2073815
2074139
2075561
2075831
2076434
2077902
2080011
2080304
2080799
2080969
2081011
2081079
2082146
2082427
2083141
2083423
2084414
2084904
2086809
2087951
2088440
2088491
2088500
2089715
2090229
2090277
2090454
2091950
2092886
2094352
2096286
2096391
2096886
2097651
2097710
2099908
2099973
2100369
2100628
2101198
2101348
2101882
2102014
2103048
2103373
2103472
2103959
2104075
2106685
2108160
2109774
2113292
2113690
2115150
2115309
2115425
2115496
2117618
2118351
2119359
2121167
2122240
2122402
2122761
2125129
2125271
2125635
2127571
2128186
2130549
2130844
2131829
2133412
2133473
2133923
2135588
2135600
2137726
2138114
2138302
2139290
2139808
2140409
2140511
2140798
2141959
2142297
2142371
2142389
2143316
2143412
2143612
2144706
2146334
2146463
2147494
2147645
2148091
2148260
2148983
2150492
2151121
2151561
2151777
2153023
2153032
2153420
2153498
2154033
2154139
2154824
2155915
2159787
2159799
2159954
2160811
2161149
2162710
2163586
2163693
2163848
2164179
2165756
2166546
2167856
2167945
2168180
2168554
2168829
2169752
2169885
2170078
2170802
2171463
2171569
2172206
2172608
2173139
2174860
2175099
2175474
2175711
2178019
2178206
2178494
2180111
2181295
2181816
2182319
2183546
2184218
2185030
2188937
2189437
2189508
2191344
2192294
2192434
2192574
2192976
2193259
2193326
2193941
2194269
2195849
2196200
2196338
2196382
2197089
2197574
2197590
2199124
2199843
2200915
2201695
2202106
2202499
2204858
2205141
2205453
2205951
2205985
2207860
2208008
2208817
2208922
2210271
2210278
2210653
2210710
2210927
2211858
2211985
2214845
2215559
2217144
2218244
2218251
2218628
2218994
2219183
2220474
2221675
2222051
2223105
2223607
2223608
2224098
2224517
2224786
2224968
2225989
2226981
2227247
2228884
2229872
2230132
2230257
2230487
2231753
2231867
2232551
2232844
2233677
2233714
2234738
2235764
2235776
2236310
2236619
2236820
2237143
2237164
2237408
2239295
2239598
2240355
2240475
2241148
2241701
2241995
2243916
2244462
2244614
2244806
2245098
2245136
2245633
2245882
2246017
2246587
2246606
2246670
2246719
2248109
2248145
2249044
2249773
2250912
2250915
2252221
2253075
2253383
2253835
2254108
2254251
2254875
2254904
2255153
2256602
2256857
2258165
2259156
2259226
2259770
2260439
2261183
2261614
2261953
2262526
2264023
2265234
2265237
2268036
2268078
2268135
2269917
2270069
2272519
2272594
2272906
2273084
2274056
2275283
2275954
2276625
2276975
2277137
2277244
2277986
2278549
2278658
2279209
2279681
2280656
2281027
2282798
2282817
2283843
2285606
2286104
2286138
2288118
2288284
2289050
2289229
2289555
2291183
2291542
2291670
2291786
2292293
2292506
2292584
2292775
2293227
2294614
2294786
2295546
2296051
2297224
2298197
2298681
2299288
2300474
2300960
2303010
2304066
2304813
2306076
2306317
2306640
2307673
2307815
2308004
2308098
2308269
2308395
2309255
2310481
2313664
2314323
2314872
2316019
2317992
2320880
2321133
2322073
2323051
2324983
2325353
2325606
2326500
2327281
2327491
2327949
2329726
2330510
2330692
2331052
2333034
2334123
2334185
2334497
2334673
2335101
2335333
2337096
2338842
2339016
2339832
2340287
2340514
2341189
2341417
2342114
2344670
2344979
2345894
2346823
2348367
2348602
2349174
2350501
2351023
2351724
2351862
2351948
2354083
2355234
2356826
2357153
2357251
2358074
2358106
2359042
2360665
2362787
2363193
2363260
2364777
2365990
2366120
2366726
2367056
2368745
2368759
2370140
2371049
2371647
2372113
2372191
2373369
2373862
2373936
2374031
2376193
2378443
2378967
2379579
2381114
2381477
2381559
2381606
2382624
2383345
2384221
2384281
2384704
2385176
2385329
2386071
2386976
2387302
2388058
2389135
2389582
2389609
2390033
2390066
2390458
2390836
2391288
2392101
2393158
2393412
2393529
2394371
2394541
2394717
2394849
2395634
2395821
2399454
2400351
2401856
2402112
2404133
2404747
2404956
2406665
2407337
2408098
2408619
2408825
2408916
2409645
2409960
2410402
2410919
2411138
2411715
2411746
2413399
2413461
2414503
2414718
2416504
2417325
2418182
2421202
2421871
2422799
2423958
2424094
2424161
2424341
2424951
2425714
2426007
2426018
2427047
2427222
2428080
2430114
2430251
2431972
2433928
2434257
2435554
2435964
2436880
2437187
2437843
2438054
2439257
2439786
2440890
2441740
2441796
2442451
2444412
2444754
2444977
2445091
2445254
2445633
2445740
2445757
2445791
2445819
2446003
2446216
2446541
2447091
2447217
2447599
2448046
2448810
2449268
2450453
2453225
2453303
2453512
2453520
2454168
2455184
2456411
2456476
2456929
2457466
2459451
2459540
2459784
2461960
2462353
2463314
2464810
2465301
2465563
2465668
2465713
2465749
2466173
2466873
2468029
2469806
2469840
2471110
2472393
2473321
2473439
2473900
2475880
2475908
2476025
2476238
2476298
2476759
2477982
2478458
2479011
2479898
2480211
2481722
2481746
2481983
2482882
2484071
2485484
2486105
2486410
2487747
2488081
2488441
2490846
2491572
2491962
2495309
2495406
2495629
2495710
2495840
2496292
2496649
2497367
2497829
2497971
2499771
2499803
2499967
2500464
2500683
2501002
2501433
2502808
2503281
2505560
2505966
2506134
2506653
2506711
2506982
2507392
2507454
2507620
2508032
2508454
2509998
2510216
2515580
2516157
2516531
2517770
2518205
2518553
2518557
2521452
2522123
2523473
2523550
2524175
2524715
2526845
2526975
2526979
2528214
2528919
2529960
2532192
2533059
2533587
2534878
2535515
2535687
2535748
2537823
2538563
2539469
2540810
2541041
2542063
2542222
2543088
2545185
2545896
2546094
2546271
2546675
2546776
2547068
2547145
2547464
2548357
2548442
2548526
2548567
2549283
2549289
2549887
2551114
2551392
2551396
2553033
2553058
2553253
2554554
2555008
2557044
2558578
2558906
2558920
2559205
2559676
2561012
2562069
2562285
2562654
2563150
2565633
2565740
2566410
2568771
2568917
2569419
2569587
2569868
2570382
2572791
2573860
2574142
2575036
2575187
2575504
2576727
2578253
2580172
2581486
2582367
2582402
2582408
2582804
2582841
2584914
2585711
2587726
2588322
2588877
2589042
2589147
2589529
2590705
2591644
2591851
2592221
2592444
2592898
2593188
2593434
2594230
2595765
2595900
2596023
2596334
2596403
2596563
2597190
2599412
2600933
2601148
2601543
2601753
2601922
2602697
2603803
2604200
2605343
2605504
2605751
2606794
2606862
2607787
2608761
2608905
2609656
2610120
2611127
2611645
2612175
2612433
2612516
2613031
2613600
2614129
2614529
2614732
2616279
2618437
2618439
2619369
2619511
2619644
2619745
2619759
2620940
2620948
2624388
2625937
2628385
2628525
2629098
2629571
2630203
2630974
2631194
2631643
2632426
2632502
2632923
2633327
2634001
2634177
2635190
2635207
2635792
2636162
2636427
2636948
2638266
2640815
2642156
2642877
2642979
2643355
2643528
2643687
2644672
2645106
2646291
2648457
2648475
2648549
2648912
2650061
2650938
2651646
2651670
2651699
2651728
2652611
2653420
2653597
2654347
2654395
2654623
2655371
2655537
2655896
2656599
2656604
2656741
2656811
2657893
2659539
2660962
2661117
2661509
2664830
2664917
2665615
2666221
2666759
2667243
2667882
2668156
2668651
2669496
2670489
2670898
2671135
2671188
2673113
2673595
2673923
2674844
2675676
2676730
2676930
2678288
2679536
2680679
2681610
2681697
2681937
2684101
2684135
2684292
2684633
2684830
2686846
2687086
2687150
2687996
2688531
2689013
2689151
2689436
2689484
2691012
2691592
2692142
2695359
2695497
2695919
2695960
2696266
2696602
2696709
2697779
2699330
2701322
2701363
2701778
2702720
2703695
2704761
2706240
2706474
2707160
2708030
2708371
2708920
2709028
2709786
2710269
2711262
2711306
2711348
2712368
2712732
2713015
2713917
2714566
2714677
2715046
2715318
2715689
2715815
2716227
2716452
2716810
2717654
2718285
2719041
2720019
2720125
2720483
2720588
2722701
2723189
2723688
2723978
2724149
2724657
2724703
2724959
2726458
2727682
2728876
2729583
2729614
2729990
2730334
2730479
2730897
2731273
2733812
2735101
2735834
2735918
2736175
2736974
2736991
2737857
2738207
2738258
2739619
2741634
2741662
2742169
2743532
2744008
2744855
2744939
2745044
2745963
2746277
2746435
2746649
2746830
2750372
2750684
2751822
2752568
2752665
2753097
2753703
2754203
2754344
2754962
2755178
2756305
2756454
2757470
2757530
2760914
2761614
2762259
2763471
2763602
2763808
2764043
2764782
2765558
2765815
2766884
2767650
2767727
2768188
2768483
2771960
2772622
2773805
2774879
2776097
2778074
2778695
2779014
2779371
2780115
2780231
2780680
2781102
2782754
2783346
2783490
2786720
2786912
2788040
2788590
2789047
2789626
2790041
2790219
2790789
2791021
2792214
2792381
2794715
2794942
2795361
2796585
2796887
2797797
2799011
2799436
2799868
2799985
2800250
2801566
2801655
2801681
2802336
2803070
2803506
2804178
2804512
2804759
2804964
2805241
2805404
2805517
2806593
2806725
2806897
2808582
2809762
2809804
2810868
2811624
2813278
2813547
2813726
2816411
2819020
2819507
2819957
2821102
2821327
2822077
2822256
2824649
2824893
2825331
2825705
2825847
2826857
2830811
2831404
2832312
2835911
2836227
2837549
2837733
2839988
2841590
2843960
2844156
2844848
2847260
2849652
2851361
2851657
2851820
2852637
2853091
2853257
2854048
2855705
2855722
2855881
2855900
2856638
2856740
2856805
2858771
2861569
2861682
2861798
2862698
2862843
2862990
2863350
2864686
2865067
2866359
2866406
2867724
2868739
2870299
2870635
2871553
2871708
2872815
2873385
2873607
2876313
2877163
2877508
2877719
2877944
2878083
2878265
2878546
2878820
2878876
2879175
2879386
2879541
2879553
2880613
2882426
2884445
2884491
2884731
2885455
2885484
2885635
2886479
2887122
2887925
2888155
2888367
2888373
2889393
2893075
2894133
2895291
2895960
2896675
2897615
2898160
2898692
2899263
2900144
2900907
2901149
2901825
2902534
2902832
2905140
2905471
2905493
2905732
2906558
2907531
2907815
2908403
2908696
2908957
2909439
2910255
2910541
2910762
2911328
2911396
2911781
2911868
2912140
2913256
2913808
2915535
2915870
2917613
2918479
2919262
2919368
2919479
2919790
2919879
2919974
2919995
2920115
2920228
2920934
2921383
2921651
2922136
2922332
2922800
2923816
2924478
2924975
2925463
2926168
2928630
2929447
2929979
2930316
2931117
2931118
2931455
2931989
2933091
2933698
2934014
2934263
2934718
2937053
2937781
2938270
2938871
2939475
2941843
2941844
2942379
2943473
2944159
2944736
2945829
2945846
2946789
2947340
2947588
2947650
2948169
2948586
2949419
2950703
2950800
2951081
2952182
2953423
2954059
2954124
2954210
2954681
2956396
2956411
2956651
2957150
2957686
2959580
2959678
2959848
2959968
2960474
2960796
2961483
2963334
2963733
2963862
2965215
2965572
2965691
2967347
2967911
2967991
2968176
2970244
2971012
2971169
2971636
2972636
2972752
2973311
2974060
2974190
2974232
2974638
2975894
2976148
2976885
2976908
2977214
2977370
2977388
2977824
2979339
2979371
2979417
2979811
2980082
2980466
2980557
2982307
2983270
2983787
2983873
2984526
2985788
2986280
2986671
2986894
2987188
2987538
2987803
2988569
2989582
2991371
2991787
2992758
2994594
2994747
2995904
2996297
2997269
2997298
2999553
2999754
3000723
3001297
3001391
3001766
3002348
3002851
3003308
3004313
3004864
3006303
3007994
3009997
3012815
3012943
3013182
3014655
3015465
3016595
3016974
3017042
3018124
3018585
3018753
3018907
3021429
3021937
3021940
3022013
3022318
3023731
3024151
3024287
3024560
3024790
3025949
3026297
3027318
3027574
3028419
3028610
3029185
3029733
3030551
3031603
3036705
3037147
3037787
3040789
3042142
3042196
3043634
3044722
3044737
3045468
3046158
3046805
3047929
3048996
3049564
3050182
3050269
3051710
3052090
3052327
3053038
3054666
3054730
3054860
3055048
3056033
3056461
3056579
3056587
3057241
3057769
3057991
3058448
3058906
3059112
3060099
3060194
3060647
3062722
3062905
3063921
3064562
3064669
3064673
3064842
3065125
3065912
3067882
3068035
3068429
3070050
3070355
3071733
3072334
3072350
3072522
3072813
3073069
3074011
3075914
3076850
3079444
3080150
3080581
3080691
3081849
3082211
3082867
3083378
3083413
3084576
3084755
3085976
3086410
3087293
3087744
3087757
3089096
3089246
3089971
3090051
3090174
3090205
3091216
3092201
3092273
3092463
3093053
3094399
3094729
3095768
3095817
3096632
3098085
3101714
3102319
3102478
3102856
3104859
3105932
3106847
3107674
3108050
3108546
3109174
3109683
3110683
3111898
3112458
3112921
3113499
3114083
3115506
3115956
3116845
3117334
3117469
3117845
3118654
3119888
3120482
3120569
3121500
3121683
3122436
3122838
3123262
3124662
3124663
3125949
3126102
3126838
3127053
3128153
3128198
3128270
3128308
3128481
3129278
3129320
3129910
3130084
3132803
3132992
3133246
3133813
3134068
3134337
3134363
3134602
3134647
3134888
3135642
3137379
3137533
3138093
3139230
3139265
3139493
3140329
3141079
3141829
3141915
3142224
3142281
3143025
3143209
3143403
3144553
3144616
3145268
3146256
3147099
3147463
3148002
3149370
3149470
3149709
3150005
3150548
3151266
3152694
3153714
3155485
3155728
3156198
3158653
3159189
3160056
3160253
3160432
3160643
3160767
3161316
3161750
3162069
3162875
3163131
3163721
3164020
3164489
3165481
3166157
3166406
3166866
3167492
3168312
3169336
3169425
3169813
3169860
3171597
3172076
3172434
3172678
3173816
3174259
3174455
3174456
3174638
3177739
3180375
3180837
3182238
3182758
3183013
3184924
3185053
3185268
3185531
3185835
3186389
3186684
3187548
3187694
3188770
3190211
3191051
3191067
3191503
3191770
3191966
3192715
3193369
3193770
3194722
3195767
3196987
3198143
3198234
3198265
3199423
3199665
3200020
3201876
3203268
3204159
3205719
3207599
3207705
3209690
3210379
3211735
3212017
3212062
3212400
3214340
3215442
3215701
3216063
3216221
3216648
3217646
3218294
3219057
3220883
3221280
3221906
3222198
3223133
3223287
3223536
3223913
3226822
3227384
3227772
3227787
3228876
3228976
3229653
3230103
3232577
3233452
3233937
3236524
3236682
3237413
3237730
3238589
3239101
3239199
3239730
3240438
3240458
3240679
3242175
3243293
3244317
3245866
3246112
3246187
3246871
3247273
3247330
3247338
3248314
3248687
3251146
3251809
3252199
3254320
3255145
3255600
3255838
3256150
3256703
3257177
3258827
3259396
3260150
3260816
3261408
3262256
3264643
3265064
3265073
3267142
3267946
3268258
3268384
3268548
3268801
3269221
3270300
3271024
3271114
3271281
3271325
3271661
3271959
3272605
3272739
3272923
3273690
3274588
3275455
3276879
3278197
3278828
3279236
3279763
3279921
3282225
3282525
3282590
3283153
3285371
3285715
3286759
3286961
3287239
3287461
3287517
3287645
3288125
3288439
3289077
3290042
3290569
3290657
3290912
3290959
3291185
3291550
3292109
3292801
3292968
3294443
3294727
3295953
3296266
3299218
3301181
3302468
3302903
3303170
3304259
3304805
3305171
3307663
3307953
3308201
3308439
3308674
3309061
3309675
3310163
3311116
3311283
3311540
3311793
3311963
3313212
3313844
3313864
3314047
3314135
3314764
3315054
3316757
3316982
3318601
3318647
3318673
3318851
3319962
3320841
3323201
3323900
3324395
3325360
3327040
3330050
3330458
3331024
3331033
3332223
3333164
3335773
3336893
3336904
3337940
3337998
3338038
3338682
3339302
3339852
3340080
3340244
3340784
3343499
3345441
3346568
3346999
3347193
3347953
3348986
3349893
3350379
3350451
3350623
3350642
3351056
3352100
3352168
3353479
3353490
3354105
3354592
3356102
3357230
3357535
3358021
3358074
3359053
3359377
3360483
3364105
3364226
3364362
3364533
3364814
3365785
3366350
3366528
3367006
3367018
3367470
3367918
3368651
3369497
3369848
3370305
3370428
3370606
3372119
3372209
3372822
3375871
3376491
3376648
3377736
3380412
3382312
3383340
3385727
3386580
3386674
3387322
3388111
3388612
3390098
3390368
3391868
3391899
3391946
3393074
3393094
3394961
3395380
3395823
3396810
3397935
3398401
3398668
3399488
3400591
3402184
3403082
3404771
3406092
3406246
3406282
3406903
3408131
3408357
3408551
3409208
3409562
3410513
3410660
3410929
3411503
3413299
3413894
3414359
3414637
3415840
3416324
3416400
3417012
3417471
3419666
3419818
3419843
3420211
3421039
3421519
3421870
3422956
3424397
3427895
3427985
3428067
3428503
3429370
3429401
3429852
3431134
3432174
3432441
3432868
3433137
3433163
3433169
3434396
3434705
3436898
3437285
3437625
3437830
3437958
3440689
3441880
3442664
3442691
3443468
3444034
3445322
3446033
3447379
3448054
3448288
3448317
3448429
3448725
3449535
3449899
3451091
3451132
3451814
3451822
3452814
3454124
3454244
3456209
3456335
3456681
3456864
3457596
3457935
3458525
3459708
3460205
3460861
3462467
3462871
3465136
3465629
3466316
3466974
3469573
3471086
3471123
3471166
3471176
3472744
3473433
3474224
3475420
3475549
3475956
3477482
3479051
3479915
3480289
3481998
3482453
3482879
3483924
3484133
3484506
3485086
3485500
3485939
3487630
3488273
3490031
3490200
3490263
3490674
3491145
3491825
3492223
3492404
3492529
3493738
3494344
3494497
3494953
3495243
3496587
3498232
3498830
3501215
3501557
3501766
3502116
3502463
3503083
3503655
3504100
3504132
3504437
3504517
3505049
3505586
3506147
3506202
3506419
3506605
3506800
3506961
3507163
3507182
3507316
3507431
3507963
3507983
3508626
3509756
3510464
3510988
3511173
3512342
3512575
3513647
3515604
3516461
3516939
3517996
3518114
3518373
3519585
3519669
3520107
3520274
3521191
3521995
3522506
3522771
3523338
3524090
3524870
3525791
3526382
3527475
3528496
3529573
3529927
3530574
3531566
3532165
3532441
3532495
3533117
3533553
3533608
3533953
3534329
3535061
3535456
3535944
3536534
3536576
3536839
3537169
3539209
3539234
3540615
3541888
3541981
3542478
3542614
3542760
3542835
3542882
3544069
3544947
3545115
3545199
3545280
3546903
3548644
3549030
3549251
3550233
3551453
3552519
3553059
3554373
3554779
3555107
3555385
3555709
3557530
3557534
3559907
3560718
3561553
3561993
3562178
3562685
3562935
3563711
3564141
3564278
3564813
3566241
3566311
3569507
3570673
3570927
3571668
3572096
3572333
3573282
3573301
3574126
3574170
3574398
3574672
3575837
3578317
3579104
3579117
3579311
3579379
3580274
3580409
3581662
3583541
3583822
3583872
3583892
3584863
3586043
3586593
3587160
3587300
3587322
3587559
3588242
3588705
3588814
3588945
3588946
3588998
3590133
3590682
3590766
3591581
3592912
3593448
3593857
3594087
3594119
3594592
3596079
3597754
3597974
3598074
3598794
3598804
3599567
3599936
3600149
3600220
3600849
3602654
3602849
3603672
3604217
3604815
3605364
3606640
3607161
3609922
3610101
3610792
3610917
3612888
3614459
3614519
3615050
3616338
3616411
3618080
3618428
3618986
3619343
3619563
3619872
3621257
3623154
3623190
3624061
3624338
3625321
3625442
3626356
3626378
3627356
3627679
3628185
3628223
3628649
3628988
3629543
3629558
3629967
3630176
3630252
3630266
3631283
3631445
3633648
3634050
3635459
3636086
3636732
3637193
3637206
3637476
3637499
3637508
3638916
3638973
3639874
3640254
3640433
3640644
3642404
3642787
3643022
3645194
3645389
3647374
3647596
3648532
3648657
3649214
3649723
3650089
3650228
3650264
3650397
3650721
3651606
3652301
3652845
3653761
3655114
3655462
3655517
3655629
3656534
3656717
3657692
3658345
3659653
3660505
3662089
3662150
3663153
3663323
3663587
3663838
3665074
3665439
3665547
3666290
3667264
3667453
3670773
3671248
3671291
3672030
3672041
3672378
3673107
3673213
3674347
3674529
3674671
3674859
3675177
3675285
3675853
3676509
3676774
3679424
3679802
3680184
3680203
3680252
3681522
3681558
3681575
3681669
3682711
3684887
3685975
3686200
3687839
3688035
3689531
3690052
3690228
3690303
3690939
3691092
3691939
3694437
3694879
3695039
3696429
3696578
3696789
3696837
3698147
3700164
3700556
3701332
3701365
3702123
3702474
3703620
3703946
3703955
3705695
3707416
3708137
3709768
3709944
3710794
3712235
3713074
3713631
3714723
3716415
3716574
3716599
3716900
3717767
3718093
3719120
3719167
3719732
3720185
3720757
3720962
3722194
3722301
3723279
3723449
3723864
3724115
3725151
3725381
3728200
3730087
3730464
3730469
3730579
3731147
3731713
3731949
3732161
3732235
3732346
3732601
3732646
3733808
3735193
3735956
3736044
3736391
3736669
3736940
3737105
3737335
3737574
3738057
3740374
3740788
3742125
3742912
3743633
3743850
3744556
3744741
3745033
3745848
3746383
3746847
3747803
3748381
3748459
3748743
3749481
3749851
3750438
3751176
3752322
3753508
3753683
3753940
3754515
3754807
3755525
3755956
3756969
3757501
3757851
3757929
3759071
3759253
3760795
3760883
3761178
3765881
3766047
3766491
3767333
3767396
3767960
3768283
3768293
3768471
3768819
3769756
3770139
3771371
3772067
3773225
3774772
3775096
3775516
3776107
3776972
3777090
3778785
3779239
3779398
3779756
3780455
3782199
3782435
3783396
3784087
3785010
3786533
3788090
3788643
3788652
3789503
3790618
3791583
3791858
3792858
3793324
3793851
3794954
3795459
3795657
3795756
3796091
3796180
3796301
3797192
3797307
3797680
3798032
3798086
3799103
3799560
3801294
3802072
3802105
3802145
3802530
3802759
3803046
3803406
3805107
3806245
3809664
3810667
3811118
3812124
3812503
3812713
3814040
3814466
3814486
3814571
3815456
3817247
3818552
3818888
3818982
3819830
3820874
3821475
3823803
3824666
3825558
3825714
3825717
3825817
3826850
3826958
3827724
3827977
3828651
3830289
3830384
3830990
3831075
3831213
3831420
3831658
3831832
3832352
3832448
3834606
3834657
3835598
3836683
3836799
3838388
3838935
3840565
3841002
3841019
3841214
3842137
3842360
3842575
3842582
3844872
3844888
3847013
3847290
3847721
3849773
3850964
3852637
3854398
3855019
3855826
3855916
3856345
3856498
3856568
3856853
3857567
3857953
3858572
3859522
3860345
3861227
3861650
3861812
3862611
3864307
3866976
3867611
3868847
3868897
3869444
3869872
3870650
3870707
3871098
3871262
3871703
3871881
3872553
3873060
3874348
3876075
3876931
3877468
3877551
3877864
3878019
3878661
3879253
3880552
3880578
3881553
3882142
3884133
3884376
3885147
3885355
3885613
3886085
3888486
3888556
3889204
3889517
3889589
3889915
3889995
3890052
3890060
3890785
3890954
3891375
3893345
3894342
3894432
3895100
3896052
3896383
3896908
3897455
3897627
3898608
3898934
3899461
3900443
3900539
3900655
3903933
3903989
3904412
3904719
3905978
3906727
3907371
3908979
3909655
3910828
3912504
3913637
3914396
3914638
3914882
3914963
3915184
3916094
3916740
3917694
3918324
3918891
3919398
3919873
3920370
3920467
3920944
3922189
3922837
3927517
3927819
3928355
3930189
3930414
3931151
3933059
3933203
3933336
3934978
3935290
3935427
3935910
3937191
3937825
3939691
3939855
3940995
3943193
3946168
3946661
3948839
3949745
3950050
3951049
3951277
3951383
3952092
3952325
3952961
3953263
3955270
3955392
3956020
3956584
3957374
3957967
3959841
3960242
3962325
3962433
3962674
3962726
3963174
3963922
3964201
3964570
3964823
3968369
3968912
3970929
3970946
3971324
3972238
3972765
3973557
3974737
3975018
3977350
3977663
3978172
3978317
3978399
3978607
3979516
3980034
3980046
3980228
3981384
3982822
3983794
3984822
3985043
3985517
3985652
3985791
3987060
3987203
3988940
3989275
3989563
3989758
3991637
3992894
3993178
3993900
3994402
3994473
3995122
3995227
3996582
3997222
3998493
3998705
3998864
3998969
3998991
4001285
4002165
4002335
4002778
4003908
4004068
4004254
4005334
4007413
4009291
4009615
4010365
4011693
4011988
4012337
4012566
4012697
4013361
4013562
4015563
4015821
4016179
4017420
4017926
4020395
