326
444
741
953
1168
1173
1617
1852
2748
3291
3455
4079
4569
4760
4995
5321
5337
5811
5883
6051
6586
7329
7538
8780
9183
9274
9338
10743
11985
12563
13240
13307
13324
13348
14117
14625
14798
14924
15229
16085
16381
16452
17035
17437
17558
17644
17934
18320
18946
18998
19654
19753
20265
20931
21112
21725
22851
23689
25404
25430
25690
26103
26576
28439
28839
29768
30171
31089
31874
33849
34330
34659
34677
35077
35321
35335
35750
35774
36109
37362
39182
39341
39404
39530
39636
40074
40440
40868
41555
41573
41729
41908
41955
42210
43167
43492
44025
44434
44574
44722
45021
45123
45187
46339
46369
48348
48379
48397
48474
48921
49065
49891
50658
50767
50939
51114
51251
51744
51808
51899
52212
52516
53576
53668
55351
55871
56854
57651
59303
59754
60533
61216
62368
62922
63059
63432
63944
64720
64947
65559
65760
66147
66407
66544
67073
67240
68489
69177
69304
69803
70285
71529
72723
74091
74177
74531
74730
74935
75680
76409
76511
76895
77144
77273
77433
78045
79228
79298
79922
80210
80703
80704
81009
81278
81368
82992
84010
84314
84420
85159
86137
86151
86249
86780
86856
86858
87180
87405
87498
87630
87697
87822
88351
90179
90492
90507
91618
91740
91801
92346
92364
92952
93541
93576
93758
94093
94163
94426
94453
94756
94783
95692
96185
96534
97427
98745
99846
100006
100497
100565
101201
101852
102863
103006
104121
104162
105348
105663
106390
107000
107096
107240
107897
108083
108482
108931
109298
112388
113202
113321
113353
113839
114058
114190
114224
115506
115811
116059
116172
117639
118041
118564
118594
119415
119866
120118
121586
122103
122331
122804
123516
124016
124254
124820
125652
125688
126206
127020
128107
128487
128611
129842
130029
130429
130604
132452
132627
133429
133507
134327
134633
134820
135744
135831
135896
136271
136813
136827
137290
137358
137518
137697
137935
138748
139270
139360
139530
139618
139783
140646
140657
140915
141007
141853
141998
142315
142551
143892
144649
145045
145243
145340
145562
146106
146833
147100
147185
147224
147317
147546
147666
147764
147938
148285
148901
149098
149995
150589
151843
152943
153074
153361
155639
155676
156184
156290
156984
157076
157441
158342
159141
160315
160759
160852
161671
161686
161861
163118
163327
163351
164173
164524
164549
164659
164667
165597
165766
165937
166020
166817
167336
167338
167550
167967
169340
169491
169730
169860
170260
170886
170944
170965
171922
172448
172624
172898
173605
173664
174515
174666
175676
175825
176187
177349
177770
178020
178544
179599
179686
179945
180769
181598
181910
182939
183079
183506
183744
184347
184608
184664
186269
186746
187136
188499
188636
189045
189940
190079
190447
190522
190689
190788
190791
191292
191526
191719
192388
192426
192909
193397
193645
194117
194844
195020
195319
195553
195908
196033
196291
196593
197752
198299
198583
198930
199238
199721
199827
199875
200003
200004
200074
200449
200697
201091
201608
201653
201890
202104
202121
202865
203224
203232
203392
203520
203563
204281
204706
204798
204813
205130
205454
205488
205498
206088
206812
207227
207924
208590
208657
208746
208817
209193
209288
209523
209555
209855
210304
210535
210917
211434
211966
212349
212927
212938
213057
213124
213178
213192
213369
214062
214294
214331
214429
214588
214926
215381
215805
216384
216525
217005
217407
217709
217849
218040
218386
218933
219034
219913
220871
221942
222300
222398
222938
223304
223595
224277
225017
225313
225684
226937
227769
228081
228474
229200
230145
230344
230365
230500
230622
230649
231479
231636
231885
232491
232660
233359
233560
234319
234450
234897
235522
235527
236979
237130
237633
237895
238774
239077
239979
240126
240437
241771
241858
242656
243062
243190
243456
243608
243995
244107
244324
244415
245142
245427
245480
245949
246250
246654
247283
247500
247619
248237
248834
248903
249118
249274
249492
250101
251020
251492
252022
252897
252984
253056
253445
253729
253868
254781
254833
255429
255612
255831
257214
257366
258105
258191
258787
259680
259717
261005
263493
263649
264187
264378
264806
264885
265066
265763
265791
265843
266413
267091
268205
269074
269505
271029
271758
272690
272947
273024
273630
273728
274152
274234
274426
274723
275327
276409
276562
276923
278283
278682
278763
279400
279973
280125
281079
281685
281705
282106
282329
282737
282937
282978
283273
283387
283479
283905
284681
284826
285016
285996
286164
286276
286394
286741
287058
287141
287277
287632
288414
289120
290004
290150
290217
291785
292671
294051
294158
294173
294212
294616
294756
295281
295282
295361
295528
296462
296743
296804
298555
298572
299175
299422
299524
299616
299967
300013
300288
300637
301208
301592
301620
301687
302379
302623
303111
303311
303827
304378
304692
305568
306090
306195
308387
308972
309084
310062
310343
310504
310599
310794
312007
312817
313000
313177
313304
313447
313723
313743
313949
314108
314400
314482
315072
316582
317648
318175
318324
318588
318654
319455
319537
319739
320369
320982
321512
321663
321911
322340
322419
323012
323184
323637
324137
324915
327687
328411
328954
329616
329647
330748
331695
331908
333135
333905
334526
335359
335736
336046
336165
337489
337913
337921
338111
338153
338349
338971
339197
339198
339369
339478
339658
340181
340467
340985
341053
341161
342018
342402
342886
343580
343708
343711
344052
344705
344753
345591
345637
345825
346043
346500
346577
346764
347189
347653
347854
348037
348053
348791
348894
349204
349267
350024
350424
350448
350648
351713
352308
352445
352516
352697
353174
353624
353860
354063
354542
354660
354808
354849
356077
357090
357240
357247
358902
360760
361762
362639
363097
363293
363355
363435
364076
364249
364292
364466
364630
365741
366164
366387
366437
366535
366937
367343
367506
368344
369089
369290
369524
369540
370670
370693
370983
371288
371624
371679
371948
372643
373055
373148
373231
373504
374142
375427
376526
377029
377703
377935
378662
379135
379562
379964
380216
381505
381798
382051
382324
382443
383153
383257
383632
383656
383953
384624
384855
385397
385541
386433
386455
387060
387244
388950
389773
390221
390228
390534
390656
390695
390758
391421
391474
391499
391984
392309
392588
392640
393639
393826
393919
394351
395224
395308
395711
396050
396113
397908
398130
398326
399057
399225
399461
399609
399848
400210
400274
400594
400751
400876
401481
402153
402971
403161
403452
404111
404358
405097
406359
406462
406637
406868
407207
407402
407742
408183
408186
408578
408641
409932
410799
411199
411203
411426
411675
412102
412427
412992
414301
414861
415004
415156
415233
415565
415946
416176
416325
416633
417002
417405
417937
418014
418262
419055
419225
420079
420149
420688
420948
421941
422371
422702
423413
423467
423953
424304
425118
425401
426443
426596
426609
426762
426843
427025
428028
428138
428187
428188
429861
430065
430091
430703
430775
431160
431432
431517
433629
433992
434011
434579
434647
435048
435689
435974
436658
436835
437012
437210
437347
437714
437899
438280
438452
438566
439601
439620
439726
439965
440618
440873
441497
441913
442103
442609
442880
442976
443274
443575
443628
444391
444938
445341
445693
445921
446219
446343
446587
446637
446975
447497
447517
448990
449110
449810
449840
450857
451039
451063
451162
451626
453376
453654
454112
454159
454253
454632
454659
455307
456382
456894
457751
458049
459734
460391
460784
460994
461045
461231
461638
462218
462562
462856
463334
463574
463577
464383
464391
464762
465167
465650
466168
467106
467258
467276
467284
467503
468731
469098
470025
470160
470258
470627
470886
472034
472119
472181
472239
472857
473577
473925
474137
474946
474994
475076
476539
476835
477973
478111
478916
479010
479410
480066
480568
480968
481053
481886
482583
482672
482679
483945
483977
484120
484571
484821
485610
485728
486328
486923
487510
487627
488344
488505
488590
488598
489650
490569
491001
491285
491362
491430
492244
492765
492804
493040
493454
494049
494355
495219
495419
496247
496554
496979
497165
498307
498434
498564
498711
499907
500061
500702
501629
501877
501893
501968
501992
502353
502444
503169
503381
503686
505110
505904
505976
507151
508458
508546
508911
509798
510102
510302
510825
510852
511005
511070
511200
511285
511376
511982
512008
512021
512147
512494
512734
513559
514589
515321
515409
515790
515969
516092
517101
517657
517714
517758
518158
518548
518664
519018
519457
519459
520340
520402
520845
520916
521053
521983
524710
525336
526599
526734
526891
527080
527954
528526
529922
530020
530193
530307
531206
531420
531769
531808
531962
532294
532428
532701
532981
533007
533401
533939
534757
535461
535702
535770
536004
536014
536320
536528
536706
536834
538128
538422
539498
539659
539808
540051
540751
541052
541224
541532
542183
542341
543627
543932
544047
544074
545086
545504
545933
547075
547124
547203
547298
547447
547623
548578
549321
549368
549928
550713
551114
551327
551424
551544
551672
552153
552238
552409
552558
552600
552991
553585
553722
553764
554930
554940
555015
555281
555542
555642
556009
556351
556990
557525
557613
558352
558424
558684
558877
559572
559928
559958
560290
560697
560731
561172
561557
562396
562435
564114
564122
565042
565323
565953
566411
567346
568448
568532
568985
569379
570310
570734
571277
571761
571903
572193
573087
573434
573492
573636
573790
576311
577311
577872
578034
578585
579468
581212
581473
581715
583031
583382
583391
584027
584729
585198
585788
587459
587765
588105
588412
588770
589172
589233
589333
589472
590705
591064
591296
591649
592445
593569
593941
594224
594671
596411
597668
597772
598021
598188
598754
600402
600688
602149
602332
602672
602798
603195
603863
603887
604019
604563
605224
605332
605470
605481
605638
606267
606315
606595
607302
607529
607634
607702
607815
608635
609360
609481
610060
610367
611012
611343
611757
611853
612230
613491
613494
614366
614629
615296
615461
615671
616223
617845
618222
618225
618413
618676
618915
619397
621634
621953
622424
622952
625177
625697
626527
626641
626800
626941
627392
627754
628170
628630
628783
629137
630816
631031
631251
631499
632910
633050
633064
633614
633646
633865
633957
633981
634021
634290
635390
636138
636481
636724
636906
637042
638213
638268
638346
638443
638457
638464
639194
640125
640980
641065
641170
641292
641547
641784
641789
642663
642905
643101
643341
643956
644873
644935
645517
645757
646003
646271
647036
647187
647625
647745
647818
647995
648123
649495
650957
651541
652348
653001
653329
653384
653925
654614
654890
655314
656575
656797
656934
657365
657563
657675
657734
659052
659501
660242
660843
660922
661139
661156
661675
663174
663529
663620
664192
664586
664687
665123
665907
666599
666641
666792
666986
667268
667395
667605
667818
668346
668731
669161
669202
670329
670590
672091
672218
672299
673102
673462
673560
673783
674126
674251
675871
675922
675928
676160
676314
676773
676924
677018
677161
677917
678360
678660
678682
679779
679792
679991
680358
680490
680591
682142
682326
682359
682418
682453
682704
682717
682892
683267
683338
683751
685111
686145
686386
686589
687077
687344
687507
687566
687601
687911
688612
689747
690267
690676
690820
691044
691448
691800
692396
692581
692650
693063
693205
693250
694703
695113
695361
695546
695559
695609
695887
695949
696061
696532
696572
697219
697617
697828
698105
698411
698802
699419
700406
700585
700605
701263
701308
701700
701992
702891
703217
703584
703877
704509
704648
704713
704730
704785
704842
705353
706631
706655
709443
709468
710072
710877
710969
711070
713290
713992
714035
714654
714690
714707
715604
715666
715880
716024
716097
716257
716353
718206
718642
718998
719947
720866
720917
720958
721070
721072
721312
722634
722946
723176
723760
724021
725489
725513
726313
727268
727307
727492
727715
728431
728461
728777
729073
729296
729878
730180
730204
730683
731638
731980
732018
732325
733271
733648
733717
733821
733986
734664
734847
734962
736281
736530
736560
736743
738064
738128
738346
738376
738522
739625
740291
740344
740959
741405
741599
742078
742343
742916
743129
743777
743872
744284
744734
745307
745455
745589
745663
746160
746665
746929
747400
748327
748946
749134
751560
751787
751790
751917
752028
753216
753847
754128
754311
754622
754955
755515
756150
756214
756318
756886
757034
757139
757788
758371
759858
760336
761288
761322
762111
762218
762651
763420
763840
764088
764100
764262
765601
765816
766122
766198
766312
767268
767319
767433
767958
768152
768236
768416
768752
768957
769356
769690
770631
770772
771512
772120
773768
774372
775366
775950
775965
776656
776956
778110
779014
779933
780836
780954
780978
781139
781605
781971
782680
782810
783011
783878
784439
784532
784850
786125
786522
786692
786693
787937
787979
788020
788162
789086
789163
789594
789909
790304
791597
791988
793854
794300
794393
794828
795417
795442
796272
796296
797135
797188
797488
797687
798365
798400
798406
799163
799314
799533
800221
800484
800497
800685
801348
801744
802066
802697
802825
803053
803251
803465
803951
804933
805033
805236
805251
805436
806063
806727
806900
807190
808474
808652
808731
808823
809333
809798
810320
810548
811517
811889
811917
812096
812523
813031
814700
814750
815074
815228
817046
817106
817972
818590
818601
819967
822313
822522
822783
822951
823650
823669
824326
824405
824592
824730
824794
825608
825817
826833
827026
827095
827507
828283
828437
828495
828500
828571
828620
828732
828766
828938
829740
829751
830626
830806
831410
831695
832718
833214
833885
834509
834995
837091
837222
837639
837880
838952
838977
839220
839360
839423
839575
841436
841691
841827
841850
842052
842278
842430
842504
842863
842952
842994
843037
843459
843943
844033
845424
846267
847506
848236
848665
848900
848911
848936
849334
849337
849699
850461
850654
850836
851206
851828
852873
853134
853980
854006
854090
855288
855341
856610
857146
857187
857450
857538
858012
859679
860269
860651
861024
861150
861338
861400
861495
861779
862212
862384
862942
863171
863659
863803
864435
864458
865032
865188
866624
867070
868631
868926
869064
870543
870716
870981
871107
871313
871436
871641
871660
871756
872031
872778
872804
872992
873405
873481
873642
873815
874136
874376
874544
875552
876033
876736
876835
877504
878536
880289
880848
881224
881419
881546
881551
882081
882137
883424
883480
883911
884209
884424
884468
884606
885562
885809
885975
886273
886355
886646
886870
887020
887369
887701
887907
888162
888348
889465
889652
889687
889695
889981
890012
890022
890068
890316
890511
890814
891101
891194
891333
891652
891722
891913
892746
893526
894373
894779
894796
895285
896314
896359
896457
897365
898099
898157
898478
898557
898565
899292
899736
899778
899783
900178
900481
900924
901172
901926
902022
902525
903137
903624
903785
903830
904126
905210
905360
905883
906000
906092
906552
906969
907312
907695
908157
908736
908881
909871
909979
910292
910407
910532
911134
911201
913186
914057
914530
915306
915438
915449
915937
917418
918248
918764
919355
919433
919663
919988
920475
921012
921757
922023
922292
922980
923771
923933
924645
924954
925701
925996
926555
926646
927511
928028
928587
928922
930162
930176
930546
930902
931690
932172
932505
933884
933912
933946
935145
935481
935728
936076
936917
937259
937393
937488
937630
937743
937914
938350
938675
940196
940551
940711
940732
941092
941450
941603
941629
942077
943258
945646
946172
946309
946477
949378
949515
950242
950243
950328
950347
950646
950655
951202
951207
951538
951973
952317
952566
953133
953155
953157
953173
953279
953449
953971
954977
955241
957506
958203
958587
958810
960202
960382
960609
961116
961213
961335
961843
962539
962676
962988
963011
964192
964632
964997
965843
965973
966197
966813
967236
968847
968925
969376
970126
970217
970219
970632
970987
971655
971987
972511
972675
973069
973571
973632
974068
974223
975032
975614
976133
976356
976529
976782
976788
976913
978982
979568
979986
980006
980020
980804
980908
980984
981366
981408
981906
982173
982267
982305
982766
982842
982885
983331
983390
983472
983723
984102
985839
985870
986403
986417
986506
986961
987168
987783
989050
989229
989291
989410
989583
989948
990344
990841
991557
992225
992422
992605
992680
994419
994571
994637
994660
995120
995130
995851
995908
996050
996969
997173
997862
998516
1000523
1001157
1001185
1001194
1001475
1001499
1001865
1002168
1002509
1002777
1004139
1005283
1006817
1007554
1007623
1007879
1008201
1008492
1008632
1009017
1009375
1009987
1010328
1011227
1011758
1011918
1011975
1012055
1012643
1012794
1013271
1013543
1014665
1015127
1015350
1015491
1015857
1016038
1016968
1018520
1019015
1019068
1019500
1020726
1021703
1021813
1022119
1022142
1022409
1022446
1022982
1023082
1023671
1024076
1024109
1024460
1024477
1024967
1025298
1025460
1025894
1026052
1026392
1027384
1027554
1027773
1027803
1027892
1027998
1028382
1029241
1029455
1030005
1030501
1031453
1032083
1032498
1033240
1033356
1033564
1033818
1034506
1034968
1035245
1035494
1036436
1036599
1036761
1036941
1037158
1037433
1039235
1040420
1040599
1040980
1041021
1041347
1042202
1042438
1042454
1042464
1042924
1044478
1044816
1045639
1045692
1046470
1046850
1047905
1048129
1048401
1048991
1049274
1049553
1050175
1050192
1050311
1050393
1050962
1051696
1052028
1053060
1053933
1053994
1054892
1054956
1054971
1055004
1055113
1055141
1055594
1055652
1055750
1055923
1056019
1056172
1056177
1056551
1057017
1057442
1058147
1059694
1059875
1060361
1061243
1061440
1061722
1061853
1061997
1062482
1062609
1064066
1064492
1065528
1065815
1065915
1066490
1066594
1066607
1066663
1066893
1067093
1067756
1067769
1067802
1068007
1068405
1068503
1068651
1069315
1069703
1069797
1069981
1070421
1070637
1070791
1071087
1071429
1071449
1072610
1074242
1074250
1074738
1074854
1075767
1076354
1076910
1077038
1077259
1077498
1078070
1078266
1079418
1079697
1079917
1081003
1081041
1081844
1082011
1082202
1082259
1082643
1083892
1084468
1085437
1085808
1086241
1087056
1087925
1087930
1088048
1088338
1088487
1088955
1089005
1089856
1090114
1090247
1090789
1092561
1092577
1092803
1093029
1093222
1093461
1093563
1094020
1094329
1094345
1094834
1095384
1095476
1096015
1097448
1097636
1098301
1099675
1100427
1101762
1102275
1102319
1102369
1102642
1102955
1103521
1103713
1104301
1105859
1106901
1107806
1108086
1108695
1109073
1109266
1109326
1109509
1109794
1110290
1110806
1113352
1113494
1114620
1115060
1115763
1116634
1116938
1117473
1118154
1119175
1119177
1119323
1119508
1119627
1120746
1121249
1121586
1121743
1121806
1122413
1123361
1123487
1123496
1123602
1124201
1124596
1125394
1126140
1126179
1126444
1126507
1126774
1127667
1128197
1129724
1129906
1130006
1130998
1131143
1132189
1132209
1132756
1132913
1133334
1133852
1133911
1134190
1134327
1135215
1135899
1136558
1136706
1138188
1138585
1138629
1138904
1139200
1139211
1140108
1140156
1140479
1140881
1141813
1142019
1142266
1142911
1143343
1143664
1144380
1145534
1145577
1146175
1146585
1147392
1147741
1148082
1148370
1149625
1150237
1150648
1150961
1151668
1151689
1151793
1152301
1153119
1153824
1154031
1154324
1156325
1156470
1156594
1156806
1157621
1158467
1158623
1158633
1159205
1159425
1159445
1159526
1160550
1161024
1161932
1162122
1162561
1162649
1162922
1162977
1163426
1163453
1163966
1164226
1164989
1165300
1166145
1166595
1167051
1167505
1167936
1168096
1168206
1168464
1169770
1169875
1169990
1170005
1171102
1171673
1172267
1172464
1173777
1174035
1174175
1175368
1175579
1175600
1175671
1175958
1176285
1176535
1176611
1177124
1177550
1178453
1178663
1178892
1179016
1179711
1180176
1180326
1181281
1181450
1181861
1182866
1183877
1184424
1185024
1185147
1185315
1186007
1186106
1186782
1186837
1187026
1187617
1187896
1188614
1188893
1188960
1189103
1189351
1189514
1189946
1190241
1190272
1190341
1191990
1192365
1192628
1193447
1193783
1194098
1194688
1194713
1194725
1195400
1195870
1195980
1196383
1196580
1196714
1198829
1198918
1199103
1199393
1200057
1200068
1200147
1200284
1200324
1200901
1201324
1202214
1203279
1203925
1204021
1204116
1204423
1205072
1205868
1206163
1206826
1206990
1209361
1209656
1209658
1210030
1210178
1210676
1211152
1211546
1211909
1212540
1213101
1213429
1213730
1214148
1214479
1214637
1215298
1215662
1215724
1215884
1216139
1217581
1219034
1219063
1219386
1219598
1219706
1219939
1220440
1220670
1220816
1220897
1221255
1222110
1223635
1224036
1225587
1225613
1225804
1227137
1227539
1227824
1228248
1228582
1228675
1229356
1229627
1229977
1230116
1230232
1231985
1232301
1232318
1232966
1233284
1233409
1233575
1234296
1234658
1234852
1235312
1235356
1236072
1236117
1236688
1237929
1238037
1239016
1239379
1239416
1239656
1239849
1239932
1239962
1240174
1240312
1241198
1241412
1242764
1242802
1243670
1243867
1244234
1244453
1244911
1244916
1245066
1245073
1245177
1245483
1245729
1247039
1247472
1247725
1248339
1249249
1250118
1250410
1251968
1252217
1252573
1253199
1253307
1253684
1253942
1254252
1255113
1255282
1255538
1256420
1256870
1257853
1257892
1258562
1259640
1260220
1260589
1261477
1261796
1263759
1264281
1264776
1264843
1264996
1265012
1265473
1265533
1266207
1267813
1267971
1269317
1270215
1270516
1270714
1270967
1271612
1271664
1271703
1272222
1272582
1272901
1273126
1273379
1273611
1274144
1274287
1274608
1274692
1274882
1275221
1275325
1275770
1275796
1276622
1277150
1277279
1279020
1279156
1279297
1279311
1279377
1279663
1279827
1280004
1280329
1280853
1281676
1281766
1281794
1283351
1283856
1284271
1285557
1287231
1287337
1287458
1287807
1287934
1288042
1288203
1288591
1288799
1289086
1289274
1289373
1289429
1289788
1290315
1290413
1290444
1290776
1291012
1291268
1291449
1291680
1292539
1292690
1292771
1292977
1294323
1294660
1294967
1295136
1296599
1297284
1297322
1297368
1298051
1298499
1298599
1298742
1298946
1299010
1299495
1299803
1300277
1301326
1301964
1302334
1302617
1303243
1303568
1304496
1305203
1305259
1305594
1305758
1306951
1307108
1308145
1308280
1308840
1309616
1310013
1310206
1310589
1311273
1311501
1312284
1312666
1312784
1313015
1313082
1314031
1314400
1315302
1316008
1316531
1316551
1316627
1316686
1317073
1317693
1319339
1319424
1320018
1320704
1320735
1320917
1321016
1321329
1322157
1322270
1322604
1322759
1323024
1323549
1323787
1324005
1324102
1325941
1327342
1327399
1327717
1328854
1329561
1329969
1329991
1330293
1330336
1330562
1330837
1331507
1332580
1334493
1334965
1335028
1335067
1336418
1336522
1337120
1337187
1337329
1337756
1338818
1339154
1340175
1341205
1341388
1341473
1343385
1344492
1344703
1344844
1345164
1345406
1345640
1346287
1346451
1349115
1349764
1350423
1350448
1350520
1350940
1351143
1351927
1352363
1352533
1352908
1353252
1353397
1353889
1353980
1354025
1354199
1354342
1354630
1354747
1354949
1355353
1355773
1355834
1356624
1357406
1358521
1358600
1358732
1359003
1359433
1359818
1359879
1360060
1360181
1360926
1361284
1362702
1363570
1363807
1364643
1365175
1365342
1365505
1365746
1365814
1366308
1366431
1368311
1368591
1368602
1368640
1368970
1369710
1369724
1369788
1369969
1370080
1370253
1370258
1370379
1370380
1370408
1370428
1370994
1371136
1371452
1371458
1371587
1371707
1371822
1372025
1372839
1372866
1374725
1374974
1375267
1375292
1376924
1377102
1377175
1377267
1377745
1377843
1379839
1379895
1380215
1380429
1380751
1381005
1381465
1381574
1381584
1381692
1381835
1382322
1383287
1383480
1383642
1383688
1384029
1384046
1384372
1384473
1384604
1385714
1386243
1387113
1387881
1387984
1388258
1388333
1388796
1388970
1389013
1389045
1390556
1392577
1392860
1392924
1393165
1394010
1394056
1394761
1394847
1394944
1395410
1396138
1396954
1397356
1397488
1397676
1398937
1398959
1399319
1400013
1401089
1401790
1401962
1402101
1403112
1403868
1403945
1404030
1405394
1405508
1405742
1406289
1406302
1406669
1406889
1407122
1407158
1407239
1407282
1407375
1408619
1409334
1409499
1410293
1410401
1410532
1411646
1411900
1412106
1412391
1412712
1413412
1414026
1414241
1414504
1415279
1415827
1416254
1416795
1416840
1416915
1417161
1417879
1419298
1419577
1419693
1419874
1420190
1420433
1420816
1420947
1422669
1422841
1423395
1424722
1425891
1425957
1426085
1426984
1427076
1427324
1428508
1428929
1429181
1429396
1429503
1429835
1430472
1431867
1431903
1432235
1432582
1432699
1432853
1433008
1434217
1434456
1434837
1435262
1435985
1436023
1436143
1436974
1437421
1437584
1438877
1439464
1439554
1439574
1439581
1439949
1440119
1440211
1440279
1440538
1440772
1440805
1441030
1441525
1442563
1443814
1444108
1444153
1444930
1445018
1445719
1445803
1445826
1446071
1446134
1446922
1448638
1449221
1450050
1450249
1450429
1451874
1452399
1452681
1452693
1452829
1453158
1453412
1454986
1456142
1456552
1456555
1456663
1457207
1457548
1457673
1457779
1458076
1458401
1459417
1459490
1459505
1459950
1460260
1461574
1462153
1462370
1462443
1462835
1462972
1463046
1463074
1463560
1464108
1464405
1465140
1465758
1466423
1466870
1467431
1469358
1469622
1470037
1470139
1470518
1470950
1471226
1471992
1472280
1473156
1473223
1473314
1473733
1473974
1474020
1475054
1476616
1476821
1477388
1477814
1477972
1479119
1479125
1479316
1479918
1480141
1480473
1480584
1480843
1480991
1481690
1483787
1483973
1484004
1484649
1484992
1485283
1486313
1486520
1486755
1486891
1486939
1487601
1488130
1489180
1489306
1489757
1490838
1491059
1491099
1493255
1493271
1493413
1493510
1493576
1494232
1494527
1494862
1495135
1495663
1495790
1495881
1495900
1495950
1496309
1497107
1497802
1498498
1498602
1498669
1498947
1501560
1501839
1502658
1502883
1503753
1504003
1504420
1504575
1504663
1504875
1505442
1505928
1505936
1506507
1506807
1506995
1507616
1507780
1507829
1507897
1507914
1508594
1508712
1508861
1508951
1508989
1509249
1510048
1510179
1510845
1510861
1511132
1511217
1511267
1511347
1511698
1513774
1514019
1515124
1515371
1515916
1516197
1516360
1516679
1517073
1517241
1517987
1518000
1518134
1518164
1518670
1519649
1519729
1520255
1520939
1523252
1524331
1524377
1524457
1525534
1525964
1527205
1527536
1530641
1531000
1531146
1531177
1531180
1531458
1531758
1532330
1533462
1535621
1535818
1535852
1535982
1536091
1536230
1536814
1536905
1537095
1537173
1537674
1538022
1538822
1539029
1541017
1541982
1542090
1542134
1542923
1543027
1543042
1543206
1543226
1543315
1543749
1544258
1544455
1544695
1544699
1545078
1545618
1545719
1545832
1546025
1546856
1548019
1548518
1548721
1549145
1549162
1549274
1550456
1551334
1552497
1553275
1553522
1555643
1555909
1558362
1558814
1558816
1558935
1559452
1559482
1559601
1559957
1560263
1560605
1560621
1561194
1561586
1561866
1562313
1562380
1563155
1563953
1564232
1564476
1564491
1564591
1564783
1565567
1566005
1566100
1566359
1566404
1566599
1566685
1567537
1567883
1568071
1568141
1568398
1569116
1569637
1569807
1570094
1570455
1570712
1570871
1571038
1571457
1572146
1572184
1572234
1572304
1572316
1572506
1573193
1573471
1573712
1573919
1574935
1575407
1575496
1576384
1577123
1577311
1577508
1578020
1578652
1579770
1579806
1580058
1580179
1581344
1581757
1582517
1583499
1584924
1585070
1586104
1586249
1586508
1586612
1586663
1587336
1588163
1588181
1588260
1588532
1589043
1589073
1590536
1590914
1591090
1591313
1591503
1591801
1592746
1593879
1594383
1594473
1594878
1596044
1596927
1596998
1597917
1598602
1598860
1599926
1600006
1600124
1600220
1600499
1600562
1602861
1603871
1604066
1604858
1606599
1607478
1608900
1609053
1609979
1610437
1610439
1610508
1610788
1611051
1611110
1611245
1611283
1611613
1612229
1613842
1614390
1614584
1614916
1615260
1615279
1615931
1616906
1616915
1617540
1617559
1617564
1618607
1618608
1619471
1619736
1619750
1620460
1621112
1621239
1622216
1622265
1623040
1623251
1623473
1623647
1624893
1625357
1626498
1626892
1627067
1627339
1627421
1627844
1628912
1629051
1629372
1630725
1630828
1631731
1632419
1633084
1633481
1634217
1634383
1635180
1635570
1635629
1636319
1636610
1636690
1636786
1637079
1637772
1637819
1638222
1638731
1639363
1639474
1640167
1640234
1640600
1641062
1641776
1641841
1643613
1643765
1644089
1644383
1644396
1644554
1645459
1646012
1646128
1647232
1647676
1648075
1648590
1648709
1649437
1650255
1650510
1650795
1650992
1651421
1651892
1652062
1652184
1652715
1652982
1653316
1653944
1654025
1654027
1654660
1655096
1655704
1656466
1656998
1658004
1658090
1658674
1658699
1658976
1659079
1659085
1659777
1659799
1659991
1660322
1660632
1661439
1661516
1661753
1662090
1662456
1662535
1662686
1663038
1663237
1663340
1663472
1663687
1664052
1664655
1664706
1664878
1665928
1666018
1666145
1666186
1666667
1666808
1666931
1667611
1667781
1668378
1668877
1668955
1669776
1670309
1671170
1672440
1672686
1673969
1674138
1674461
1675177
1675384
1676040
1676102
1677373
1678300
1678809
1679225
1679656
1680181
1680250
1680513
1680862
1681701
1683248
1683345
1683746
1684936
1685099
1685120
1685467
1685937
1686194
1686384
1686993
1687656
1688210
1688284
1688457
1688860
1689054
1689202
1689471
1689806
1690732
1690743
1692047
1692215
1692947
1694405
1694414
1694471
1694809
1695578
1695629
1696165
1696486
1697265
1697888
1698552
1698846
1698984
1698997
1700054
1700542
1700722
1700863
1700991
1702340
1702488
1702535
1703010
1703364
1703428
1703694
1704714
1704866
1705103
1705237
1705578
1705727
1705966
1706570
1708036
1708490
1709610
1710775
1711144
1711181
1711916
1712011
1712514
1713431
1713521
1713670
1715801
1717028
1717217
1717284
1718075
1719012
1719269
1719700
1719750
1719785
1719851
1719868
1720691
1721569
1721584
1722102
1722292
1722974
1723448
1723833
1723867
1724259
1725485
1725971
1726689
1726900
1728608
1728774
1730005
1731122
1732007
1732546
1732972
1733069
1733490
1733586
1733865
1733894
1733895
1735528
1735630
1735814
1735976
1736223
1736729
1737003
1737255
1737509
1737920
1738226
1739149
1739584
1740596
1740599
1740838
1741159
1742756
1743303
1743461
1743494
1743830
1744380
1744755
1745533
1745794
1746608
1746694
1746806
1748077
1748822
1748836
1749247
1749362
1749853
1749891
1750004
1750968
1751297
1751361
1752110
1752559
1753264
1753340
1755001
1755447
1755527
1755673
1755943
1756437
1756608
1758660
1759084
1759531
1759979
1760075
1760226
1760941
1761355
1762140
1762214
1762280
1762670
1763006
1763619
1764011
1764089
1764842
1764888
1765320
1765502
1767068
1767687
1767703
1768156
1769059
1769106
1769113
1770693
1770770
1771094
1771267
1772148
1772951
1773714
1774090
1774550
1774723
1776082
1776472
1776515
1776631
1776989
1777358
1777485
1777902
1777989
1778666
1780000
1780912
1781430
1782735
1782767
1783160
1783467
1783638
1784046
1785667
1786031
1786807
1786810
1787173
1787593
1787658
1787965
1788388
1788554
1788849
1789002
1789246
1789515
1790070
1790234
1790328
1790569
1790668
1790951
1792238
1792644
1793435
1793509
1793525
1795828
1795881
1796403
1796492
1797203
1797664
1798117
1798918
1799509
1799687
1800161
1800423
1802247
1803065
1803983
1804710
1804788
1805616
1806006
1807372
1807593
1807900
1807973
1809482
1809951
1810794
1811198
1811784
1812063
1812687
1812748
1812804
1813407
1813516
1813555
1814487
1814509
1815093
1815632
1816231
1816269
1817813
1817910
1818594
1819557
1820235
1821085
1821966
1823287
1823373
1823828
1823991
1824391
1825609
1826068
1826264
1827431
1829502
1829701
1829921
1830455
1832961
1833484
1833812
1834683
1835241
1835342
1835509
1836637
1837221
1837632
1837839
1838144
1838527
1838927
1839780
1840068
1840607
1840724
1840981
1842429
1842444
1842897
1843029
1843150
1843478
1844087
1844266
1845354
1846423
1846961
1846962
1846991
1847220
1847447
1848025
1848364
1848411
1848430
1849450
1850066
1850168
1850518
1850661
1850708
1850984
1851777
1851982
1852224
1852325
1853241
1853421
1853429
1854078
1854302
1854358
1854925
1855093
1855342
1855393
1855630
1855658
1856450
1856789
1856899
1857006
1857273
1858359
1858900
1859669
1860003
1860071
1861371
1862069
1862413
1862680
1863661
1864316
1864737
1864748
1865489
1865581
1866075
1866482
1866708
1866714
1867495
1867666
1867717
1868001
1868292
1868571
1871102
1871719
1871734
1872162
1872892
1874656
1875268
1875525
1875837
1876611
1876688
1876813
1876903
1876943
1877117
1877745
1878213
1878892
1879042
1879366
1880183
1880501
1881202
1881226
1881303
1882168
1882938
1883381
1883673
1884143
1884991
1885463
1886223
1887158
1887806
1888373
1888659
1888775
1888908
1888926
1889485
1889873
1889886
1889888
1889977
1890946
1891740
1892170
1893077
1893466
1894212
1894273
1894429
1894465
1894516
1895028
1895393
1896450
1897362
1897612
1898356
1898827
1899663
1900392
1900566
1900656
1900973
1901460
1901811
1901934
1902231
1903065
1903675
1903873
1905085
1905171
1905584
1907096
1907165
1908980
1909145
1909403
1909617
1909944
1910290
1910356
1911045
1911313
1911741
1912218
1912593
1913380
1914138
1914867
1915406
1916157
1917020
1917025
1917221
1917536
1918089
1918285
1918314
1919037
1919585
1919588
1921590
1922479
1922865
1923706
1924241
1924516
1925177
1926407
1926923
1927068
1927557
1928132
1928180
1928263
1929271
1929466
1929730
1929845
1930646
1930699
1931530
1932297
1932452
1932648
1933152
1933656
1934002
1934988
1935427
1935538
1935701
1935966
1936343
1937270
1937871
1938293
1938767
1939218
1939566
1939668
1939783
1940046
1940095
1940443
1940521
1941384
1941894
1942147
1943316
1943682
1943726
1944201
1944571
1945272
1945546
1946814
1946955
1947374
1947602
1948295
1948656
1948986
1949524
1950365
1950543
1950614
1951013
1951986
1952091
1952275
1952468
1952796
1953365
1954667
1954883
1954899
1955152
1955346
1955409
1955706
1956110
1956118
1956339
1956599
1956800
1957025
1957141
1958452
1958511
1958952
1959075
1959953
1960084
1960316
1960339
1960699
1961129
1961327
1961333
1961966
1962343
1962664
1962943
1964500
1965173
1965292
1965844
1967052
1967180
1967507
1967563
1967610
1967670
1967711
1968068
1969108
1969197
1969288
1970043
1971382
1971849
1972373
1972571
1972673
1973841
1974380
1975241
1975309
1976966
1977012
1977524
1978155
1978409
1978684
1979346
1979801
1979957
1980211
1980411
1981039
1981390
1981698
1981731
1982109
1982893
1985011
1985157
1986734
1988048
1988091
1989666
1990326
1991384
1991717
1992706
1993574
1994356
1994641
1994752
1995107
1995207
1995363
1995533
1995961
1996231
1996673
1997163
1998103
1999440
1999475
1999561
1999687
1999846
2000133
2000566
2001546
2002117
2003415
2003596
2003772
2003787
2004016
2004076
2004537
2004953
2005057
2005172
2005498
2006297
2006307
2006902
2007091
2007232
2007519
2008133
2008524
2008551
2008564
2008882
2009612
2009686
2009856
2009997
2010049
2010460
2010590
2010694
2011619
2011653
2012003
2012355
2012569
2013067
2013407
2013854
2014176
2014252
2014692
2015036
2015108
2015121
2015416
2016688
2016731
2017103
2017178
2017180
2017454
2017520
2017721
2018746
2019221
2019539
2019851
2019999
2020545
2020740
2021516
2022358
2022911
2022986
2023439
2023535
2023635
2023636
2023837
2023841
2024059
2024204
2024641
2026000
2026701
2026730
2026738
2027323
2027664
2027949
2028791
2028919
2029098
2029519
2029593
2029680
2030594
2031372
2033280
2033412
2033472
2034721
2034725
2034739
2035565
2035964
2036392
2036664
2036716
2036897
2037161
2037445
2037623
2037780
2039196
2040036
2040070
2040606
2040641
2040783
2041287
2041972
2042054
2042237
2042397
2042585
2043275
2044925
2045874
2045878
2045983
2046091
2046113
2046443
2047310
2048753
2049207
2050463
2050780
2051159
2051346
2051491
2052037
2052232
2052752
2054185
2055532
2055567
2055798
2056054
2056390
2056503
2056637
2056855
2057321
2057323
2057423
2057643
2058511
2060184
2060632
2060727
2061013
2061174
2061283
2063303
2063707
2063730
2063939
2064395
2065192
2065756
2066557
2067198
2067969
2069001
2069352
2069963
2070175
2070470
2071164
2071840
2072319
2072940
2074466
2075127
2075976
2077110
2077718
2077925
2078066
2078246
2079212
2079436
2080043
2080089
2080369
2080684
2081360
2081557
2082015
2082446
2082586
2083245
2083450
2083480
2083816
2084160
2084299
2084307
2084561
2085431
2086180
2086573
2086702
2086723
2086733
2086882
2087242
2087875
2087884
2089507
2089726
2091077
2091742
2091827
2091930
2091952
2092023
2093160
2093198
2093348
2094745
2095027
2095029
2095142
2095597
2095761
2095880
2096196
2097116
2097860
2098660
2099267
2099520
2099855
2101138
2101936
2102185
2102382
2102753
2103918
2104710
2105559
2105863
2105972
2106189
2106771
2106972
2107953
2108557
2109597
2110180
2110552
2110688
2110862
2111127
2111435
2111949
2112006
2112801
2112950
2112997
2113473
2113556
2113686
2113941
2114229
2114351
2114579
2114589
2114926
2115244
2115326
2115689
2116479
2117609
2119286
2119649
2120149
2121171
2122398
2122894
2123261
2124732
2124761
2124902
2125281
2125799
2126436
2126516
2126592
2127992
2128227
2128605
2129250
2129704
2130342
2131760
2131956
2132808
2133131
2133585
2133701
2133730
2134138
2134296
2134406
2134611
2134673
2135429
2135575
2135676
2135734
2135992
2136802
2137636
2137747
2137748
2138352
2139051
2139551
2140046
2140438
2141394
2142313
2142687
2142988
2144248
2144815
2145064
2145588
2146345
2146641
2146800
2148863
2149231
2149548
2150783
2152573
2152655
2152761
2153259
2153791
2153948
2154044
2154395
2154705
2154815
2156602
2156779
2157214
2158034
2158235
2158547
2159250
2159265
2159339
2159481
2160045
2160845
2161091
2161204
2162535
2162560
2162928
2163329
2163431
2164171
2164323
2165625
2166452
2166480
2166975
2167121
2167474
2167700
2167785
2167792
2167839
2167892
2169059
2169284
2169382
2169997
2170577
2170853
2171361
2171486
2171970
2172705
2172886
2173357
2173609
2173985
2174154
2174620
2174760
2175602
2175648
2178097
2178540
2178541
2179319
2179372
2179518
2179605
2179782
2180129
2180892
2180982
2181187
2181797
2182109
2182143
2182307
2183147
2183675
2184063
2184916
2185784
2185910
2186379
2187746
2187872
2188616
2188716
2188805
2189889
2190993
2191017
2191124
2192161
2192163
2192169
2192506
2192952
2193123
2193299
2193308
2193431
2193542
2193728
2193980
2194314
2194684
2194979
2195115
2195138
2195349
2195639
2195809
2195943
2196403
2196707
2197354
2197696
2198025
2198126
2198174
2199361
2200159
2200769
2200823
2201855
2202396
2202471
2203711
2204150
2204355
2204438
2204598
2204706
2204718
2204818
2205029
2205533
2205754
2205835
2205967
2206017
2206104
2206151
2206470
2207222
2207620
2207858
2207932
2208524
2208611
2208625
2208827
2210291
2211389
2212178
2212779
2213249
2213446
2214086
2214361
2215217
2215565
2215621
2215675
2215687
2216773
2217664
2218205
2218558
2218822
2219610
2220048
2220184
2220535
2220807
2220833
2222287
2222556
2222953
2223237
2223485
2223807
2223826
2224571
2225928
2226165
2226992
2227099
2227608
2227983
2228039
2228834
2230006
2230638
2231105
2231494
2231703
2231768
2233452
2234246
2234283
2235126
2236454
2236578
2237218
2238731
2238911
2239690
2240771
2241619
2241633
2242154
2242609
2243337
2243863
2244247
2244418
2244914
2245099
2245499
2246005
2246167
2247127
2247534
2247640
2248241
2248798
2248933
2249003
2249112
2249961
2249987
2250910
2250951
2251303
2251643
2251778
2251808
2252359
2252510
2252804
2252830
2253444
2254204
2254259
2255627
2257511
2257690
2257877
2258322
2258556
2259537
2259714
2260008
2260049
2260125
2260265
2260390
2261288
2261464
2261762
2261952
2261954
2262131
2262844
2263553
2263570
2264250
2264960
2264984
2265329
2265440
2265588
2265758
2265765
2266748
2267604
2268107
2268542
2268677
2268800
2268813
2268928
2269000
2270258
2270266
2270296
2270482
2270724
2270956
2271637
2271836
2272212
2272380
2273078
2273256
2273650
2275449
2276710
2277365
2277583
2279153
2280362
2280505
2280511
2280842
2281018
2281216
2281356
2281396
2281412
2281819
2283113
2283826
2283831
2284950
2285185
2285381
2285869
2285924
2286452
2286479
2287072
2287105
2287153
2288390
2288721
2289102
2290412
2291015
2291306
2291723
2292756
2292810
2293082
2293684
2293966
2294696
2294790
2294992
2295328
2295355
2295620
2295887
2295926
2296177
2297478
2297640
2297942
2298308
2298642
2298994
2299050
2299063
2299790
2299838
2299900
2299991
2300851
2300939
2301902
2301922
2302880
2303262
2303859
2303895
2304111
2304356
2304879
2305032
2305178
2305666
2306659
2306798
2307088
2307220
2307730
2307847
2307870
2308013
2308207
2308440
2308681
2309928
2310258
2310343
2310610
2310694
2311018
2311289
2311294
2311319
2312219
2312337
2313210
2314177
2314259
2314743
2314957
2316764
2317217
2317532
2317619
2318379
2320190
2320352
2321365
2321453
2322401
2322604
2322819
2322835
2322855
2323427
2323588
2323758
2324496
2325044
2325596
2326877
2327438
2327481
2327814
2327873
2328237
2328498
2328516
2328878
2330050
2331057
2331228
2331360
2331576
2331603
2332300
2332521
2332882
2333176
2333441
2333463
2333482
2333883
2335004
2335966
2337455
2337584
2338262
2339081
2340048
2340399
2340716
2341814
2341856
2341987
2342062
2342327
2342579
2342822
2343254
2343664
2343977
2344056
2344249
2344265
2344493
2344696
2344756
2344799
2345996
2346022
2346544
2346655
2346748
2347193
2347744
2347759
2348069
2348389
2349089
2349226
2349416
2349750
2349895
2350303
2350728
2350939
2351084
2351201
2351427
2351668
2351677
2352051
2354063
2354659
2356196
2356427
2356601
2356626
2357555
2357928
2358172
2359299
2359474
2359534
2359750
2360268
2360727
2360991
2361394
2361506
2361884
2362323
2362527
2362707
2362822
2363229
2363420
2363530
2363565
2363682
2363738
2363830
2364051
2364112
2364390
2365865
2366115
2366748
2367873
2368312
2368824
2368900
2369582
2369705
2370907
2371264
2371860
2372119
2372378
2372527
2372617
2373204
2373210
2374341
2374431
2374644
2375016
2375142
2375467
2376365
2376530
2376763
2377935
2378105
2379139
2379260
2380071
2380217
2380925
2381025
2381067
2381821
2381888
2382074
2382102
2382270
2382491
2382599
2382887
2383381
2383876
2384546
2384812
2385118
2385138
2385213
2385510
2385568
2385629
2385716
2385755
2386517
2386758
2386778
2387137
2387206
2388306
2388511
2388646
2388848
2388878
2388996
2389001
2389944
2390192
2390394
2390697
2391333
2391357
2391364
2391942
2391980
2392844
2393297
2394023
2394333
2394585
2394756
2395394
2395552
2395594
2396099
2397188
2398784
2399250
2400356
2400834
2401400
2401523
2401670
2402379
2402891
2402918
2403502
2403900
2404027
2405248
2405329
2405458
2405758
2405947
2406261
2406459
2407248
2407493
2407631
2408227
2408347
2408360
2408977
2409007
2409108
2409620
2409680
2409934
2410122
2410149
2411924
2412977
2413828
2413847
2414372
2414393
2414499
2414794
2415428
2415835
2416074
2416133
2416161
2416216
2416482
2416520
2416866
2417220
2418136
2418523
2418908
2419450
2419540
2420111
2420413
2420451
2420932
2422859
2422991
2423167
2423617
2423823
2423827
2424275
2424279
2424596
2424954
2425278
2425573
2426418
2427162
2427782
2428016
2428805
2429314
2429413
2429729
2429853
2429958
2430032
2430371
2430552
2430674
2430967
2431453
2431719
2432645
2433791
2434519
2435014
2435651
2435820
2435860
2435889
2436729
2436794
2437231
2438386
2438563
2438591
2439160
2439445
2440313
2440539
2440571
2440618
2440655
2441260
2442554
2443288
2444454
2444466
2445458
2445725
2446357
2446635
2446748
2447176
2447863
2448158
2448281
2448312
2449967
2451912
2452009
2452744
2453045
2453111
2453614
2453669
2454934
2455268
2455686
2455821
2456435
2457004
2457966
2458102
2458174
2458920
2458942
2459372
2459673
2459803
2460105
2460185
2460216
2460470
2460559
2460582
2460870
2460977
2461955
2462081
2462574
2462785
2464283
2465090
2465993
2466491
2467769
2468051
2468721
2468816
2470357
2470860
2471385
2471405
2471557
2471595
2471775
2472005
2473546
2473962
2474106
2474679
2475071
2475909
2475933
2476629
2476815
2477421
2477541
2477909
2478125
2478376
2478724
2479348
2479726
2480125
2480141
2480175
2480545
2481251
2481288
2481873
2483399
2483661
2483891
2484187
2484468
2484751
2485076
2485567
2485621
2485842
2486337
2486725
2486899
2486927
2487593
2487600
2487863
2488554
2489609
2489692
2490296
2490733
2490947
2492175
2492996
2494584
2495522
2495718
2495847
2496153
2496527
2497164
2497227
2497458
2497793
2497884
2498232
2498299
2499441
2500014
2500255
2500603
2500948
2502279
2502353
2503072
2503189
2503277
2504369
2504913
2505467
2505615
2505767
2505893
2506169
2507205
2507423
2507851
2508201
2509118
2509171
2510498
2510552
2511005
2511163
2511869
2512053
2512146
2512325
2512405
2512827
2512864
2513652
2514020
2515805
2516931
2517329
2517907
2518492
2518581
2518951
2520151
2520202
2520988
2521163
2521520
2521644
2521793
2521833
2522229
2522846
2523037
2523274
2523514
2524440
2524483
2524852
2525557
2526927
2527177
2527410
2527677
2528289
2528300
2528745
2528992
2530156
2530972
2531213
2532006
2533199
2533248
2533282
2534375
2534983
2535041
2535127
2536285
2536503
2536678
2537704
2537904
2537991
2539250
2540060
2540185
2540226
2540254
2540881
2541080
2541561
2542113
2543597
2544190
2544194
2545197
2545457
2546023
2547109
2547223
2547763
2547767
2547817
2549884
2550098
2550218
2550296
2550478
2550602
2551020
2551136
2551395
2552195
2552644
2552666
2554185
2554812
2555253
2555397
2555572
2556140
2556244
2556477
2556621
2556975
2556990
2557056
2557276
2558500
2559469
2559661
2559905
2560902
2561294
2561404
2561890
2561942
2562530
2562933
2562971
2563250
2564571
2565256
2565744
2566161
2566465
2566466
2567353
2567942
2567972
2568225
2568795
2570087
2570228
2570478
2570494
2570766
2572478
2574993
2575071
2575332
2575720
2576064
2576217
2576266
2576361
2577229
2577551
2577866
2578243
2579402
2579409
2579984
2580371
2582497
2582994
2583220
2583769
2583924
2584029
2584241
2584691
2584692
2586639
2587036
2587501
2587639
2588472
2589034
2589221
2589681
2589737
2589749
2589997
2590163
2590652
2590845
2591026
2591482
2591546
2592385
2592574
2592671
2592779
2593343
2593567
2593585
2593974
2594143
2595078
2595112
2595185
2595396
2595947
2597342
2597850
2598928
2599664
2599751
2600075
2601392
2601690
2601753
2602328
2603227
2603315
2603403
2603445
2603592
2604012
2604084
2604586
2604675
2604886
2604903
2605084
2605199
2605226
2605817
2605954
2606085
2606469
2606769
2607274
2607493
2608147
2608213
2608507
2608517
2608545
2609227
2612468
2612943
2613169
2613302
2615289
2615423
2615680
2616222
2616348
2616718
2616896
2617203
2617971
2618208
2618424
2618457
2618580
2618662
2620976
2621003
2621121
2621349
2621813
2621942
2623303
2623687
2625452
2627086
2627721
2627739
2628323
2628664
2628814
2629290
2629517
2629578
2629676
2630182
2630438
2630678
2630700
2631020
2631616
2631793
2632071
2632108
2632443
2632789
2632964
2633982
2634261
2634340
2634405
2634448
2634490
2634923
2635451
2635456
2635699
2635823
2636624
2637301
2637632
2638036
2638046
2638174
2638481
2638941
2640458
2641056
2641065
2641161
2641276
2641397
2641740
2642570
2642927
2643384
2643429
2643432
2643603
2643618
2643887
2644391
2644420
2644465
2645823
2645847
2645955
2646276
2646867
2647599
2647922
2648328
2648700
2649027
2650370
2651999
2652375
2652695
2653036
2653205
2653230
2653628
2654125
2654259
2655535
2655940
2656118
2656449
2657064
2657337
2657732
2657861
2657893
2658096
2658345
2658399
2659097
2659167
2659431
2660207
2660367
2660735
2660804
2660874
2661211
2661325
2661580
2661904
2662087
2662366
2662765
2663020
2663065
2663367
2663700
2664353
2666338
2667847
2668194
2669336
2669944
2670005
2670166
2670307
2670330
2670558
2671080
2671242
2671287
2671469
2672394
2673934
2674397
2674571
2674754
2675007
2675879
2676011
2676884
2676926
2677320
2677558
2678979
2679291
2680213
2681218
2681882
2682089
2684062
2684298
2684413
2685263
2685904
2686131
2686210
2686526
2686737
2687013
2688535
2688921
2689617
2690076
2690496
2691753
2692445
2692497
2693170
2693458
2695386
2695922
2696049
2696238
2696261
2696660
2697065
2698888
2700311
2700851
2701399
2702015
2702063
2702144
2702377
2703421
2703503
2703821
2704118
2704338
2704733
2705356
2705379
2705780
2705921
2706180
2706199
2707032
2707345
2707499
2708692
2708988
2709043
2709568
2709720
2710175
2710746
2711564
2712065
2712468
2712533
2712946
2713367
2713537
2713820
2713860
2714076
2714344
2715114
2715281
2716268
2716512
2716684
2716697
2717417
2717580
2717689
2717727
2718297
2718719
2719009
2719575
2719821
2719951
2720529
2721102
2721116
2722099
2722463
2722566
2723728
2723821
2723912
2724387
2725125
2725615
2725627
2726162
2726286
2726581
2727517
2727764
2728349
2728831
2728956
2729477
2729626
2730485
2731292
2731311
2731439
2731518
2731821
2731830
2732251
2732802
2733152
2733407
2733622
2733675
2734489
2734622
2734723
2734984
2736087
2736112
2736389
2737021
2737987
2738401
2738570
2738598
2738878
2739067
2739363
2739664
2740101
2740310
2740577
2740706
2741186
2741611
2742211
2742520
2742558
2742797
2742991
2743062
2743954
2743984
2744300
2745515
2745601
2745842
2746137
2746219
2746457
2746667
2747222
2748167
2748502
2749126
2749694
2751121
2751928
2751972
2752297
2752352
2752742
2753565
2754212
2754809
2755374
2755550
2755659
2756320
2757145
2757973
2758850
2759195
2759221
2760573
2761012
2761502
2762281
2763354
2763859
2764351
2764490
2766517
2767420
2767529
2767656
2767724
2768036
2768535
2768542
2768844
2768955
2769151
2769494
2769552
2771519
2772053
2772207
2772413
2772732
2774083
2774767
2775002
2776279
2776874
2777018
2777965
2778170
2778424
2778749
2779951
2780646
2780961
2780980
2781292
2781811
2782146
2782353
2782679
2783024
2783161
2783335
2783828
2783832
2784261
2784455
2784731
2785375
2785749
2787037
2787448
2787563
2787729
2788166
2788458
2788759
2788769
2788785
2789067
2789791
2789955
2789994
2790104
2790270
2790944
2791022
2791081
2791091
2791256
2791724
2792123
2792609
2792926
2793638
2794285
2794503
2794811
2796159
2796286
2796321
2796606
2796968
2797920
2798036
2799243
2800607
2800910
2801176
2801567
2802128
2802819
2803986
2804210
2804483
2804794
2804801
2804816
2804825
2804827
2805499
2806521
2806568
2807108
2807687
2807915
2808168
2808332
2808789
2808792
2809055
2809705
2810068
2811009
2811332
2811507
2811799
2812062
2813727
2813958
2814353
2815574
2816080
2816688
2817860
2818158
2818318
2818600
2819776
2821023
2821071
2821169
2821553
2821716
2822038
2823537
2823654
2823721
2824067
2824739
2825413
2825696
2826795
2826827
2827907
2828354
2828452
2829641
2829798
2829927
2830272
2830448
2830514
2830558
2832064
2832302
2832589
2833104
2833279
2833611
2833732
2834271
2834501
2834589
2834870
2834923
2834946
2835072
2835303
2836299
2837573
2837748
2837807
2838421
2838549
2840282
2840746
2841068
2841499
2841860
2843294
2843854
2843983
2844658
2845502
2845744
2846121
2846329
2846463
2846865
2847133
2847206
2847554
2847686
2848461
2848680
2848846
2850098
2850450
2851075
2851524
2852665
2852801
2853147
2853159
2853202
2853259
2853809
2853963
2854110
2855337
2855968
2856074
2856322
2856772
2856887
2856890
2857128
2857312
2857608
2858194
2858766
2858924
2859831
2859850
2860137
2860334
2860494
2860555
2860755
2860981
2861024
2861479
2861579
2861666
2862182
2862301
2862399
2862467
2862816
2862908
2863097
2863341
2863928
2864001
2864128
2865411
2865545
2865596
2865707
2865897
2865982
2865996
2866281
2866287
2866713
2867160
2867678
2868156
2869190
2869240
2869421
2869791
2870053
2870302
2871658
2871763
2871901
2871997
2874141
2875165
2875440
2876059
2876312
2876690
2876971
2877215
2877276
2877729
2879427
2879643
2879994
2880083
2880319
2880412
2880462
2880759
2881256
2881515
2882841
2883272
2884514
2884714
2885212
2885356
2885630
2886400
2887001
2887672
2887722
2888107
2888765
2889156
2889474
2889774
2889902
2890965
2891576
2893302
2893716
2893889
2894045
2894298
2894471
2897008
2898034
2898425
2898881
2899853
2900483
2900507
2900565
2900699
2900747
2901857
2902100
2902372
2902452
2902721
2902855
2903756
2904485
2904807
2904867
2905037
2905909
2906160
2906216
2907265
2907633
2908066
2908077
2908440
2908659
2909289
2909885
2910084
2910185
2910304
2910433
2911212
2911368
2911943
2912016
2912303
2912321
2912411
2913123
2913161
2913353
2914238
2914278
2914519
2914910
2916406
2917248
2917447
2917719
2917837
2918336
2918823
2919456
2919595
2919694
2920082
2920784
2921350
2921678
2921715
2922371
2922521
2923534
2924186
2924499
2925296
2925820
2926171
2926357
2926764
2927230
2927682
2927913
2929019
2929305
2929449
2929691
2929974
2930467
2932418
2932553
2932853
2933031
2933197
2933224
2933363
2934084
2934594
2935078
2935146
2935286
2935386
2936102
2936574
2937088
2937548
2938191
2939020
2939624
2939653
2939826
2940163
2940548
2941173
2942038
2942818
2943344
2943738
2944519
2944896
2945313
2945936
2945948
2946078
2947338
2947665
2948922
2951063
2951461
2951792
2952088
2952710
2952960
2953038
2953240
2953956
2953968
2954293
2954348
2955194
2955641
2956235
2956631
2957321
2957622
2959042
2959289
2961846
2962092
2962794
2962796
2963765
2964432
2965307
2965372
2965439
2965651
2965802
2965839
2966304
2966869
2967140
2967588
2969274
2969358
2970325
2971174
2971710
2972068
2972380
2972421
2972530
2972590
2972662
2973053
2973317
2973490
2973653
2974017
2974317
2974837
2976571
2976736
2978067
2978117
2978202
2978515
2978527
2978650
2978853
2979240
2979493
2981581
2981829
2982163
2982331
2982441
2982665
2982977
2984269
2984717
2984961
2985859
2985920
2986294
2986445
2987302
2987314
2987712
2987818
2988494
2989039
2989491
2989967
2989988
2990659
2990949
2991011
2991452
2991598
2991952
2992405
2993775
2993931
2994560
2995319
2995872
2995909
2995945
2996340
2996480
2996695
2997822
2998078
2998312
2998452
2998733
2999085
2999647
3000203
3000985
3001179
3001632
3002277
3002502
3002747
3003065
3003608
3003706
3004401
3004486
3004518
3004702
3005293
3005382
3006024
3006223
3006431
3006865
3007585
3007774
3008025
3008245
3008785
3008964
3009285
3009934
3009937
3010222
3010939
3011395
3011412
3012038
3012098
3012183
3012243
3012827
3013163
3014410
3014930
3015196
3015668
3015807
3015944
3016210
3016244
3016253
3016466
3016830
3017170
3017301
3017392
3018310
3018459
3018688
3019813
3020149
3020351
3020493
3021303
3021446
3021784
3023519
3023677
3023945
3023982
3024052
3024611
3024628
3024756
3024807
3025965
3026069
3026239
3026618
3026823
3026849
3026985
3027270
3027817
3027901
3027912
3028876
3029460
3030360
3031715
3031757
3031796
3032494
3032702
3032715
3033327
3034328
3034333
3034426
3034700
3035143
3035208
3035860
3036122
3036647
3036787
3036827
3036875
3037739
3037847
3038094
3038166
3038257
3038580
3038888
3039082
3039136
3039223
3039831
3040658
3041411
3041757
3043330
3044207
3045439
3046740
3046796
3046802
3046818
3047183
3047259
3047266
3047501
3047552
3047688
3047887
3048140
3048260
3048332
3048353
3048834
3049667
3049941
3050553
3050786
3051342
3051886
3052012
3052248
3052292
3053080
3053362
3054081
3054272
3054344
3054508
3054629
3056619
3057276
3057695
3057792
3057926
3058144
3058353
3058469
3059804
3060628
3060741
3061484
3062203
3062275
3062672
3062807
3064001
3064299
3064341
3065005
3066232
3066302
3066309
3067433
3068912
3069088
3069171
3070111
3071392
3072221
3072351
3072496
3074082
3074184
3074718
3075132
3075739
3075898
3076672
3076715
3076738
3077423
3077759
3078040
3078059
3078230
3078606
3078712
3079148
3079334
3079673
3080076
3080475
3080810
3080845
3081166
3081305
3081330
3081931
3081975
3082223
3082264
3082395
3083682
3084024
3084090
3084111
3084833
3086141
3086421
3086543
3086577
3087614
3088313
3089631
3089788
3089983
3090280
3090517
3090636
3090798
3090949
3091395
3091502
3091641
3092258
3092528
3092552
3092901
3092917
3093442
3094402
3094880
3095002
3095139
3096195
3096491
3096654
3097107
3097155
3097304
3098192
3098664
3099726
3100691
3101546
3101760
3101920
3102435
3102505
3102990
3103517
3103658
3103811
3104588
3104671
3104874
3104882
3105343
3105511
3105791
3106757
3106882
3107260
3107347
3109279
3109528
3109670
3110208
3110246
3110760
3111262
3111269
3111793
3111996
3112515
3112549
3112674
3113065
3113625
3115676
3115978
3116184
3116484
3116511
3117216
3117633
3118700
3118908
3118944
3118995
3119107
3119896
3120163
3120207
3120752
3121039
3121600
3121711
3122265
3123207
3123319
3123450
3123629
3123749
3124332
3124738
3125541
3125672
3125929
3126582
3128228
3129153
3129984
3130774
3134072
3134151
3134416
3135867
3136900
3138204
3138314
3139179
3139701
3140820
3140901
3141663
3141804
3142682
3143215
3143630
3144029
3144071
3144229
3144321
3145229
3145465
3145599
3146374
3146653
3148262
3148625
3149267
3150353
3150831
3151610
3151749
3151768
3152026
3152186
3152244
3152996
3154044
3154569
3155022
3155284
3156381
3156949
3157889
3158498
3159514
3159685
3160322
3160519
3160521
3160740
3161026
3161271
3161306
3161338
3161349
3161650
3161657
3161905
3162487
3162528
3162571
3163000
3163790
3164113
3164924
3164969
3165207
3168166
3168210
3168873
3168994
3169855
3170241
3170506
3170838
3171676
3172017
3172554
3172807
3173489
3174660
3175646
3175664
3175699
3176792
3177128
3178103
3178240
3178469
3179320
3179746
3180007
3180097
3180543
3180704
3180867
3181292
3181411
3183016
3183152
3184470
3185045
3186071
3186110
3186324
3186350
3186555
3187321
3187564
3187586
3188019
3188181
3188237
3188505
3189564
3189620
3191468
3191951
3192435
3192657
3192753
3192780
3193058
3193204
3193249
3193663
3193803
3194118
3195310
3195468
3195704
3195992
3196087
3196571
3197314
3198192
3198628
3199250
3199384
3199464
3199655
3200295
3200323
3200550
3201565
3201701
3202012
3202111
3202426
3202472
3203500
3203668
3205241
3205265
3207236
3207436
3207890
3208262
3211009
3211323
3211333
3211605
3212474
3212533
3213532
3213726
3213982
3214025
3214180
3214527
3214762
3215728
3216418
3217481
3218680
3219147
3219463
3219816
3221931
3222053
3223451
3224337
3224676
3224827
3225168
3225378
3226316
3226591
3227090
3227781
3228089
3228181
3228277
3228318
3228773
3229611
3229830
3231823
3231847
3231922
3232352
3232758
3233042
3233555
3234002
3234262
3234303
3234377
3234400
3234692
3235100
3235200
3235260
3235390
3236359
3236380
3236665
3236859
3237132
3237302
3237338
3237820
3238386
3238474
3238638
3238857
3240150
3240193
3240511
3240589
3241051
3241294
3241786
3241832
3241910
3242295
3242338
3242651
3242948
3244158
3245168
3245600
3245640
3246484
3246945
3247071
3247416
3247584
3248134
3249718
3249744
3249833
3250081
3252445
3252587
3252804
3253048
3253111
3254326
3254493
3254713
3254991
3256246
3256344
3256512
3257115
3258002
3258039
3258053
3258453
3259127
3259403
3259640
3260141
3260221
3260448
3261857
3261972
3263440
3264412
3264719
3264745
3265834
3266787
3267970
3268188
3268664
3268996
3269619
3269810
3269942
3270263
3271455
3272460
3272690
3272768
3272947
3272991
3276036
3276136
3276703
3276830
3276936
3278115
3280476
3280521
3280922
3281751
3282110
3282148
3282506
3282636
3283198
3283199
3283673
3283757
3284394
3285286
3286109
3286306
3286417
3286726
3288590
3288876
3289221
3290739
3291133
3291443
3291958
3292324
3292383
3292460
3293502
3294161
3294388
3294655
3295038
3295392
3295427
3296060
3296247
3296250
3296956
3297336
3297873
3297899
3299850
3300848
3302333
3302502
3302711
3302908
3303955
3304111
3304850
3304977
3305063
3305243
3305773
3305917
3306184
3306627
3306687
3306892
3306906
3307592
3308418
3308685
3309085
3309107
3309208
3309460
3309698
3309955
3310388
3310694
3310741
3310847
3311294
3312515
3312738
3312855
3316399
3316828
3318361
3318657
3319261
3319540
3320670
3322131
3322382
3322691
3323055
3324203
3324785
3325288
3325603
3325907
3325946
3326352
3326763
3327123
3327490
3327633
3327865
3328233
3329252
3329382
3329522
3329636
3330729
3331404
3332391
3332834
3333795
3334557
3336082
3336694
3336834
3337043
3337328
3337342
3337597
3337789
3338065
3338183
3338692
3339442
3339965
3340325
3341306
3341824
3342366
3342626
3342659
3343021
3344027
3344970
3345723
3345791
3346671
3346765
3347010
3347501
3347511
3348593
3348762
3348763
3350259
3350390
3350425
3351312
3352110
3352224
3353451
3353669
3353756
3354162
3354461
3355317
3356227
3356533
3356638
3357941
3358038
3358486
3359295
3360507
3361095
3361528
3361662
3361947
3362115
3362362
3362402
3362415
3362673
3362844
3362965
3363316
3363585
3363825
3364166
3364177
3364365
3364943
3366023
3366292
3367415
3367976
3368079
3368118
3369635
3369771
3370373
3371224
3371680
3371696
3371892
3372000
3372653
3372726
3373398
3374648
3375022
3375111
3375187
3375411
3375447
3376037
3376198
3376459
3376971
3377261
3377267
3377436
3377438
3377737
3377857
3379047
3379197
3380147
3380823
3382021
3383291
3383802
3384603
3384625
3385299
3385856
3386814
3388606
3389173
3389586
3390375
3391267
3391599
3392018
3392251
3392909
3394599
3395129
3395225
3395339
3395587
3395868
3396030
3396393
3396886
3397990
3398002
3398321
3398717
3398762
3399704
3400400
3400508
3400609
3400734
3400946
3401567
3402039
3402713
3402857
3403621
3403805
3403814
3404007
3404351
3404368
3404610
3404767
3405162
3405809
3406363
3406582
3406956
3407125
3407322
3408360
3408676
3408711
3409114
3409390
3409428
3409921
3410059
3410470
3410560
3410852
3411297
3412028
3412114
3412266
3412294
3414156
3414434
3414604
3415449
3415964
3417923
3418297
3418437
3418466
3418980
3419367
3419486
3419604
3420060
3420707
3420915
3421578
3423069
3423681
3424028
3424903
3425073
3425114
3426269
3427486
3427672
3428161
3429194
3429452
3430117
3430172
3431081
3431853
3432525
3432985
3433204
3433869
3434119
3436007
3436969
3437446
3437684
3437947
3438558
3438711
3439475
3439540
3439696
3439833
3440348
3442053
3442109
3442341
3442714
3443602
3444136
3444550
3444714
3445009
3445042
3446085
3446730
3446829
3446893
3447276
3447382
3447415
3448020
3448310
3448892
3449098
3449328
3449676
3449884
3450220
3450547
3450864
3451386
3451613
3451904
3453089
3453134
3453485
3453654
3454296
3454481
3454676
3455296
3455625
3456043
3456322
3456451
3457042
3457528
3458367
3459336
3459781
3459888
3460908
3461246
3461431
3461465
3461933
3462055
3462287
3462695
3463154
3463516
3463576
3463836
3463888
3464011
3464107
3464374
3465082
3465548
3467208
3467307
3467976
3468289
3468426
3469419
3469900
3470236
3470736
3470766
3470916
3471535
3471676
3471931
3472479
3472864
3473350
3473993
3474414
3474459
3474984
3475409
3475469
3475471
3475486
3476180
3476212
3476426
3477145
3477208
3477987
3478037
3478834
3479130
3479175
3480109
3480282
3481104
3481811
3483048
3483234
3483237
3483742
3483788
3484470
3484687
3484844
3484894
3485205
3485442
3485602
3485889
3486124
3486191
3486621
3487108
3487378
3487790
3487842
3487966
3489157
3489999
3490113
3490124
3490457
3490530
3490986
3491049
3491084
3491970
3492855
3492896
3492935
3493146
3493202
3494094
3495493
3495747
3495750
3495898
3496388
3496475
3496577
3496732
3498278
3498417
3499412
3499529
3499693
3499988
3499998
3500083
3500457
3500974
3501262
3502226
3502235
3503250
3503332
3503627
3504006
3504425
3504437
3504558
3504700
3504975
3504986
3505061
3505102
3505104
3505227
3505528
3507277
3508327
3508922
3509433
3510960
3510993
3511098
3511264
3511320
3511476
3511558
3512084
3514336
3515350
3515517
3516763
3516891
3517375
3517599
3518706
3518836
3519352
3520502
3522228
3522345
3523184
3523189
3523380
3523428
3523480
3523762
3523987
3524486
3524572
3525103
3525226
3525315
3526341
3526424
3526639
3527399
3527420
3527452
3527749
3528007
3528142
3529452
3529964
3530195
3530351
3530598
3531408
3532432
3532864
3532987
3533253
3534142
3534170
3534424
3535749
3535908
3536320
3536986
3537031
3537091
3537126
3537279
3537677
3537815
3538844
3539631
3539857
3540105
3540280
3540454
3540627
3540870
3541108
3541598
3541897
3543244
3544112
3544973
3545070
3545138
3545140
3545740
3546113
3546140
3546739
3547016
3547462
3548128
3548182
3549159
3549403
3549574
3550028
3550176
3551317
3551480
3551592
3552212
3552613
3553211
3553273
3554138
3555096
3555205
3555437
3555565
3555605
3555786
3556025
3556333
3558042
3558242
3559447
3559688
3560151
3560291
3560487
3560851
3562447
3562488
3562534
3562836
3563113
3564041
3564224
3564967
3565261
3565490
3565641
3565877
3566145
3566900
3567886
3567985
3569833
3572197
3572671
3573091
3574278
3574682
3574872
3574920
3574924
3574945
3574960
3575695
3575754
3575847
3576209
3576414
3576728
3576822
3577241
3577578
3577604
3577635
3578297
3578546
3579098
3580623
3581166
3582250
3582483
3582670
3582685
3582698
3582931
3583226
3583263
3583491
3584064
3584287
3585058
3585089
3585108
3586790
3587630
3587632
3587810
3587984
3588623
3588626
3589032
3589954
3590001
3590247
3590615
3590855
3591225
3591300
3591368
3591692
3591833
3592154
3592425
3592500
3592759
3594276
3594309
3594727
3594784
3595454
3595798
3596044
3596379
3596431
3597836
3597909
3598160
3598326
3598633
3598833
3599132
3600168
3600389
3600773
3600809
3601944
3601950
3603173
3603320
3603458
3603480
3603870
3604000
3604025
3606189
3606216
3608372
3609258
3609366
3609436
3609944
3611035
3612598
3613094
3613280
3613581
3614032
3614040
3615388
3615436
3615997
3616445
3617436
3617738
3618054
3618840
3620099
3620155
3621282
3621387
3621404
3621471
3621906
3622875
3623375
3623850
3624312
3624314
3625570
3625875
3626019
3626293
3626405
3626767
3626780
3626789
3626821
3628492
3628663
3628890
3629104
3629449
3629472
3629520
3630043
3630550
3631290
3631592
3631681
3632232
3632768
3634126
3634529
3634607
3634722
3634787
3635061
3635415
3637052
3637113
3637712
3638040
3638222
3638345
3638546
3638745
3639188
3639416
3640656
3640995
3641507
3641778
3643067
3643188
3643369
3643573
3643929
3643943
3644276
3644961
3645001
3646497
3646520
3646819
3647470
3647705
3647787
3648076
3648121
3648586
3648627
3648935
3649421
3649715
3649825
3650725
3651472
3651549
3651628
3651846
3652080
3652110
3652390
3652630
3653781
3654455
3654833
3655092
3655150
3656326
3656450
3656640
3656825
3657278
3657521
3658665
3658701
3659197
3659674
3659901
3660129
3660516
3660617
3660857
3661114
3661246
3661288
3661549
3661654
3661945
3662172
3662976
3663213
3664166
3664176
3664716
3664924
3665450
3666713
3666898
3667474
3667746
3667905
3668588
3668891
3669917
3672175
3672519
3672957
3673153
3675057
3676205
3676418
3676430
3676656
3676872
3677240
3677927
3677967
3678058
3678684
3678770
3678936
3679141
3679148
3679449
3679455
3680174
3680461
3682566
3682821
3683685
3684381
3685575
3685578
3685906
3686595
3687215
3687664
3687959
3688270
3689295
3689383
3689669
3691173
3691255
3691614
3692015
3692517
3693359
3693466
3693531
3693706
3694727
3695376
3695810
3696348
3697209
3698369
3698725
3698972
3699159
3699343
3699344
3699976
3699977
3700208
3700253
3700393
3700542
3701471
3702078
3702549
3703064
3703910
3705089
3705683
3706185
3706838
3707226
3707465
3707613
3708023
3708211
3708358
3708379
3708897
3709203
3709325
3709331
3709861
3710043
3711388
3711833
3712087
3713421
3714143
3715520
3715661
3715811
3716856
3716995
3717015
3717363
3717753
3717976
3718188
3718404
3720483
3721036
3721159
3721228
3721926
3722294
3722593
3722784
3722992
3723235
3724788
3725765
3726321
3726354
3727066
3727180
3728507
3729535
3729604
3729978
3730416
3730893
3732042
3732164
3732265
3732882
3733695
3733875
3734572
3734839
3735900
3738156
3738442
3738635
3740341
3740380
3740532
3741464
3741774
3741927
3743305
3744105
3744796
3745112
3745458
3745707
3745880
3745923
3746029
3746299
3746752
3748103
3748318
3748395
3749484
3749781
3749851
3750787
3750802
3751780
3751976
3752498
3752545
3753497
3753547
3753827
3753945
3754114
3754135
3754232
3754320
3755575
3755897
3756066
3756241
3756292
3757417
3757446
3757448
3757708
3757897
3758854
3758905
3758950
3759150
3759151
3759181
3760138
3760150
3761253
3761741
3761766
3761924
3761976
3761994
3762086
3762352
3762389
3762484
3762640
3763406
3763687
3764206
3764337
3764483
3764608
3765313
3765365
3765415
3765479
3766504
3767243
3767396
3767862
3768056
3768109
3768181
3768864
3768997
3770159
3770733
3771657
3771735
3772022
3772104
3772347
3773480
3773527
3773741
3773782
3773866
3774360
3774883
3775557
3776031
3776099
3779127
3779557
3779743
3780303
3780629
3781161
3781689
3782323
3782821
3783358
3783648
3784769
3784987
3785912
3786456
3787624
3789204
3789926
3790180
3790256
3791676
3791917
3792226
3792418
3792901
3793328
3793488
3793608
3794482
3795132
3795676
3795739
3796152
3796359
3796392
3796489
3796600
3796610
3797342
3797923
3797968
3798180
3798721
3798889
3799286
3799754
3799839
3799917
3800240
3800606
3800788
3800946
3800948
3801057
3801357
3802941
3804364
3805207
3805539
3805868
3806154
3806273
3806400
3806564
3806786
3807116
3808734
3808761
3809261
3810662
3811273
3811313
3811315
3811385
3811671
3811722
3812005
3812008
3812684
3812707
3812823
3813057
3813326
3813451
3814013
3814034
3814441
3814484
3814979
3815020
3815368
3815392
3815610
3815825
3817014
3817208
3818050
3818070
3818443
3818974
3819712
3820278
3820702
3821922
3821956
3822361
3822665
3824217
3824385
3824937
3825234
3825850
3825924
3826083
3826409
3826916
3827802
3828678
3828960
3829740
3830279
3830763
3831099
3831213
3831637
3832009
3832323
3832556
3832684
3832771
3833453
3834164
3834169
3834371
3834582
3834866
3836098
3836546
3837158
3837509
3837929
3838758
3839130
3839153
3839459
3840002
3840276
3841208
3841322
3841846
3842399
3842404
3842718
3843102
3843199
3844857
3845024
3845203
3845498
3845720
3847374
3848102
3848162
3848819
3849516
3849784
3849792
3849824
3850185
3850264
3850759
3850811
3850983
3852213
3852283
3852379
3852573
3853068
3853383
3853931
3854453
3855565
3856889
3856900
3857195
3859455
3859504
3859574
3860023
3860054
3860570
3860616
3860703
3861682
3863134
3863888
3864081
3864166
3864680
3865201
3865779
3866077
3866442
3867081
3867947
3868282
3868658
3868731
3869018
3869170
3869268
3869686
3869851
3869857
3869952
3871518
3871896
3871943
3872050
3872424
3872481
3872774
3872868
3873908
3874045
3874924
3874987
3875203
3875935
3876115
3876160
3876714
3876780
3876800
3877264
3877474
3877490
3877747
3877820
3877825
3877877
3879419
3880473
3880672
3881049
3882047
3882578
3883902
3884343
3884818
3885106
3885160
3885176
3888277
3889242
3889728
3890282
3891073
3891350
3892120
3892477
3892590
3892661
3893385
3893897
3894069
3894222
3894239
3894599
3894984
3895266
3895650
3896381
3896395
3897288
3897461
3898068
3898081
3898253
3898759
3899349
3899476
3899528
3900493
3901081
3901532
3901643
3902026
3902551
3902591
3903015
3903305
3903633
3904064
3904122
3904808
3905148
3907102
3907560
3907893
3908735
3910137
3910675
3911586
3911805
3912521
3912987
3913307
3913604
3914300
3915113
3915197
3916176
3916727
3917124
3917349
3918008
3918754
3919145
3919354
3919543
3919809
3920055
3920130
3920974
3921730
3923092
3923380
3923781
3923854
3924138
3924244
3924315
3925006
3925121
3925254
3925819
3928679
3928880
3929075
3929644
3929856
3930127
3930332
3930521
3930584
3931133
3931659
3931781
3932775
3933026
3933496
3933706
3933831
3935143
3935324
3935608
3936234
3936323
3936710
3936843
3937242
3937318
3937424
3937662
3937878
3938934
3939098
3939631
3939811
3940234
3940235
3940802
3941414
3941511
3941716
3941949
3942229
3942244
3942697
3943043
3945562
3945652
3945943
3946663
3946955
3947427
3947489
3948208
3948918
3949110
3949159
3949968
3950109
3950572
3950709
3950897
3950913
3951178
3952242
3952990
3953271
3953606
3953750
3953770
3954225
3956003
3956137
3956338
3956363
3956825
3956897
3956926
3957059
3957071
3957982
3958558
3958746
3958761
3959175
3959821
3959875
3959970
3960109
3960422
3960534
3961137
3961408
3961615
3961699
3961903
3961927
3962284
3962442
3963519
3963617
3964799
3964902
3964921
3965572
3966036
3966520
3967033
3967125
3967252
3967886
3968654
3969003
3969048
3969275
3969325
3969384
3970168
3970232
3970915
3971695
3971960
3972305
3972436
3972745
3972832
3972893
3974440
3974551
3974755
3975229
3975941
3976194
3976925
3977078
3977125
3977420
3977437
3977552
3977553
3977987
3978882
3979032
3980238
3980883
3981198
3981260
3981566
3981585
3981707
3982143
3983016
3983468
3983563
3984407
3984414
3984524
3984958
3985303
3985409
3985483
3986061
3986919
3987260
3987543
3988431
3989616
3989769
3990020
3990375
3991039
3991905
3992860
3993162
3993235
3993299
3993456
3993492
3994296
3995254
3999499
4000439
4000513
4000799
4001681
4001807
4001904
4001911
4004237
4004339
4004439
4004763
4006381
4006488
4006634
4007265
4007715
4008110
4008190
4008722
4009366
4009912
4010082
4010084
4010158
4010523
4010839
4010924
4011387
4012190
4012276
4012757
4013961
4013965
4014008
4014846
4016001
4016239
4016312
4017855
4018113
4018591
4018662
4020228
4020826
4020919
4021257
4021312
