41
302
323
374
752
1134
1576
2101
2117
3210
3302
3582
4122
4711
4775
5804
6009
6188
7931
7939
9734
10468
11225
11414
12049
12308
12588
13383
13516
14918
14944
15770
15822
16028
16080
16390
16451
16824
16851
17046
17417
17744
18621
18838
19718
19756
20346
21383
21580
21735
21781
22672
22775
22781
23912
24912
25876
26426
26527
26732
27863
29155
29207
29602
30003
30525
30613
30899
31664
32254
32560
32598
32709
32808
33150
33279
33483
34262
34481
34719
35862
36387
37589
38190
38287
38589
38770
38872
39236
39895
40475
40549
41623
42623
43027
43667
43718
43847
44307
44368
44465
45852
46060
46252
46454
47099
47389
47455
47982
48250
48275
48670
48828
49069
49922
50022
50653
50990
50995
51231
51592
52280
52542
52556
53801
54200
54542
54833
54896
55647
55696
55775
55908
56031
56264
56774
56857
56960
57097
57308
57443
57958
58081
58569
58651
58685
59188
59815
59983
60817
61193
61638
61822
63690
63870
64442
64846
64896
65031
65067
65414
65692
65847
65932
66289
66292
66937
66984
67690
70014
70964
71319
71422
71520
71569
71596
72562
72751
72834
73414
73889
74529
74625
74711
74890
75430
75550
76439
77328
78067
78156
78236
78758
78967
81052
81439
82151
82468
82664
83019
83171
83835
84291
84326
84375
84467
84737
86972
87215
88208
89066
89289
89527
90388
90414
90892
92119
92394
92414
93052
93235
93496
93604
93700
93958
94037
94050
94596
94698
94793
94929
95964
96053
96940
97142
97319
97899
98382
99450
99701
99985
100354
100419
100928
101401
102067
102146
102887
103005
103141
103737
104851
104941
105145
105944
106113
106533
107028
107404
108078
108307
108453
108603
108726
109269
109758
110858
111456
111560
111590
111877
112487
114230
115772
115813
117505
117825
118362
118792
119196
119986
120043
121314
121629
121830
122619
123787
124074
124169
124247
124469
125507
125752
126028
126621
127387
127767
128101
128237
128458
129101
129127
129641
130293
130537
130687
130938
131043
132490
132523
133530
134654
135263
136052
137192
137290
138943
139558
141453
142449
142576
144243
144932
144974
145001
145205
145937
146135
147210
147670
148786
148830
148855
149616
149978
150251
151342
151345
152687
152696
153431
153462
155383
155834
156313
156487
156742
156942
157019
157410
157840
158036
158037
158104
158187
159315
159691
160036
160750
160793
161137
161358
161707
161845
161976
163157
163376
163404
163827
163994
164078
164170
164504
165039
165813
167399
167759
167876
168866
169680
170151
170252
170589
170898
171071
171512
171784
172059
172362
172536
172903
172970
173231
173901
174321
174457
174598
175144
175903
176783
177951
178106
178759
178814
180502
180722
181043
181464
181784
182712
182866
183619
183635
183840
184387
184852
185025
185461
185850
186113
186643
186859
186969
187204
187453
188193
188322
188366
189085
189120
190286
190346
190407
191795
192825
192904
193030
194405
194545
195638
195758
195786
197354
197465
198743
199473
199993
200310
201901
202451
202685
203278
203563
203759
204049
204055
204088
204288
204326
204376
204489
204513
205134
205299
205433
205522
206270
206400
206836
207275
207321
207396
207447
208151
209670
209748
211048
211121
211310
211465
211542
212053
212608
213386
214579
214751
214934
215940
216260
216338
216492
216765
217092
217298
217608
217747
217757
218001
218462
218469
218878
219230
219231
219316
220112
220148
220642
220764
221043
221477
221691
221730
221750
222010
222158
222389
223315
223753
224067
224620
225008
225061
225212
225761
225942
226175
226411
226502
226723
226956
227070
228187
228334
228614
229138
229199
229353
229541
230043
230178
230628
231831
232510
233108
233357
233720
233948
234483
234490
235045
235112
235720
236551
236680
237026
237112
237349
237690
238349
238801
239047
240673
241250
241417
241652
242577
243399
243516
244202
244433
244498
244515
245577
246170
247208
247297
247568
247691
248249
248773
248958
248981
249747
250390
250899
251000
252194
252704
252726
252812
252914
253377
253807
253873
254071
254861
254880
256622
256768
257004
257829
257843
261170
261443
261477
261798
261848
261941
262164
262461
263084
263515
264501
264511
264701
264827
265812
266243
267256
267519
268215
268590
268703
268730
269559
269695
269732
270212
270698
271008
271675
273827
274221
274342
274758
274898
274922
275114
275134
275504
275540
276051
276707
277021
277266
277935
277954
278932
279364
279604
279874
279884
279891
281106
281633
282210
282700
282748
283179
283914
284212
284930
285227
285537
286138
286793
286997
287138
287473
287593
289432
289549
290065
290436
290796
291092
291150
292419
292425
292965
293188
293870
294283
294683
295492
295562
296483
296798
297129
297258
297337
299758
299881
300195
300554
300624
301232
301421
301637
301904
302521
302773
303296
303790
303947
304421
305439
306313
306484
306674
307491
307719
308271
308506
310259
310397
311799
311915
312572
312942
313082
313228
313455
314019
314400
314889
315849
317135
317212
317889
318064
318144
318235
319469
319862
319881
321822
322764
326781
328479
328646
328776
328785
329423
329501
329913
332553
333206
333396
333892
334413
335830
336553
337110
337300
338198
338780
338868
339662
339667
339714
340520
341919
342026
343136
343251
343911
343993
344069
344271
344827
344884
346107
346271
346836
347204
347492
347497
347815
349062
349083
349399
349855
349876
350235
350810
351306
351675
351930
352316
352676
353481
353635
353641
354165
354303
354396
355197
355285
355459
359868
359943
360730
360895
360959
362934
363488
364340
365313
365337
365381
365512
365699
365886
366384
366490
366778
367475
367534
367735
368287
368422
369853
370136
370884
371033
371811
372677
372824
373229
373239
373258
373566
374390
374876
375089
375117
375313
375384
375653
376176
377241
377282
377657
379032
379082
379574
380188
380828
381114
381869
382193
382471
382687
383264
383477
383506
383521
383691
383734
384042
384053
384237
384541
385887
386248
388432
388586
388958
388979
389158
389242
390368
390666
391216
391327
392383
393820
394225
395305
395498
395808
395970
396533
397132
397545
398534
398800
398862
398876
399748
400048
400475
400807
400815
400927
401153
401601
401654
403465
403635
404318
405600
406106
406395
406599
406787
407020
407045
407374
407510
407627
407670
408229
408355
409168
409498
409534
410078
410395
410658
410765
410899
411167
411909
411978
412212
412443
413553
413832
414724
415490
415709
415909
416115
416326
416686
416732
416881
417100
417120
417235
417820
418360
419011
420038
420680
421466
421911
421934
422809
423578
424412
424721
425694
426248
426284
426333
426871
427161
427716
428454
428537
428615
428778
428874
429132
429980
430472
430649
430747
430847
431225
431517
432621
433019
433143
433665
433963
433970
434710
434994
435695
436135
436541
436920
437164
439616
439908
440452
441251
441303
441627
441689
442358
443120
444092
444197
445090
445740
445890
446116
446132
447298
447592
447593
448918
449857
450071
450567
451026
451666
451705
451776
452639
453362
453534
453711
454388
454721
454866
455522
456694
457818
458089
458098
458480
458584
460338
461306
461476
461961
462007
462528
462889
463279
463302
463914
463974
464448
464533
465204
465227
465450
465458
465668
465847
466054
467494
468180
468387
468456
469621
469729
471447
472109
472573
473196
473649
475367
475595
475844
476767
476974
476979
477365
477602
477730
478044
479150
479164
479470
479649
479665
479891
480042
480389
480525
480806
481390
481836
481916
481976
482649
482929
483228
483823
484411
484736
484799
485381
485417
485438
486099
486246
487172
487594
487673
487879
488024
490177
492552
493078
493534
493816
494287
494385
494663
494925
495661
496017
496381
496581
496706
498337
498355
499863
500677
501295
501464
503903
504579
505127
505150
505365
505387
505883
506137
506375
506545
507682
509268
510010
511354
511691
511811
512306
513142
513463
514534
514583
515355
515977
515980
516242
516246
516426
517681
517840
517966
518720
519198
519316
519808
520471
520541
520626
521085
521545
521631
522633
522943
523081
523444
525325
525849
526009
526249
526325
526541
527084
527334
527796
527841
528205
528365
528378
528617
528624
529310
529570
530352
530412
530772
532028
532037
532217
532367
533812
534228
534542
534633
534651
534928
535474
535571
536355
536634
536908
536923
537855
538011
538172
538899
539420
539780
540519
540634
541082
541574
541722
541917
542545
542737
543056
543282
544515
544623
545114
545152
545673
545870
545890
546131
546373
546544
546627
547781
547861
548478
549221
549265
549717
549898
550880
551359
551364
551412
551455
552607
552913
552919
553134
553674
553954
554834
555374
555665
555679
556262
556538
556760
558053
558497
558629
559608
559846
559848
559999
562356
563501
563776
563862
563882
564309
564343
565057
565174
565410
565456
566029
567080
567273
567418
568144
568442
568671
569387
569390
569640
570447
570615
570616
571095
572456
572567
572878
573202
573966
574890
574902
575931
576667
576983
577007
577511
577700
577758
578034
578193
578377
578572
578894
579372
579469
580047
580245
580505
580767
581519
581816
582091
582315
582377
583037
583040
583093
583240
583273
583850
584241
584699
585564
585800
586203
586317
586484
587878
588362
590112
591494
591790
591894
592071
593568
594245
595504
596410
596777
597055
597507
597517
598082
598601
598605
599393
599450
600491
601051
601289
601514
601937
602327
602573
603506
603846
604950
604977
605152
605436
608040
608495
609083
609300
609896
610586
611032
611217
611839
612520
613227
613861
614251
615471
615510
616115
617326
617670
618631
618777
618856
619393
619831
619869
620414
620419
621007
621384
622586
623944
624010
624464
624959
625002
625290
626537
626583
628476
629062
629113
629334
629758
631128
633457
633878
634099
635754
636306
636478
637071
637276
638142
639511
640185
640724
640954
640987
642821
643012
643642
643877
644523
644991
646013
646171
646198
646271
646698
647282
647703
647704
648639
649245
650513
651326
651585
655073
655129
655392
655498
655985
656031
656262
656328
656389
656486
656546
656839
657106
657196
657735
657791
658590
658965
658974
659171
660053
661102
661317
662421
662571
662694
662960
663105
663769
664661
664749
664912
665534
665624
665841
665900
666004
666992
667025
667048
667283
667457
667577
667748
668658
668809
669249
669883
669915
670147
671743
672293
673185
673348
673361
673593
674216
675225
675854
676767
676792
676946
677162
677429
677900
678379
679168
679352
680333
680411
681063
681417
682121
682768
682986
682995
683220
683425
683572
683837
684528
685039
685775
685791
686101
686494
687105
687429
687549
688326
688969
692427
692584
692638
693038
693621
694894
695693
696111
697587
697947
700500
700862
701109
701910
701959
702061
702583
702686
703135
703289
703787
704227
704497
704667
705807
705895
705908
706435
707145
707237
707365
707757
708119
708655
708681
708989
709464
709485
710839
712335
712628
712907
713191
713217
713880
714155
714645
715430
716150
716154
716250
717083
717168
717208
717655
718009
718798
718880
719740
721336
723008
723034
723080
723846
724278
724938
725043
725501
726000
726441
728541
728606
728677
728809
728887
729307
730535
730628
730640
731773
732059
733531
733944
734131
734321
734496
734520
735134
735255
736445
737717
737881
737897
737934
737945
738605
739863
740288
740693
741346
741423
741773
742221
743025
743095
743971
744278
744299
744460
745156
745661
745802
746001
746479
747518
747586
748529
749442
750670
750875
751006
751331
751907
752283
752567
752799
754948
756864
757749
757919
758145
758400
758833
759006
759305
759318
759447
759658
760635
760973
761467
761719
761778
761851
762151
762608
762952
763423
763547
763914
764022
764222
764301
764374
764591
764954
765122
766845
767059
767301
767585
769032
769221
769604
769903
769985
770052
770403
770661
771421
771885
772383
772511
773724
773830
773879
774183
774400
774697
775544
775990
776525
777579
777861
777900
777933
778072
778538
778984
780811
781185
781557
781770
782137
782528
782719
783640
783848
783928
784207
784322
784342
784784
784817
785012
785610
785732
785828
785975
786141
786169
786287
786719
787322
787489
788157
788281
788477
788660
788760
790349
790571
790636
791167
791298
791448
791882
792051
792356
793400
793800
793940
794435
795359
795673
795747
796154
798296
798552
798922
799564
799845
800239
800265
800620
801951
803816
804616
805517
805836
807376
807381
807403
807587
808134
808608
808637
809096
809758
809972
810049
811082
811436
811790
813606
813663
813677
815195
816763
817151
817541
818059
818311
818879
818991
819588
819700
820862
821331
822047
822489
823119
823250
825020
825083
825680
827466
827810
827985
828162
828600
828618
829678
829682
829752
829832
830822
831279
831691
831761
831945
831954
832031
832079
832341
832579
833201
835314
835497
835627
835872
836540
836833
837521
837888
838185
838535
839154
839580
839735
840482
840520
842138
842189
843812
844870
847278
847533
847684
847932
848324
848336
848411
848978
849170
849334
850885
851301
851690
851765
851799
852023
852323
853171
853617
853801
853842
855009
855049
855483
855580
855668
855914
856893
857168
857214
857322
857367
857520
858677
858721
860959
861103
862327
862610
862901
862932
864051
865190
865245
865534
865644
865801
866574
866724
866828
867083
867383
867453
867993
868360
868407
869203
869485
870521
871265
871929
873085
873332
873387
873611
873722
874117
874733
875116
875520
876036
876222
876385
876410
877259
877398
877748
877971
878184
878620
879341
879753
880889
882474
883514
884460
884594
884794
885336
885849
887017
887098
887481
887925
890838
891104
891912
892053
892088
892379
892496
892717
893077
893078
893376
895052
895632
896153
896283
896525
897039
897894
897921
898046
898195
898252
898438
898664
899600
900204
901575
902012
904133
904353
904378
904459
904712
904816
905418
905495
905911
907091
907236
907252
907955
908287
908927
910307
910377
911215
911700
911792
912731
912870
913131
913304
913677
913871
914320
915075
915374
915464
916015
916325
917337
917351
917594
917732
917869
917943
918642
919057
919738
920477
920629
920867
921683
921696
922705
923012
923583
925210
925240
925343
925499
927181
927332
928049
928408
929026
929672
930088
930293
930399
930800
932673
932865
932961
933128
933461
933834
934444
934745
934984
935231
936038
936508
936555
936561
936666
936861
937426
937732
937970
938416
938822
939102
939499
941433
941463
941580
941945
942277
942434
943357
943510
944459
944601
945302
945595
945695
946018
946029
946351
946356
948160
948430
948718
948964
949732
949938
950347
950479
950523
951115
951136
951282
952087
953409
953611
954284
954506
955366
955934
956869
957131
957370
957509
958629
958658
958934
960346
961088
961183
961638
962280
962365
962536
962953
963006
963088
963138
963397
963470
963744
964283
964451
964994
965326
965583
966466
966760
966795
967077
967567
967687
967705
967994
968037
968075
968091
968163
968373
969255
969606
969643
970024
970527
970641
972152
973746
973933
974073
974081
974990
975167
975193
976142
976527
976539
976541
976808
976811
976893
977157
977221
977926
977975
978789
979704
979854
980232
981831
982342
982378
982462
983187
983923
984345
984504
984991
985907
986492
987227
987293
987453
988195
988786
989289
989542
989759
989959
990344
990435
991196
991274
991945
991967
992161
992284
992452
994078
994510
994890
995657
995796
996105
996164
996398
996596
996846
997921
997957
998062
998193
998355
999463
999662
1000089
1000424
1000796
1000833
1002320
1002665
1002758
1002791
1003596
1003622
1003779
1003871
1004471
1004652
1005011
1005150
1005498
1005566
1006105
1006132
1006802
1006865
1007750
1008616
1008627
1009032
1009627
1011316
1012067
1012165
1012229
1012771
1013361
1013462
1014705
1014871
1014891
1015536
1016867
1017533
1017834
1018127
1018138
1018810
1018892
1019497
1020620
1020984
1021399
1021910
1022425
1022759
1024856
1025233
1027005
1027605
1028268
1028765
1029464
1030600
1031021
1031473
1031480
1031508
1031749
1031765
1031803
1032887
1032894
1033367
1033412
1034000
1034670
1034748
1035408
1036215
1036489
1036541
1036730
1037036
1037078
1037123
1037858
1038194
1038766
1038957
1039642
1039661
1040397
1040819
1040984
1042149
1042479
1042622
1044189
1044926
1044999
1045353
1045772
1045900
1046325
1047424
1047757
1049329
1049538
1050312
1050431
1051568
1051669
1052134
1052288
1052297
1052759
1052893
1053008
1053192
1053685
1054129
1054301
1055052
1055273
1055893
1056583
1056939
1056972
1057475
1058296
1058472
1058627
1059650
1059913
1060529
1061213
1061292
1061840
1063036
1063728
1064084
1064524
1064807
1065011
1065092
1067514
1067876
1067959
1068026
1070269
1070557
1070945
1071266
1071945
1072166
1072262
1072423
1072550
1072576
1073526
1073618
1074962
1076024
1076049
1077460
1079472
1081148
1081319
1081786
1083118
1083461
1083581
1083702
1083844
1084014
1085126
1085520
1085919
1086017
1086113
1086375
1086923
1087063
1087115
1087570
1087784
1088280
1088632
1089676
1090457
1090480
1091881
1092473
1092714
1092892
1093440
1094223
1095025
1095142
1095972
1096221
1096859
1098732
1098967
1099182
1099248
1099440
1099475
1099729
1100416
1100921
1101242
1101756
1102371
1102404
1102568
1102938
1103035
1104103
1104400
1104403
1104771
1104918
1105058
1105726
1106066
1106811
1107315
1107749
1107894
1108874
1109208
1109252
1109473
1110478
1111017
1111296
1112496
1112622
1112991
1113128
1113236
1113408
1114426
1114846
1115191
1115268
1115468
1116003
1116139
1116198
1116635
1116897
1116919
1117167
1118006
1118525
1119143
1120550
1121212
1121650
1121704
1121834
1121963
1122810
1123800
1124622
1125505
1126005
1126110
1127321
1127617
1128803
1129415
1130117
1130777
1131829
1131946
1132041
1132327
1133055
1133087
1133364
1133809
1133978
1134650
1134711
1135031
1135230
1135296
1136400
1136896
1136950
1136958
1138939
1138971
1139189
1139497
1139585
1140172
1140382
1140467
1140614
1140884
1140966
1141006
1141472
1141567
1142342
1142507
1143157
1143434
1143440
1143850
1144147
1144332
1144741
1144750
1145261
1146315
1146633
1146652
1147163
1148194
1148596
1149005
1149264
1150115
1150233
1151733
1151889
1153166
1153819
1154553
1155584
1156100
1156121
1156249
1156334
1156666
1157172
1157305
1157330
1157903
1158529
1158572
1158833
1159604
1159640
1159661
1160332
1160557
1160702
1160884
1160984
1162114
1162901
1162999
1163968
1164304
1164658
1165418
1165474
1165672
1165716
1166046
1166291
1166297
1166305
1166445
1167381
1167979
1168899
1169553
1169947
1169976
1171239
1171891
1172037
1172378
1172803
1172808
1173353
1173872
1174482
1175564
1175604
1175712
1176250
1176673
1176818
1177078
1177870
1178700
1179045
1179622
1180073
1180939
1181394
1181400
1181490
1182379
1182649
1183137
1183174
1184634
1184760
1185518
1185568
1186198
1186273
1186443
1186558
1186715
1187331
1187680
1188036
1188594
1189002
1191061
1191260
1191416
1191559
1191832
1191913
1192925
1193222
1193564
1193660
1195356
1195440
1196424
1196595
1196601
1198055
1198560
1198791
1199174
1200049
1200123
1200783
1201905
1202172
1202197
1202341
1203138
1204012
1204325
1204692
1205101
1206547
1206651
1206919
1206995
1207409
1207877
1208183
1209102
1209259
1209770
1210672
1210675
1211290
1211551
1211592
1211638
1211829
1212237
1213337
1214244
1214588
1216764
1216924
1217130
1218406
1219242
1219650
1219792
1220203
1221648
1222842
1222896
1223202
1223653
1224228
1224502
1224691
1225300
1226108
1226347
1227341
1227404
1227646
1227728
1228388
1228854
1229056
1229545
1229729
1230552
1230591
1232098
1232638
1233106
1233199
1233878
1233883
1234582
1234985
1235123
1235208
1235249
1235525
1235527
1236437
1237103
1237157
1237691
1238109
1238248
1238256
1238613
1238672
1238782
1239376
1239936
1241086
1241191
1241403
1241455
1242610
1243197
1244392
1244458
1244583
1244592
1244976
1245132
1245240
1245345
1246729
1246875
1247466
1247581
1247740
1248397
1249779
1249901
1250056
1250569
1251700
1251780
1251792
1252516
1252885
1253082
1253642
1253680
1254033
1254752
1255171
1255492
1255637
1255672
1255775
1255783
1257314
1257417
1259401
1260065
1260219
1260522
1260729
1260921
1261101
1261828
1261854
1262371
1263009
1263251
1264113
1264317
1264418
1264525
1266376
1266578
1266651
1266703
1267223
1267376
1268199
1268453
1269402
1269462
1269860
1271200
1272217
1272308
1272639
1272931
1273205
1273535
1273627
1273628
1273918
1274620
1274866
1275023
1275575
1275687
1276033
1276860
1278516
1278774
1278931
1279001
1279102
1279176
1279851
1280313
1280369
1280726
1281188
1281395
1281604
1282733
1283051
1283745
1284030
1284291
1284364
1284909
1285953
1286018
1286087
1286842
1287826
1288207
1288796
1288827
1289324
1289637
1289811
1290158
1290907
1291045
1291050
1291105
1291150
1291454
1291483
1292490
1292707
1292967
1293177
1293378
1293523
1294218
1294264
1295060
1295312
1295440
1295623
1296623
1297453
1297654
1298049
1298363
1298531
1298643
1298752
1298849
1298925
1299121
1299708
1300286
1300534
1300759
1302035
1302330
1302350
1302812
1302842
1302970
1303040
1303056
1303148
1303511
1303570
1303882
1304418
1305413
1305686
1305752
1305841
1306451
1306512
1306904
1306957
1307307
1308337
1308428
1308568
1308739
1309074
1309205
1309687
1309994
1310507
1310542
1310782
1311414
1311651
1311824
1311847
1312458
1312533
1312682
1312702
1312996
1313153
1313907
1313919
1314674
1314854
1315463
1316289
1316869
1316876
1317519
1317587
1318210
1319807
1319862
1321812
1322230
1322441
1322600
1322805
1323209
1323280
1323783
1324270
1324915
1324971
1325178
1325225
1325512
1325558
1325993
1326158
1326300
1326432
1327359
1327529
1327619
1328112
1330727
1331424
1332316
1333702
1333852
1333871
1334256
1335094
1335182
1335205
1335488
1336281
1337840
1338000
1339995
1340102
1340627
1340920
1341977
1342421
1342654
1344050
1344490
1345418
1345713
1346066
1346193
1346287
1346296
1346690
1346820
1349858
1349947
1350173
1350504
1350593
1350842
1350897
1350977
1351494
1351560
1351892
1352368
1352677
1353353
1355241
1355512
1355581
1356083
1356945
1358591
1359067
1359300
1359338
1360164
1361283
1361949
1362257
1362565
1364015
1364130
1364503
1364910
1364966
1365110
1365287
1366222
1366684
1366850
1367832
1368889
1369590
1369778
1370168
1370186
1371898
1372304
1373007
1373566
1374330
1375021
1375697
1376641
1377039
1378366
1379022
1379274
1379942
1380406
1381043
1381270
1381370
1381506
1381904
1382579
1382775
1382962
1382966
1383172
1383276
1383715
1383832
1383933
1384946
1386269
1387179
1387449
1387599
1387806
1387829
1388412
1389077
1389252
1389502
1389746
1391262
1391389
1391467
1391508
1391845
1393143
1393662
1394023
1394502
1395165
1396102
1396252
1396338
1396842
1396844
1397071
1397384
1397969
1398260
1398508
1398636
1400379
1401772
1401851
1401926
1402244
1402472
1402613
1403449
1403515
1404276
1404356
1404393
1404413
1404597
1405058
1405127
1405162
1405547
1406545
1407670
1407922
1408851
1408920
1409756
1410202
1410779
1410880
1410886
1411190
1411866
1412014
1412375
1412450
1413209
1413285
1413332
1414148
1414625
1414981
1415179
1415708
1416270
1416882
1417048
1417056
1417242
1417563
1417778
1418025
1419085
1419214
1419959
1419999
1420143
1420430
1421205
1421949
1423001
1423305
1423552
1424113
1424260
1424764
1424830
1426267
1426515
1426785
1427124
1427844
1427882
1428063
1429479
1430332
1430444
1430555
1430738
1430766
1430923
1430935
1431387
1431608
1431759
1432870
1433602
1433812
1433826
1434023
1434327
1435669
1435778
1436275
1436447
1437398
1437659
1438055
1438057
1438718
1439790
1439808
1439846
1440357
1440584
1441188
1441776
1441915
1442005
1443072
1444573
1445104
1445361
1446154
1446627
1446899
1447712
1448313
1448713
1448955
1449192
1449801
1450054
1450605
1451540
1452430
1452502
1452819
1453790
1454135
1455326
1455938
1456171
1456456
1457240
1459304
1459474
1460800
1460899
1461066
1461155
1461322
1462034
1462344
1462354
1462788
1462848
1463083
1463156
1463528
1464054
1464255
1464345
1465027
1465338
1465541
1466364
1466753
1466819
1466870
1467038
1467350
1467493
1467938
1468118
1468399
1468979
1470258
1470438
1470562
1471806
1472493
1473420
1473980
1474336
1474528
1475339
1475508
1475551
1476995
1477243
1477477
1477492
1477538
1478188
1479647
1480199
1480273
1480449
1480461
1481160
1481299
1481521
1481627
1482072
1482656
1483131
1483296
1483393
1483706
1483879
1484342
1485074
1485093
1485476
1486567
1487623
1488482
1488886
1489334
1489549
1489570
1490401
1490607
1491045
1492296
1492501
1493032
1494720
1495955
1496099
1496233
1496437
1496499
1497143
1497205
1497885
1498525
1498632
1498675
1499199
1499204
1499985
1501392
1502740
1502977
1503097
1503178
1503299
1503441
1503668
1504141
1504508
1505165
1505339
1505592
1506128
1506436
1506863
1506891
1507349
1507504
1508107
1508135
1508243
1508585
1509793
1510059
1510223
1510698
1510858
1510893
1511250
1511960
1512131
1512535
1512648
1513190
1513431
1513722
1514469
1515366
1515418
1516242
1516540
1516829
1516995
1517367
1517693
1518061
1518097
1518589
1518674
1518888
1519192
1519355
1519791
1519793
1519816
1520011
1520850
1521152
1521303
1521523
1521587
1521913
1522299
1522352
1522381
1522843
1522952
1523433
1523458
1524100
1524128
1524872
1525654
1526283
1527287
1527436
1527989
1528035
1528098
1528188
1528489
1528742
1528875
1528995
1529412
1529613
1529674
1529768
1530056
1530482
1530696
1530886
1531048
1531583
1531789
1532900
1533017
1534003
1534235
1534744
1535006
1536115
1536178
1536444
1538205
1538604
1538727
1539080
1539335
1539347
1539765
1539805
1541050
1542001
1542072
1542198
1542988
1543271
1543678
1543705
1543899
1543922
1544059
1544088
1544718
1544916
1545335
1545408
1545791
1548912
1549577
1549899
1550746
1550901
1551330
1551359
1551715
1551792
1552155
1552547
1552916
1554158
1555733
1556727
1557579
1557895
1557903
1558739
1558773
1558833
1559575
1559927
1560527
1561340
1561398
1561680
1562176
1562600
1563238
1563359
1563910
1564441
1564536
1564574
1565089
1565289
1566575
1566748
1567257
1567527
1567575
1567868
1568060
1569913
1570042
1570406
1570555
1570781
1571026
1572578
1572849
1573160
1573855
1574549
1574599
1574726
1575137
1575400
1576050
1576084
1576116
1576316
1576525
1576899
1577323
1577467
1578624
1578956
1579520
1579872
1579899
1580118
1580238
1581138
1582081
1582099
1582154
1582437
1582905
1583318
1584856
1585007
1585843
1586542
1587252
1587634
1587913
1588590
1589257
1589290
1589935
1590082
1590737
1590790
1591201
1592772
1593207
1593545
1593733
1593803
1594364
1595345
1595509
1595628
1596338
1596428
1596435
1596517
1596582
1597344
1597692
1597957
1598144
1598472
1598755
1599035
1599717
1599723
1599800
1600976
1601237
1602448
1602542
1604497
1605299
1605596
1606231
1606591
1606778
1606795
1606958
1607098
1608982
1609046
1609154
1609290
1609406
1609557
1610413
1611245
1611347
1611398
1611529
1612319
1614301
1614741
1615816
1616544
1616607
1616795
1616999
1617502
1618027
1618098
1619160
1619209
1620519
1620887
1620954
1621552
1622685
1622714
1623517
1623622
1624076
1625071
1625320
1625428
1625698
1626277
1626539
1626571
1627110
1629096
1629894
1630151
1630412
1630602
1630936
1631666
1631909
1632102
1633795
1634312
1634369
1634495
1634596
1634877
1635479
1635611
1635993
1636392
1636745
1636782
1637915
1638316
1638816
1639172
1639270
1639665
1640471
1641680
1641890
1642406
1643129
1643478
1643587
1645909
1645911
1646247
1647284
1648048
1648523
1648634
1648734
1648992
1649163
1649735
1650010
1650885
1650922
1651647
1651830
1652490
1653299
1654030
1654037
1654689
1655370
1655490
1655716
1655840
1656172
1656317
1656650
1656969
1657594
1657645
1657782
1657932
1658270
1658480
1658506
1658762
1658821
1659364
1659609
1661299
1662797
1664121
1664759
1666110
1666224
1666231
1666527
1666670
1667039
1667317
1668238
1668373
1669005
1669441
1669671
1669884
1670259
1670690
1670883
1671274
1671410
1671577
1671622
1672876
1673840
1674647
1674827
1675283
1675614
1675784
1675994
1676662
1676739
1677465
1677652
1677939
1678049
1678073
1679060
1679216
1679362
1679835
1680438
1680477
1681052
1682335
1682891
1684316
1684586
1684658
1685071
1685504
1685589
1685691
1687809
1687951
1688108
1689506
1690316
1690600
1690615
1691084
1691526
1692792
1693067
1693370
1693549
1693781
1694106
1695752
1696109
1696317
1696349
1696944
1698323
1698582
1698761
1698882
1699840
1699956
1700443
1700709
1700924
1701015
1702747
1702859
1703263
1703321
1703986
1704379
1704433
1704477
1705374
1705855
1706208
1706549
1707112
1707181
1707218
1708082
1708658
1709121
1709317
1710371
1710443
1711226
1711350
1712150
1712405
1714467
1714669
1715163
1715421
1715538
1715661
1716591
1716722
1718357
1719966
1720284
1720717
1720911
1721317
1721375
1721737
1722083
1722917
1723218
1723378
1723761
1724415
1724754
1724998
1725755
1725776
1725807
1726039
1726790
1726953
1727085
1728159
1729271
1729909
1730164
1730289
1731148
1731255
1731526
1731639
1732211
1732285
1733719
1734260
1734506
1735105
1735170
1737462
1737486
1738030
1738212
1738272
1738889
1739101
1739871
1741792
1741885
1742192
1743168
1743622
1743769
1744118
1744565
1744568
1744871
1745060
1746117
1746249
1747614
1747635
1748003
1748234
1748584
1749534
1751007
1751050
1751181
1751399
1751459
1751905
1751992
1752372
1752402
1753166
1753591
1753934
1754401
1755293
1756244
1757186
1757378
1757794
1757941
1758155
1759211
1759435
1760969
1761008
1761344
1761548
1762246
1762498
1762607
1762757
1762980
1763163
1764281
1764544
1765007
1765154
1765194
1765221
1765357
1766431
1766873
1767418
1768836
1769037
1770020
1771351
1771402
1771745
1772504
1772631
1772878
1774001
1774593
1774836
1775076
1775079
1775634
1776811
1776994
1777963
1778926
1779767
1780985
1781051
1781544
1781587
1781774
1782252
1782808
1783570
1783706
1784375
1784569
1784715
1784948
1785062
1787526
1787632
1788498
1788543
1789059
1790365
1790930
1791765
1791860
1791896
1792269
1792376
1793001
1793102
1793226
1793311
1793532
1794075
1794308
1794658
1794681
1794734
1795078
1795316
1795414
1796600
1796653
1796692
1796797
1797073
1797196
1797277
1797388
1797865
1797948
1798578
1799340
1799596
1801118
1801506
1801677
1801904
1802360
1802460
1802518
1803774
1804078
1804851
1805037
1805158
1805162
1805268
1805647
1806317
1807357
1807463
1807790
1807844
1808162
1808568
1808626
1808875
1808896
1809305
1810248
1810270
1810305
1811272
1811336
1811535
1811718
1812180
1812302
1812960
1813112
1813726
1813939
1813980
1813992
1814152
1814630
1815749
1816151
1816389
1816468
1816851
1818264
1818843
1819994
1820198
1821397
1822116
1822990
1823238
1823250
1823874
1824288
1824556
1824905
1825338
1825374
1825949
1826073
1826491
1826981
1827658
1828053
1828072
1828640
1829049
1829187
1829392
1830146
1831312
1831614
1831746
1831890
1832411
1832523
1832730
1833936
1834852
1834893
1834985
1835203
1835359
1835671
1836434
1836697
1836705
1836776
1837019
1837865
1838441
1838692
1838935
1839959
1840039
1840054
1840659
1840745
1841080
1842053
1842255
1843190
1844124
1844342
1844646
1844678
1845678
1845947
1846987
1847170
1847973
1848306
1848475
1848910
1849624
1850319
1850464
1851015
1851577
1852626
1852883
1853058
1854377
1854853
1854859
1854974
1855010
1857083
1857216
1857854
1858603
1859398
1860381
1860674
1861086
1861184
1861706
1861984
1863405
1863624
1864525
1864767
1864941
1864999
1865057
1865980
1866132
1866484
1866721
1867021
1867232
1867869
1869747
1870101
1870532
1870808
1870958
1871422
1871547
1871774
1872212
1872593
1873465
1873711
1873753
1874178
1875019
1876277
1876400
1876765
1877291
1878680
1878965
1879598
1880177
1880303
1881113
1881366
1881772
1881820
1882050
1882202
1882406
1882708
1882828
1882906
1883072
1883097
1883242
1883504
1884057
1884060
1884210
1884225
1884539
1884767
1884859
1884911
1885487
1886613
1886989
1887004
1887315
1888781
1890417
1892366
1893157
1893317
1893329
1893878
1894851
1895766
1896127
1896614
1897411
1897779
1898140
1898641
1899027
1899596
1900821
1900957
1901402
1902365
1902565
1902958
1903653
1903925
1903973
1904017
1904263
1904657
1904688
1905075
1905105
1906100
1906196
1906503
1906609
1906722
1907123
1907617
1907916
1908045
1908098
1909071
1909110
1910688
1911675
1911810
1912097
1912167
1912211
1912745
1912911
1913597
1913731
1914341
1914371
1914519
1914790
1915129
1915185
1915961
1916219
1916503
1916582
1916865
1916939
1917322
1917959
1918174
1918355
1918539
1919037
1920000
1920581
1921201
1921252
1921441
1921449
1921631
1921835
1922033
1922056
1922100
1922114
1922469
1922627
1922911
1922980
1923381
1923420
1923955
1924035
1924333
1924898
1925505
1925510
1927001
1927184
1927441
1927578
1928136
1928585
1929852
1929893
1930136
1930891
1931162
1931774
1931862
1931938
1932287
1933764
1934112
1934284
1934685
1935726
1935877
1937949
1938497
1939095
1940045
1940165
1940203
1940359
1940619
1940794
1940884
1941772
1942344
1942427
1942653
1945055
1945204
1946907
1947091
1948148
1948282
1948891
1949540
1949561
1950223
1950913
1950972
1951560
1951886
1952048
1952239
1952666
1952701
1952943
1953112
1953334
1954318
1954324
1954933
1955003
1955135
1955175
1955208
1955413
1955713
1957004
1957375
1957650
1957892
1958110
1958457
1958581
1958765
1958990
1959600
1960038
1961019
1961110
1961384
1961741
1962396
1962455
1962757
1963343
1964097
1964628
1965140
1965546
1966764
1967675
1967801
1968142
1969125
1969518
1969659
1969730
1970415
1970463
1970775
1970849
1971234
1971386
1971404
1971549
1971786
1972012
1972240
1972705
1972800
1973658
1973689
1974120
1974910
1975768
1976351
1976984
1977735
1977961
1978062
1978415
1978526
1979119
1979930
1980452
1981383
1981696
1981718
1982107
1982254
1982782
1983041
1983678
1984938
1985429
1985446
1986148
1986494
1986501
1987341
1987359
1988707
1989663
1989682
1989698
1990526
1990696
1992247
1992489
1993272
1993735
1993810
1994012
1994133
1994738
1995315
1995379
1995763
1995964
1996576
1996636
1996659
1996849
1997125
1997456
1999170
1999817
2000194
2001410
2002145
2002298
2003427
2004430
2004844
2005393
2005507
2006232
2006572
2006686
2006934
2007115
2007564
2007714
2007906
2008049
2008268
2008659
2008739
2008915
2009212
2009347
2009643
2011138
2011186
2011834
2011977
2012775
2013115
2013830
2014392
2014537
2015253
2015430
2015645
2016649
2016941
2017293
2017711
2017922
2019802
2020017
2020195
2020301
2020958
2021403
2022794
2023194
2023376
2024666
2024720
2025005
2025210
2025319
2026204
2026664
2026836
2026857
2028010
2028370
2028445
2029139
2029768
2030795
2030800
2030971
2031081
2031185
2031365
2031893
2032449
2032583
2032754
2033039
2033300
2034346
2035042
2035110
2036143
2036591
2037411
2037947
2038817
2038941
2039552
2039644
2039733
2039919
2040258
2040563
2040649
2040781
2041221
2041467
2041584
2041727
2042123
2042255
2042584
2043085
2043526
2044113
2044399
2044559
2045741
2046216
2047251
2047310
2047887
2047911
2048301
2048763
2048991
2049143
2049841
2050568
2051103
2051334
2051803
2052028
2052089
2052339
2052466
2052547
2052779
2052818
2053034
2053776
2053981
2053982
2054053
2054122
2054206
2054546
2054941
2054998
2055318
2056610
2056690
2056844
2057216
2057762
2057828
2057941
2057962
2058645
2058753
2059777
2060269
2060364
2060705
2060998
2061583
2061889
2062083
2062209
2063026
2063253
2063596
2063642
2064152
2064247
2064789
2064806
2064896
2065601
2065714
2066086
2066400
2066750
2066879
2067178
2067562
2067570
2067581
2069480
2069544
2070113
2070170
2070187
2070494
2070712
2070773
2070837
2071966
2072227
2072448
2072510
2073882
2074192
2074242
2075558
2075662
2075910
2076221
2076239
2076376
2077181
2077230
2078119
2078575
2079130
2079416
2079782
2080542
2081267
2081443
2081598
2082048
2082100
2082666
2083472
2083830
2083849
2084484
2085058
2085512
2085849
2086411
2086495
2087172
2087607
2087704
2088366
2088910
2089159
2089161
2089731
2089942
2091127
2091212
2092978
2093691
2093875
2094294
2094441
2094592
2094776
2095631
2095733
2095869
2095876
2096148
2096314
2096373
2096400
2096450
2096601
2096634
2096733
2097714
2097747
2097815
2098034
2098575
2098936
2098990
2099273
2099294
2099653
2100345
2100988
2101102
2101228
2101615
2102450
2102542
2103946
2104917
2105141
2105917
2106259
2106264
2106557
2107126
2107178
2107680
2108375
2108787
2109326
2109484
2109542
2110078
2110386
2110855
2111049
2111824
2111988
2112148
2113221
2113442
2114123
2114152
2114869
2115068
2115298
2116446
2116560
2116616
2117247
2117444
2117945
2118253
2118308
2118559
2119078
2120226
2121568
2121893
2122108
2122488
2125700
2126072
2126478
2126506
2127613
2128479
2129016
2129089
2129714
2130582
2130791
2131462
2131511
2132174
2132183
2133092
2133316
2133624
2134120
2134496
2135280
2135666
2135931
2136014
2136171
2136216
2136218
2136259
2136448
2137383
2138059
2138069
2139572
2140341
2140927
2141755
2141833
2142474
2142657
2143629
2144113
2144416
2144481
2144848
2145232
2146371
2147161
2147184
2147295
2147563
2147996
2148089
2148438
2148548
2148838
2149043
2149233
2149301
2149337
2149463
2150189
2151088
2151115
2151945
2152370
2152955
2153484
2154326
2154652
2156622
2157193
2157670
2158107
2158836
2158885
2159002
2159101
2159155
2159446
2159691
2160172
2160507
2160947
2161100
2161845
2162002
2162159
2162268
2162833
2163440
2163536
2163653
2164003
2165383
2165554
2165571
2166491
2166758
2167307
2167510
2168158
2168495
2168660
2168689
2168749
2168795
2168962
2169253
2169792
2169850
2169965
2170679
2172004
2172141
2172179
2172524
2174053
2175440
2175735
2176221
2176240
2176261
2177194
2177987
2179278
2180028
2180692
2180795
2181002
2181061
2181569
2182656
2183601
2184127
2185362
2185908
2185986
2186034
2186190
2186455
2187744
2189355
2189712
2190427
2191788
2191911
2192747
2193053
2193489
2193600
2194000
2194196
2194356
2194717
2195453
2195750
2195909
2196082
2196386
2196431
2196977
2197780
2198376
2198945
2199013
2199508
2199572
2200464
2200686
2201708
2202248
2203418
2204342
2204684
2204890
2205556
2205741
2206374
2206700
2206824
2206914
2207542
2207995
2208368
2208761
2209052
2209813
2210825
2211338
2212186
2213099
2213213
2213502
2213551
2213638
2213688
2214038
2214452
2215469
2215798
2216317
2216564
2216853
2217157
2217455
2217503
2218656
2218774
2219089
2219121
2219131
2219843
2219857
2220100
2220380
2220421
2220607
2220793
2221026
2221446
2221769
2222284
2223097
2223118
2223561
2224230
2224767
2225344
2227056
2227660
2227784
2227918
2227943
2228694
2229103
2229150
2229858
2229998
2230050
2230622
2230668
2230793
2231631
2231694
2231700
2232609
2232668
2233385
2233535
2234302
2234384
2234458
2234865
2234897
2236738
2236908
2238841
2239047
2239110
2239427
2240668
2241234
2242665
2242831
2243677
2244342
2244405
2244868
2245444
2245457
2245854
2246129
2247059
2247172
2247348
2247561
2247990
2248253
2248809
2251459
2251661
2251693
2251708
2252845
2253495
2254661
2254829
2254951
2256143
2256428
2256496
2256921
2256999
2257069
2257229
2257403
2257588
2257971
2258788
2259169
2259641
2259925
2260557
2260812
2261091
2261178
2261889
2262717
2263155
2263428
2263787
2264196
2264216
2265049
2265274
2265332
2266849
2268047
2268158
2269381
2271232
2271748
2272193
2272221
2272321
2273230
2275186
2275444
2275917
2275923
2276806
2277045
2277678
2277888
2278490
2278965
2279046
2279627
2279709
2280855
2280942
2281323
2282347
2283330
2283450
2283605
2283903
2284006
2284583
2285155
2285353
2286632
2286672
2286699
2286923
2287039
2288248
2289519
2289928
2290721
2291280
2291866
2292089
2292229
2292693
2293001
2293305
2293571
2293896
2294451
2296426
2298447
2298627
2299038
2299095
2299812
2300057
2300872
2301092
2301114
2301420
2301819
2301848
2302182
2302869
2303044
2303340
2303421
2304988
2305514
2305596
2305607
2305923
2307676
2308595
2308886
2309531
2310053
2310058
2310113
2310927
2311162
2311529
2311631
2312065
2312357
2312722
2312815
2313141
2313282
2313944
2313978
2314104
2314845
2315396
2315442
2315640
2315740
2315758
2315761
2315877
2316137
2316199
2316415
2316454
2316656
2317472
2317514
2317534
2317764
2318494
2318931
2318998
2319082
2319866
2320705
2321225
2321833
2321997
2322067
2322192
2322353
2322510
2323042
2323195
2324051
2325212
2325458
2325833
2326381
2326866
2326896
2327167
2327267
2327518
2327646
2327927
2328224
2328385
2328403
2329785
2330228
2332438
2333167
2333896
2334380
2335255
2336032
2336241
2336272
2337412
2337740
2338189
2338251
2339735
2339750
2341074
2341152
2341727
2341831
2342093
2342165
2342247
2342346
2344003
2344587
2345021
2345069
2345356
2345718
2347016
2347422
2347552
2348050
2350484
2351508
2351572
2351978
2352519
2352997
2353078
2353925
2354531
2355955
2356475
2357126
2357555
2359829
2360288
2360573
2361305
2361823
2361892
2362547
2363638
2364690
2365851
2366216
2366337
2367736
2368895
2369599
2369753
2370029
2370371
2370563
2370667
2370669
2371320
2371483
2373653
2373737
2374171
2374184
2374323
2374703
2375751
2375818
2375958
2376994
2377258
2377500
2377649
2377703
2377861
2378182
2378996
2379024
2379222
2379227
2379630
2379890
2380067
2380140
2380464
2380541
2381488
2381708
2382074
2382200
2382236
2382395
2383326
2383735
2383963
2384470
2386319
2386392
2386939
2387459
2388006
2388966
2389431
2389648
2391336
2392204
2392414
2393107
2393554
2393916
2395142
2395197
2396232
2396529
2396556
2397565
2398253
2398479
2399104
2399285
2399620
2399831
2400324
2401063
2401164
2401253
2401297
2401550
2401733
2401995
2402294
2402617
2402789
2403296
2403322
2404138
2404491
2404842
2405115
2405270
2405695
2405904
2406012
2406336
2408234
2408607
2409503
2409785
2410142
2410613
2410758
2411160
2411339
2411482
2411687
2411923
2412042
2412213
2412337
2412367
2412986
2413794
2414569
2415763
2416193
2416832
2417548
2418680
2419611
2419857
2420551
2420945
2420950
2421511
2422856
2422956
2423613
2423675
2424112
2424286
2424369
2424781
2425761
2426151
2426764
2427622
2428241
2428387
2428495
2429964
2430010
2430370
2430755
2430861
2430897
2431013
2431486
2431690
2433182
2433211
2433281
2433993
2434980
2435006
2435067
2435075
2435108
2435805
2435886
2436107
2436126
2437794
2437919
2438118
2438219
2438557
2439123
2440537
2440624
2440732
2441976
2442079
2442142
2442223
2443185
2443235
2444323
2444908
2445281
2445480
2446141
2446487
2446707
2447062
2447229
2448806
2449160
2449595
2449757
2450093
2450152
2451414
2451453
2452097
2452272
2452385
2453494
2454079
2454379
2456928
2457721
2458248
2458628
2459027
2459770
2460237
2460632
2460833
2461497
2462101
2462248
2462354
2462712
2462718
2462832
2464330
2464595
2465718
2465778
2465867
2466177
2466304
2466647
2468275
2468673
2470478
2470850
2471850
2472494
2473106
2473797
2474442
2474551
2474577
2474585
2474835
2475168
2476883
2477180
2477202
2477981
2478519
2479277
2479451
2479558
2479661
2479753
2481098
2481281
2481909
2482607
2483073
2483574
2484128
2485520
2485590
2485849
2486174
2486359
2486479
2486919
2487205
2487207
2487509
2487637
2487749
2488031
2488977
2489025
2489103
2489159
2489395
2489600
2490593
2490918
2491146
2491276
2491378
2492240
2492462
2492600
2493174
2493290
2493497
2493947
2494342
2495525
2495531
2495599
2495689
2496058
2496268
2496614
2496891
2497413
2497937
2498064
2498121
2498202
2499323
2500230
2500283
2500495
2500507
2500883
2500886
2501258
2501458
2502521
2502630
2502726
2503227
2503284
2503998
2504135
2504333
2504410
2504508
2504532
2504535
2504611
2505670
2506394
2506395
2506577
2506882
2506894
2507018
2507521
2507642
2508103
2509572
2510691
2512152
2512612
2513348
2513633
2514544
2515168
2515330
2515730
2515950
2515996
2516685
2517100
2517438
2517608
2517797
2518141
2518163
2518524
2518642
2520366
2520843
2521428
2521512
2521670
2521680
2521768
2521770
2521925
2523248
2523319
2524100
2524132
2524517
2525130
2525204
2525569
2525612
2525852
2526121
2527071
2527750
2528490
2528843
2529216
2529566
2529689
2529722
2530624
2532401
2532655
2532693
2534058
2534071
2534077
2534167
2534628
2534693
2534905
2536225
2536264
2536582
2536607
2537744
2537874
2538817
2538861
2538886
2539043
2539327
2540393
2540406
2540627
2540988
2541199
2541540
2541576
2541593
2541650
2541692
2541805
2543074
2543279
2544275
2544508
2544952
2545034
2545051
2545782
2546089
2546355
2546929
2547337
2547689
2547868
2547974
2548302
2548665
2548962
2549214
2549541
2549567
2549702
2550282
2550478
2550625
2552047
2552098
2552688
2552806
2553318
2553674
2553960
2554923
2555408
2555851
2555972
2556082
2556341
2556425
2556769
2557304
2557533
2557779
2558004
2558371
2558471
2560436
2560737
2560917
2561055
2561670
2561805
2562827
2562866
2563620
2565171
2565506
2565921
2566353
2566542
2568126
2568412
2568429
2569411
2569920
2570178
2570793
2571077
2571199
2571778
2571815
2573143
2573214
2573330
2573812
2573910
2574113
2574641
2574730
2575034
2575252
2575532
2576167
2576215
2576260
2576302
2576612
2576716
2577914
2578641
2578647
2578747
2578755
2578838
2578955
2579363
2579562
2579985
2580537
2581705
2584261
2585274
2585934
2586020
2586179
2586304
2586424
2586888
2587268
2589202
2589657
2590071
2590459
2590734
2590961
2592748
2593260
2593531
2593744
2594510
2594939
2594994
2595089
2595599
2595906
2595957
2595973
2596089
2596105
2597140
2597511
2597883
2597902
2598741
2599001
2599173
2599981
2600026
2600762
2601668
2601931
2602239
2602945
2602985
2604870
2604928
2605158
2605328
2605773
2605896
2607007
2607345
2607541
2607705
2607971
2608753
2610157
2611201
2611548
2611882
2611966
2612262
2613394
2613417
2614097
2614259
2614681
2614830
2615519
2616300
2616852
2616934
2617136
2619505
2619797
2620342
2620747
2620841
2621572
2621614
2621629
2622209
2623279
2624266
2624457
2624784
2625768
2626082
2626640
2627718
2627918
2628425
2628500
2628713
2629728
2630565
2630661
2631687
2632500
2633042
2633955
2635661
2635756
2636239
2636387
2636398
2636562
2636990
2637013
2638079
2639463
2640690
2640998
2641648
2642798
2643047
2643302
2643703
2645280
2645432
2645915
2646275
2646446
2646672
2647159
2647747
2648292
2648331
2649130
2650416
2651029
2651144
2651165
2651207
2651210
2651524
2651536
2651582
2652406
2652466
2652563
2652783
2652902
2653235
2653995
2654843
2654898
2655664
2657211
2657215
2657309
2657585
2657617
2657911
2658593
2658898
2658929
2659166
2660629
2661417
2662531
2662688
2662920
2663073
2663715
2664219
2664720
2664864
2665053
2666590
2666626
2667105
2667674
2667913
2668165
2668216
2668687
2668751
2669097
2669153
2669509
2669699
2669931
2670361
2670509
2670744
2670841
2670934
2671619
2672241
2672447
2672686
2673043
2673651
2673691
2674330
2675014
2675509
2675642
2675810
2675887
2676495
2676813
2677069
2677124
2677391
2678264
2678358
2678466
2678931
2680108
2681217
2681414
2681484
2681978
2682542
2683562
2683713
2683859
2684246
2684617
2684894
2685171
2685703
2685922
2685962
2686187
2686620
2687728
2688304
2689321
2689493
2689698
2690575
2690981
2691017
2691088
2691900
2692106
2692396
2692830
2692845
2693993
2694033
2694083
2694256
2694363
2694404
2694559
2694869
2695060
2695183
2695364
2695408
2695533
2695729
2696013
2696538
2696689
2696967
2698244
2698380
2699055
2699531
2699655
2700413
2701090
2701131
2701657
2701894
2702059
2702799
2703243
2704665
2705382
2705514
2705557
2705743
2705849
2706089
2706272
2706376
2708336
2708435
2709918
2710373
2710474
2710739
2711116
2711225
2711260
2711753
2712168
2712943
2713411
2713582
2713657
2714389
2715127
2715425
2715732
2715768
2716325
2716678
2716875
2718146
2718187
2718600
2718652
2719166
2719268
2719355
2719434
2719809
2719964
2720047
2720388
2720959
2721238
2721554
2721686
2721964
2721990
2722317
2722539
2722948
2722980
2723227
2725184
2725955
2726350
2726979
2728171
2728741
2730076
2730364
2730556
2730588
2731436
2732661
2732720
2734235
2734690
2735097
2735962
2736751
2738175
2738186
2738252
2738479
2738882
2739435
2739455
2740284
2740712
2741032
2741594
2742256
2742546
2742793
2743114
2743122
2743511
2743831
2744683
2745007
2745256
2745375
2746309
2746637
2749008
2749576
2749610
2749626
2750764
2751242
2751594
2751681
2751705
2752438
2752473
2753536
2753593
2755836
2755915
2757282
2759827
2760184
2760446
2760563
2760696
2761761
2762213
2762265
2762792
2763063
2763543
2764325
2764412
2765047
2765227
2766233
2766442
2766635
2766939
2766970
2766986
2767376
2767382
2767469
2767747
2768072
2768366
2768397
2768634
2768915
2771749
2772270
2772925
2773129
2774448
2774723
2775231
2776332
2776461
2776883
2777810
2778093
2782886
2783464
2783914
2784007
2784312
2784908
2784993
2785833
2785991
2786600
2786612
2786744
2787084
2787179
2787317
2788812
2788886
2788918
2789546
2789703
2789884
2790324
2790609
2790874
2791468
2791755
2792234
2792253
2792465
2792797
2793359
2793401
2795696
2796220
2796294
2796861
2797915
2798403
2798642
2798822
2799025
2799038
2799577
2799670
2799857
2800446
2801996
2802227
2802956
2803291
2803489
2805695
2806237
2806396
2806823
2806847
2807216
2807546
2808133
2808652
2810263
2810335
2811640
2811695
2812451
2812575
2812584
2812652
2813091
2813213
2814037
2814219
2814315
2815056
2815348
2815567
2815633
2816199
2817011
2817505
2817786
2818064
2818092
2819407
2819738
2819992
2820457
2820976
2821043
2821502
2821580
2821666
2822216
2822579
2822735
2823847
2823974
2824035
2824194
2824471
2824481
2824496
2825156
2825739
2825775
2825861
2825894
2826635
2827408
2827409
2827808
2828142
2828252
2828331
2828389
2828791
2828882
2829335
2830644
2830750
2830817
2831285
2832146
2832298
2832506
2832584
2832727
2832825
2833078
2834060
2834102
2834246
2834572
2835621
2835980
2836302
2837086
2837091
2837493
2838614
2838709
2838714
2838793
2838926
2838983
2839356
2839396
2840064
2840761
2840969
2840972
2842163
2843940
2844023
2844080
2844343
2844373
2844393
2845297
2845610
2846857
2846872
2846896
2847658
2847925
2847941
2848592
2849654
2849721
2850211
2850290
2851660
2852068
2852610
2853134
2853862
2854167
2854210
2854300
2854478
2855289
2856460
2856480
2856551
2856947
2856996
2857513
2857617
2858222
2858347
2858611
2859706
2860002
2860136
2860182
2860459
2861704
2861853
2862100
2862639
2863801
2864834
2865211
2865578
2865606
2865853
2867054
2867421
2867635
2868329
2868656
2868718
2869191
2869424
2869793
2869939
2870674
2872276
2872867
2872974
2873571
2873954
2873981
2874121
2874348
2874939
2874945
2875034
2875379
2875749
2876844
2876907
2876934
2877080
2877218
2877444
2877572
2878260
2878593
2878766
2879205
2879956
2881292
2882416
2883083
2883338
2883684
2884216
2884687
2884926
2885000
2885050
2885317
2885318
2885398
2885748
2886169
2887692
2887713
2887766
2887994
2888039
2888225
2888594
2888942
2888968
2889204
2889212
2889308
2889720
2889846
2890151
2890205
2890692
2890793
2890839
2892141
2892214
2892520
2892965
2893170
2893308
2893753
2894164
2897149
2897555
2900373
2900438
2901082
2902067
2902612
2902975
2903423
2904637
2904945
2905093
2905354
2905533
2905792
2905858
2906171
2906291
2907053
2907293
2908409
2908970
2909073
2909470
2909829
2909921
2910901
2911274
2911980
2911987
2913074
2913819
2913888
2914049
2914574
2914701
2914972
2915330
2915370
2916225
2916256
2917084
2917452
2918133
2918146
2918704
2918881
2919257
2919895
2920586
2920866
2920919
2921157
2921720
2922189
2922418
2922525
2923105
2924846
2925196
2925672
2925914
2926251
2926529
2926778
2928189
2928240
2928490
2928716
2929472
2929672
2929716
2930609
2930649
2930699
2932045
2932182
2932279
2932341
2932901
2933037
2933068
2933979
2934080
2934107
2934181
2934247
2934298
2934788
2935785
2936210
2936608
2936689
2937130
2937416
2937480
2937712
2937983
2938397
2938815
2938980
2939024
2939104
2940397
2940642
2940824
2941216
2941918
2942469
2942704
2943006
2943455
2943463
2943553
2944408
2944571
2944803
2945538
2945680
2946137
2947239
2947724
2948237
2948331
2948409
2948520
2949541
2950635
2950734
2951089
2951458
2951707
2952486
2952597
2953257
2953589
2953791
2953865
2954478
2954527
2954641
2955185
2955554
2956623
2957027
2957050
2957646
2957687
2958017
2958387
2958931
2959138
2959190
2959836
2960274
2960824
2960956
2961991
2962582
2963130
2963365
2963467
2965050
2965087
2966664
2968252
2968534
2969249
2969495
2969910
2970029
2970032
2971127
2971334
2971576
2971668
2971906
2972105
2972261
2972902
2973366
2974915
2975315
2975621
2976046
2976217
2976427
2976524
2976686
2977283
2977518
2977693
2978467
2978947
2979311
2979884
2979965
2980896
2981414
2981726
2981828
2982048
2982073
2982290
2982780
2983070
2983427
2984079
2984595
2985027
2985274
2985498
2985557
2985568
2986297
2987600
2987746
2988538
2988648
2989386
2990520
2990530
2990678
2991719
2991741
2992322
2992628
2992835
2992909
2993421
2993422
2993485
2993844
2993947
2994234
2994493
2994526
2994972
2995233
2995772
2996546
2996678
2997178
2997347
2998275
2998316
2999707
3000986
3001190
3001240
3001771
3003274
3003695
3004751
3005194
3005624
3005834
3006126
3006901
3007329
3007898
3008271
3008648
3008890
3008919
3009479
3010214
3010607
3010987
3012458
3012623
3012900
3013042
3014126
3015006
3015180
3015808
3015930
3016407
3016568
3016808
3017546
3017729
3018140
3018441
3018468
3018475
3019064
3019210
3019781
3021218
3022123
3022551
3022615
3022809
3023003
3025280
3026029
3026562
3026837
3027074
3027309
3027452
3027656
3028939
3029877
3030033
3030073
3031542
3031720
3033347
3033712
3033847
3034697
3034934
3035038
3036222
3036786
3036877
3037543
3037820
3038336
3038339
3039308
3039646
3039825
3040432
3040578
3040911
3041150
3041271
3041793
3042358
3042494
3042941
3044790
3045183
3045213
3045261
3045678
3045711
3046176
3046577
3046997
3047030
3047043
3047073
3047101
3047127
3047364
3047783
3048768
3049679
3049878
3049968
3050759
3051061
3051351
3051353
3051882
3052285
3052352
3053738
3053917
3055076
3055123
3058228
3058535
3058564
3058631
3058797
3058903
3059054
3059334
3059503
3060255
3060373
3061099
3062503
3062782
3062896
3063156
3063981
3064062
3064177
3064633
3065132
3066566
3066987
3067829
3068449
3068943
3069399
3069490
3069992
3070425
3070707
3071121
3071136
3071304
3072461
3072498
3072818
3073215
3073429
3073593
3074191
3074472
3074858
3075545
3075849
3076025
3076789
3077039
3077086
3077484
3077568
3078472
3078867
3079046
3079433
3079887
3079894
3080547
3080553
3081570
3083222
3084141
3084312
3084528
3084857
3085238
3087161
3087259
3087338
3087971
3088665
3088782
3089084
3089452
3090674
3090903
3091148
3091686
3092428
3092855
3093035
3093189
3093446
3093689
3093761
3093917
3094375
3094424
3094462
3094563
3094954
3095432
3096460
3097527
3097779
3097969
3098070
3098115
3098128
3099228
3099458
3100193
3100212
3100592
3101025
3101541
3101661
3102378
3102804
3102983
3103183
3104960
3105050
3105104
3105970
3106954
3107347
3109495
3109573
3109960
3110155
3110455
3110882
3112026
3112257
3113042
3114120
3114395
3114750
3115077
3115574
3115620
3116454
3116634
3116643
3116939
3117259
3117300
3118249
3118426
3119724
3119931
3120128
3120377
3120715
3120717
3121138
3121408
3122000
3123071
3123278
3123958
3124064
3124160
3124571
3124614
3125666
3126610
3127079
3127123
3127703
3127761
3128647
3129391
3129740
3130339
3130629
3130699
3132050
3132479
3134001
3134622
3135443
3135554
3135590
3135783
3135971
3136010
3136128
3136841
3137809
3140407
3141583
3141728
3141820
3142184
3142277
3142439
3142659
3143293
3143781
3144166
3144748
3144913
3145026
3146315
3146740
3147368
3148173
3148816
3148941
3149467
3150454
3151200
3151293
3151485
3151834
3152036
3152531
3152594
3152746
3152938
3153306
3153411
3154519
3154587
3154718
3154737
3154758
3154864
3155253
3155337
3155373
3155465
3156346
3156856
3157167
3158589
3158599
3158706
3158804
3160246
3160300
3161204
3162806
3164637
3164862
3165488
3166655
3166797
3166880
3166940
3167465
3167545
3167561
3168526
3169775
3170002
3170810
3171288
3172180
3172460
3172505
3173619
3174102
3174144
3174241
3174669
3176286
3176447
3176795
3176812
3176888
3176963
3176974
3177342
3177536
3177835
3177953
3178123
3179070
3179191
3179252
3179445
3179570
3179623
3179871
3180571
3181587
3181604
3181647
3181659
3182302
3182381
3182940
3183057
3183077
3183970
3184137
3184286
3184583
3185216
3185423
3185585
3185930
3186221
3186737
3187668
3188245
3189131
3189569
3190018
3190132
3190465
3190599
3191441
3191730
3193286
3193335
3193541
3193660
3194418
3195788
3196036
3196394
3196911
3197742
3197830
3198885
3199433
3199959
3200247
3201368
3201980
3202274
3202325
3203530
3204184
3204368
3204433
3204733
3206547
3206965
3207764
3207818
3208308
3208669
3208890
3208920
3210332
3210979
3211295
3211577
3211673
3211971
3212014
3212042
3212240
3212684
3213532
3214039
3215488
3215552
3216648
3217205
3217572
3217667
3218948
3219471
3219696
3219935
3220110
3220289
3220480
3220511
3221543
3221547
3221793
3222233
3222435
3223198
3223332
3224486
3225433
3226151
3226430
3226431
3226622
3226807
3227897
3228257
3228354
3228799
3229365
3229388
3229455
3229583
3229787
3229963
3230695
3231621
3231723
3231775
3231818
3231841
3232152
3232204
3232305
3232790
3232844
3233244
3233928
3233929
3234063
3234098
3235124
3235575
3235951
3236306
3236440
3237480
3237705
3237840
3238246
3238373
3238779
3239172
3239185
3239441
3239611
3240565
3240789
3241158
3241551
3241962
3242790
3243458
3243485
3243734
3244147
3244236
3244566
3244810
3245151
3245180
3245397
3245681
3245752
3245780
3245878
3246695
3246969
3248303
3248942
3249260
3249933
3250095
3250670
3251385
3251823
3251977
3252243
3252304
3252325
3252722
3253167
3253864
3254389
3254514
3254564
3254728
3257322
3257573
3258977
3259125
3260444
3260985
3261451
3261566
3262049
3262838
3262940
3263230
3263349
3264826
3264905
3265586
3265941
3267083
3268023
3268113
3268268
3268275
3268392
3268478
3268744
3269244
3269601
3269748
3271151
3271672
3271982
3272133
3272407
3272804
3274862
3275117
3275595
3275647
3276954
3277157
3278804
3279702
3281035
3281086
3281214
3282328
3282350
3283272
3283641
3284039
3284251
3284468
3285705
3286062
3287459
3288026
3288355
3289487
3289539
3289951
3289993
3290203
3290441
3290637
3291422
3291750
3292101
3292246
3292805
3292865
3293208
3293235
3294250
3294253
3294754
3294873
3294885
3294941
3295005
3295375
3296543
3296925
3296959
3297497
3298187
3298271
3298511
3300577
3301850
3302868
3303011
3304656
3304669
3304944
3305034
3305259
3306034
3306405
3306720
3307309
3307477
3308381
3309041
3309049
3309322
3310135
3311086
3311433
3312145
3312236
3312583
3312586
3313511
3314449
3314564
3314812
3315024
3315871
3316118
3316622
3316627
3316841
3316896
3317187
3317640
3318132
3318752
3318992
3320439
3320539
3320863
3321062
3321140
3322036
3322374
3322378
3323010
3324405
3324738
3325751
3325960
3326125
3326945
3326993
3327824
3328244
3328373
3328602
3328633
3328862
3329111
3329560
3329669
3330154
3331306
3331877
3332629
3332662
3334183
3334979
3335792
3336235
3336490
3336546
3336635
3337552
3338578
3338738
3338854
3339411
3340001
3340085
3340460
3340701
3340979
3342149
3342407
3342408
3343774
3344032
3344211
3344377
3344456
3344610
3345411
3345966
3346065
3346097
3347928
3347977
3348158
3348166
3348190
3349835
3350032
3350048
3350112
3350444
3350812
3351279
3351998
3352021
3352564
3353994
3354540
3354863
3355581
3355973
3356107
3356503
3357552
3357718
3357997
3358214
3358481
3358607
3358672
3358822
3359993
3360265
3361297
3361359
3361513
3361598
3361812
3361849
3363730
3363828
3364145
3364544
3365684
3366063
3366682
3366698
3367573
3367888
3367932
3368699
3369784
3370617
3370743
3370849
3371390
3371748
3371896
3371982
3372234
3372395
3372591
3372602
3372641
3373306
3373684
3375269
3376075
3376097
3376419
3376579
3377499
3378165
3378398
3378982
3379361
3379665
3379932
3380518
3381264
3382010
3382449
3383055
3383620
3383679
3383907
3384576
3384918
3385307
3385837
3386754
3387054
3388606
3388614
3388680
3388776
3388848
3389156
3389440
3389718
3390179
3390558
3391231
3391528
3391650
3392222
3392278
3393057
3393567
3393834
3394145
3394374
3394482
3395103
3395106
3395513
3395915
3396382
3396686
3396713
3396748
3397428
3397438
3397440
3398027
3398553
3399087
3399763
3399781
3399834
3400821
3401798
3402227
3402274
3402665
3402713
3402869
3403092
3403613
3403839
3405002
3405405
3406106
3406150
3406230
3406948
3407383
3407426
3407538
3408431
3408524
3409109
3410253
3410448
3410637
3411086
3411225
3411265
3411453
3412014
3412541
3413913
3413961
3414105
3414217
3414620
3414877
3415023
3415184
3415226
3415684
3416013
3416183
3416444
3417129
3418494
3418907
3419037
3419671
3420274
3420421
3420736
3421048
3421848
3422708
3423149
3423210
3423480
3423748
3423911
3424309
3425103
3425238
3425511
3425764
3426129
3426756
3427118
3427274
3427734
3428530
3428548
3428910
3429257
3429387
3429585
3429785
3430691
3430974
3431103
3431234
3433044
3434012
3434947
3435063
3435436
3436011
3436171
3436627
3436756
3436987
3437218
3437291
3437328
3437496
3438044
3439673
3440604
3440626
3440920
3441431
3442086
3442174
3442220
3442420
3442650
3442769
3442796
3444384
3444406
3444660
3445708
3446148
3446676
3446723
3446734
3446816
3446965
3446972
3447209
3447794
3448143
3449378
3449464
3449549
3450373
3450441
3450487
3451999
3454203
3454415
3454479
3455001
3456409
3456551
3456924
3457974
3458288
3458697
3461227
3461283
3461882
3461927
3462233
3462282
3462454
3462755
3463214
3463574
3463918
3464332
3465804
3467302
3467539
3467830
3468243
3468468
3468479
3469265
3470102
3471350
3471411
3471414
3472015
3472113
3472374
3472535
3473160
3473624
3473846
3473912
3474160
3474248
3474521
3475507
3475769
3477015
3477273
3477444
3477742
3478004
3478067
3478501
3478756
3479195
3479270
3479296
3479716
3479948
3480041
3481242
3481368
3481494
3481518
3482201
3482358
3482390
3482632
3482665
3482735
3483372
3485178
3485265
3485586
3485667
3485696
3486116
3487113
3489266
3489721
3490242
3491535
3491594
3492139
3492463
3492984
3493141
3493596
3493673
3493848
3494183
3494547
3494762
3495150
3495429
3495781
3495810
3496265
3496982
3497495
3497798
3498690
3498819
3499240
3499337
3499809
3500042
3500346
3500461
3500511
3500920
3501175
3501772
3502146
3503337
3503351
3504421
3504633
3504883
3504942
3504945
3506075
3507233
3507841
3508189
3508550
3509248
3509389
3509552
3510383
3510781
3511516
3511689
3511842
3512586
3513033
3513306
3513582
3514561
3514755
3514766
3514837
3516971
3517005
3517349
3517435
3517538
3517738
3517760
3518644
3518994
3519340
3519467
3519977
3520325
3520652
3520664
3520912
3520919
3520950
3520997
3521188
3521813
3522154
3523093
3524157
3524457
3524559
3524792
3525047
3525067
3526806
3527281
3527585
3528294
3528316
3528372
3529456
3530015
3530619
3530954
3531054
3531177
3531550
3531700
3532089
3532262
3532869
3533034
3533048
3533071
3533299
3533533
3534110
3534380
3534567
3534842
3535240
3535982
3536202
3536606
3536742
3536948
3537620
3538042
3538147
3538643
3541554
3541635
3541898
3542517
3542598
3542624
3543466
3543695
3543758
3543852
3543995
3544252
3544671
3544744
3544745
3544953
3545724
3547017
3547339
3547938
3548049
3549333
3549732
3550102
3551097
3551184
3551247
3551629
3552099
3553550
3554142
3554427
3554837
3556118
3556893
3557034
3557493
3557524
3557765
3557866
3558544
3558550
3558979
3559654
3559842
3560603
3561065
3561122
3561182
3562074
3563033
3563779
3565445
3565523
3566962
3567388
3567684
3568395
3568582
3569422
3569919
3570031
3570258
3570307
3572219
3572459
3572937
3573002
3573206
3574579
3575079
3575661
3576680
3576811
3577195
3577318
3577490
3578175
3578983
3579689
3579710
3580917
3581019
3581270
3581294
3582722
3583196
3583393
3584521
3585168
3585661
3586006
3586019
3586416
3587300
3587461
3587524
3588147
3589004
3589017
3589421
3589438
3591290
3591374
3591410
3591419
3591444
3591532
3592203
3592256
3592340
3592400
3592654
3592751
3592832
3592873
3592939
3592943
3592989
3593568
3593910
3594441
3594714
3594973
3594974
3595007
3595451
3595927
3596018
3596821
3597042
3597218
3597542
3598251
3598551
3598843
3598886
3599210
3599659
3601296
3601854
3602841
3603331
3603528
3604172
3604309
3604334
3604531
3604709
3604824
3604991
3605009
3605798
3606086
3606532
3606774
3608107
3608754
3609292
3609998
3610780
3610968
3611065
3611096
3611149
3611604
3612046
3612234
3612359
3613302
3613486
3613716
3614068
3614636
3615143
3615189
3615254
3615537
3615571
3616661
3617171
3617261
3617849
3619904
3620368
3620656
3620796
3621078
3621952
3623601
3625308
3625472
3626316
3626415
3626501
3627189
3627325
3627963
3627972
3629346
3629651
3629873
3629994
3631874
3632110
3632289
3632301
3632512
3634423
3635159
3635455
3635681
3636289
3636718
3636849
3636903
3637916
3639404
3639953
3640064
3640895
3641316
3641781
3641839
3641989
3642125
3642562
3642703
3642943
3643881
3644156
3644170
3644372
3645729
3646121
3646623
3647886
3648135
3648364
3649248
3650469
3651018
3651295
3651404
3652059
3652306
3652432
3652739
3652763
3653396
3654261
3654407
3655479
3655707
3655841
3655986
3656451
3656513
3657504
3657539
3657967
3658758
3658796
3658934
3659781
3659945
3660071
3660256
3660712
3660780
3660817
3661188
3661970
3662350
3662937
3663088
3663340
3663447
3663949
3663963
3663974
3664376
3665795
3665899
3666279
3666501
3666797
3667567
3668143
3668198
3668280
3668856
3668977
3669152
3670086
3671592
3671934
3672278
3672537
3672985
3673078
3673792
3673996
3674098
3674677
3674896
3676217
3676649
3676822
3677459
3677941
3678021
3678234
3678370
3678665
3679056
3679402
3680313
3680719
3681000
3681775
3682599
3682635
3683246
3683960
3685045
3685117
3685329
3685578
3685659
3685845
3686289
3686702
3686770
3686823
3688988
3688998
3689162
3689422
3689929
3690713
3691225
3691407
3691656
3691695
3692134
3692846
3694563
3694813
3695449
3696065
3696626
3697080
3697598
3697919
3698283
3698961
3699243
3700086
3700241
3701065
3701523
3701594
3701802
3702621
3702662
3702969
3703313
3703855
3704029
3704410
3704612
3704630
3705876
3706164
3706567
3707804
3707883
3708051
3708514
3709063
3709105
3709995
3710425
3711460
3711463
3711489
3711582
3711617
3711916
3711976
3712049
3712065
3712652
3712789
3713463
3713852
3714305
3714843
3714963
3715212
3715250
3715413
3716274
3716369
3716685
3717215
3717397
3717793
3718058
3718131
3718344
3718401
3718810
3719004
3719318
3720522
3720825
3721024
3721296
3721356
3721717
3722377
3723156
3723972
3724646
3725004
3725283
3725368
3725967
3726004
3726160
3727425
3728085
3728137
3728199
3729124
3730209
3730286
3731295
3731375
3733358
3733378
3733935
3734563
3734672
3735328
3735945
3736145
3736993
3737059
3737178
3737682
3738389
3738811
3738942
3739232
3739368
3739802
3739852
3740157
3740565
3740657
3740777
3741085
3741235
3741474
3742364
3742639
3743489
3743636
3743859
3743877
3744291
3744292
3745213
3745495
3746296
3746450
3746750
3747463
3748392
3749126
3749229
3749521
3749933
3750177
3750755
3750927
3751007
3751045
3751299
3752207
3752752
3753545
3753686
3753722
3754008
3754477
3754583
3754627
3754742
3755322
3755716
3755754
3755790
3756023
3756684
3756757
3757705
3757800
3758357
3759863
3759916
3760692
3761039
3761161
3761392
3761530
3762277
3762844
3762877
3762945
3763006
3763023
3763877
3766036
3766379
3767238
3767399
3767867
3768079
3768161
3768206
3769440
3770341
3772172
3773033
3773612
3773763
3774119
3774511
3775956
3776249
3776318
3777596
3777771
3777968
3778522
3778770
3779028
3779049
3781634
3782157
3782218
3782309
3783562
3783704
3783858
3785310
3785566
3785595
3786434
3786679
3786720
3788564
3788700
3789367
3789854
3791542
3792085
3793818
3794943
3795058
3795362
3795497
3795776
3796284
3796760
3797400
3797493
3798161
3798573
3799259
3799848
3800120
3800243
3800449
3800492
3801976
3803670
3804155
3804707
3804790
3805325
3805450
3805938
3806013
3806080
3806583
3806602
3806758
3806910
3807781
3808142
3809366
3810378
3810772
3811075
3811574
3812333
3812923
3813094
3813947
3815637
3815680
3815924
3815969
3816272
3816432
3816495
3817429
3817942
3818064
3818579
3818664
3819290
3819381
3819525
3820803
3820890
3821688
3823167
3823336
3823445
3823865
3823911
3824842
3824988
3825198
3825496
3825848
3826241
3827069
3828989
3829039
3829123
3830914
3831006
3831231
3831462
3831656
3833058
3833913
3834757
3834797
3834992
3835264
3835594
3836446
3837722
3838345
3838682
3838786
3838999
3839056
3839061
3839352
3839603
3840268
3840676
3840953
3841009
3841690
3843137
3843335
3843860
3844570
3845199
3846540
3847023
3847609
3847648
3847794
3848044
3848198
3848204
3848389
3848534
3849458
3849493
3850424
3850616
3850691
3851476
3851661
3852019
3852105
3853258
3853522
3854122
3855022
3855094
3856280
3856651
3857016
3857497
3857605
3857824
3857842
3857859
3858033
3858704
3858854
3859701
3860880
3860948
3861258
3861639
3861691
3862449
3862958
3864950
3865454
3865672
3865889
3866458
3866691
3866869
3867068
3867822
3868340
3869334
3869978
3870191
3870479
3870565
3871423
3871553
3872294
3872417
3873305
3873672
3873818
3874045
3874605
3874686
3874804
3875610
3876178
3876522
3876545
3876751
3877106
3877388
3877664
3878059
3878163
3878356
3878589
3878990
3879055
3879266
3879416
3879830
3879905
3880805
3882097
3883768
3883869
3884117
3884724
3885029
3885236
3885369
3885924
3886009
3886011
3886130
3886218
3887059
3887363
3887426
3887628
3887859
3888176
3888481
3888526
3888810
3888995
3889215
3889448
3889975
3891412
3891731
3892402
3893029
3893440
3893604
3893707
3893746
3893948
3893979
3894116
3894250
3894302
3894688
3895329
3895730
3895812
3896481
3896694
3897522
3897625
3897657
3897776
3897981
3897990
3898232
3899070
3899645
3899743
3899914
3900197
3900270
3900757
3901680
3901928
3903667
3903762
3904023
3905161
3906662
3906706
3906774
3907261
3907972
3908357
3908548
3909173
3910496
3911022
3912934
3912937
3913508
3913856
3913972
3914007
3914074
3914195
3914879
3915276
3915708
3915812
3915815
3916259
3916301
3917075
3917179
3917242
3917574
3918033
3918455
3918569
3919785
3921200
3921271
3922329
3922511
3923119
3924213
3924260
3924504
3924741
3925149
3926030
3927735
3928989
3929023
3930179
3930422
3930441
3930510
3930693
3930986
3931026
3931141
3932261
3932358
3933776
3933850
3934199
3934244
3934528
3934632
3934783
3935065
3935206
3935432
3935687
3935694
3936056
3936157
3936196
3936630
3937902
3938502
3939446
3939611
3940038
3940672
3940801
3940916
3942252
3942440
3942775
3943571
3945452
3946020
3946416
3946840
3947239
3948355
3948552
3948887
3949211
3950405
3950517
3950644
3950979
3951106
3951461
3951888
3952085
3952899
3953011
3953816
3954323
3954915
3956185
3956338
3956540
3956615
3956781
3957239
3957944
3958063
3958740
3959358
3959468
3959589
3959934
3960077
3960665
3960803
3960957
3961163
3961751
3962264
3962375
3962385
3962496
3963021
3963734
3964214
3964505
3964619
3964705
3965318
3965330
3965356
3965431
3966209
3967256
3967322
3967327
3967709
3968065
3968542
3968857
3970439
3970698
3970765
3971260
3971664
3971805
3971842
3972617
3972646
3972900
3973968
3974002
3974989
3975429
3975746
3975945
3976494
3977149
3977171
3977203
3978072
3978865
3978878
3979603
3979699
3979775
3979786
3980053
3980700
3980704
3980753
3981710
3981941
3981950
3983666
3983685
3985003
3985007
3986285
3986488
3986656
3986661
3986829
3987464
3987656
3988184
3988467
3988573
3988892
3989237
3989255
3989383
3990124
3990796
3991480
3991992
3994037
3994343
3994561
3994871
3996419
3996719
3997606
3997759
3997888
3999127
3999326
3999746
3999819
4000182
4000854
4001175
4001603
4001690
4003507
4004379
4004477
4004891
4005004
4005676
4005807
4006176
4007044
4007049
4007121
4007339
4008103
4008610
4009346
4009611
4009637
4009701
4010149
4010355
4010715
4011199
4011537
4011642
4012099
4012888
4013154
4014155
4014889
4015114
4015644
4015887
4016303
4016518
4016939
4017758
4017837
4018826
4019116
4019572
4019782
4020782
4021236
4021622
4021701
4021747
