102
508
536
741
892
4023
4027
4116
4651
4824
4836
5024
5460
5916
7025
7944
8517
9459
9499
9526
10326
10329
10356
10389
10504
10684
10897
11184
11698
11906
12083
12454
12664
14113
15363
15987
16795
16812
18413
18573
19512
19949
20073
20495
20727
21420
21745
21902
22382
22437
23111
23425
23636
24256
24812
26162
26253
26274
26664
27096
27204
27998
28098
28166
28435
29462
29640
31048
31211
31294
31724
32765
33119
33373
34801
35725
35728
36043
36199
36273
36587
36756
36819
36892
37666
37754
38013
38308
38394
39064
39744
39799
39873
41399
41983
42093
42383
42677
43421
43878
45490
45728
46817
48229
48386
48520
48616
49455
52202
52318
53385
53404
53413
54089
55577
55754
56277
56280
56840
56939
57254
57713
57973
58010
58966
59123
59144
59702
59966
60121
60919
61182
61809
62070
62123
62263
62574
62982
63145
63162
63176
63780
65335
66033
66567
67324
67364
68759
68867
69267
69562
69607
69767
69903
70255
70684
71176
71291
72568
72611
73853
73961
74064
74345
74876
74947
76010
76172
77348
77812
79275
79349
80458
80697
80869
80941
81689
82426
82455
82757
83198
84039
84173
84198
84357
84599
85436
86586
86622
87061
87373
87495
87536
88338
89157
89695
89753
89856
90174
90317
90480
90919
91033
91514
91859
92001
93181
94575
94733
95325
95798
95967
96253
96358
96767
96823
97149
97227
97712
98203
98401
98779
99059
99113
99470
99729
99861
100308
100377
100981
101515
101620
102399
102665
102708
103393
103820
103835
103935
104177
104390
105196
105245
105267
106594
107482
107571
109367
109369
110017
110103
110245
110361
110782
111058
111986
112509
112602
113133
114449
114521
115239
115535
115538
115569
115880
116187
116612
116632
116800
117002
117144
117166
118765
119133
119487
119704
119840
120027
120700
120865
121561
122483
122546
122664
123176
123662
125151
125220
125306
126098
126607
127006
127394
127633
128266
128718
128960
129372
129797
129996
130397
130408
130477
130583
130700
131216
131299
131656
132088
132316
133054
133095
133341
133342
133755
133782
134097
134906
135054
135433
135534
136131
136170
136323
136361
136471
136741
136756
137251
138700
139746
139798
140230
140295
140344
142014
142083
142643
143092
143749
143990
144293
145136
145256
145311
145725
145750
146314
147116
147255
147654
148123
148626
148696
148744
149020
150512
151138
151443
153561
153775
154991
155382
156748
156793
156930
156973
157783
157983
158670
158684
158710
159195
159244
161604
161948
163001
163118
163834
164225
164979
165688
166575
167037
167400
167852
168198
168615
169493
170539
170687
170725
171092
171179
171225
173176
174350
175158
175382
175539
175668
175716
175948
176209
176282
176295
176826
176958
177188
177365
177632
178020
178314
178787
179209
179275
180389
180918
181437
182174
183315
183431
183696
183974
184011
184522
185344
186025
186100
186357
186874
188109
188321
188735
189715
189742
189762
190233
191659
191946
193082
193974
194493
194693
195877
196142
196143
196232
197379
197901
198017
198559
200283
200535
201540
201841
201910
202122
202858
203054
203521
203544
204683
205101
205268
205545
206584
207414
207618
207664
208588
208987
209623
210136
210654
210658
210905
210934
210953
211625
211720
214350
214422
214694
214994
215676
215907
216007
216536
216768
216780
218161
218176
219296
220422
221503
221521
222102
222256
223212
223607
223690
224285
224398
224508
225319
225686
226163
226336
226462
226491
227650
227848
227994
228272
228322
228575
228607
229128
229348
229366
230724
231025
231108
231150
231382
231873
232122
232372
233130
233169
233281
233357
233761
233913
234127
234655
234797
234819
235147
235286
235548
235759
236356
236705
237012
237174
237513
237522
239229
239351
239544
240303
240879
242438
242668
242702
243017
243463
243678
244176
244552
244593
244813
245032
245036
245457
245467
246348
246931
247378
247707
248933
249059
250106
250329
250590
250814
250971
251543
251936
252068
252307
252396
252421
252695
252884
253649
253839
254112
254356
254380
256423
257219
257766
257796
257906
258070
258265
258276
259141
259547
259647
260026
260630
260792
262325
262327
263491
263506
264099
264102
265263
265982
266196
266683
266734
267957
268720
269473
269669
269956
270222
270790
271870
271964
272006
272111
272291
272419
272974
273947
274187
274389
274512
274684
275055
275754
276000
276873
277311
277834
277993
278086
278248
278561
278737
279254
279756
279767
279841
280223
280802
281955
283097
283395
284095
284140
284215
284274
284925
285237
285620
285847
286704
287778
288133
288608
289176
289213
289629
289819
290584
291036
291092
291279
291516
291705
293060
293992
294405
294519
294863
294909
295524
295852
296159
296309
296477
296502
297208
297471
297614
298234
299057
299088
299401
299631
300514
303148
303362
303440
304094
304847
305270
306689
306990
307461
307667
307837
308115
308223
308655
309177
309294
309401
309937
310379
310481
310603
310610
311313
312213
312540
312619
313580
314848
315224
315532
315836
315849
316056
316226
316591
316669
317473
317526
317676
318307
319642
320118
320631
320950
321470
321619
321728
321865
321986
322092
322180
322812
322907
323021
323489
323490
324453
325340
325445
327599
327606
328529
328654
328779
328993
329311
330187
330593
331084
331741
332066
334224
334930
335438
335455
335858
336334
336352
336951
337814
338186
338741
338860
339223
339743
339824
339842
340127
340659
341259
341296
341723
341805
341922
342579
342656
342694
342741
343330
343618
343644
343749
343810
343871
344331
345014
345073
345189
345213
345259
345859
346144
348014
348558
348620
348777
348914
349164
349314
349430
349765
349843
350231
350876
352006
352358
352495
352678
353000
353034
353096
353480
354150
354847
355254
355379
355449
355664
356027
356704
357602
358251
358759
359039
359523
359731
360232
360329
360524
360595
361814
361874
363314
364237
364632
364872
365396
365593
365758
366083
366245
367705
368084
368493
369043
369636
370135
370195
370384
372867
372889
373468
373679
374077
374707
374733
375869
375877
376097
376566
377130
377396
377763
378926
379206
379299
379426
380731
380880
381073
381842
382135
382217
382257
382435
382765
382878
382920
382937
383090
383247
383554
383857
384689
385643
385841
385993
386428
386660
387897
388907
388935
389127
389164
389571
389645
389682
390181
390259
390325
390560
390740
392153
392343
392346
392473
392717
393062
393513
395006
395215
395275
395766
396181
396812
396819
397674
397923
398494
398517
399066
399410
399561
401173
401285
401473
402400
403111
403863
403901
404811
404985
405587
406288
407016
407539
407816
407818
408171
408823
409107
409321
409623
409637
409843
410016
410168
410363
410518
410526
410937
411127
411357
411576
411618
411665
412101
412429
412491
413039
413200
413323
413419
414575
414685
414862
414921
414968
414976
415852
416254
416712
417069
417574
418476
419183
419910
420014
420030
420535
420604
420740
421254
421929
422417
422451
422739
423089
425204
426254
427128
427448
427502
427947
428200
428259
429321
429433
429635
430047
430374
430991
431094
431336
432171
432674
432812
432832
433091
434724
435535
435644
435928
436268
436876
438081
438451
438804
438933
439356
439717
441294
442389
442617
443270
444428
444590
445782
446099
446196
446299
446806
446911
447220
447495
447982
448073
448577
448927
449528
449678
449924
450125
451212
451241
452969
453109
453149
453900
454077
454143
454282
455216
455461
455486
455635
456554
456753
456838
457261
457318
457556
458025
458292
459050
460739
462438
462508
463242
463339
464314
465062
465345
466217
466331
466592
467429
467518
467675
467948
468525
469022
470753
471312
472632
473812
474414
474992
475132
475166
475715
475977
476058
476350
476875
477215
477623
477838
477868
477997
478459
479158
479582
480210
480431
481181
481371
481874
482321
482837
484417
484437
485759
486434
486436
486480
487533
489083
489750
490120
490843
490904
491125
491575
492271
492590
492869
492886
493014
493487
493932
494575
494861
495241
495289
495539
496185
496491
496659
497408
497559
498112
498197
499295
500022
500077
500099
500328
500395
500567
501750
502158
502180
502259
502300
502719
503479
503774
504293
504511
504605
504888
505050
505605
506038
506413
507828
508396
508805
509576
510263
510352
510423
511150
511212
511554
511884
512218
512322
512465
512724
513605
515429
516435
516474
517008
517145
517697
518751
518947
518951
518961
519063
519434
519474
519653
519828
521789
521860
521975
522349
523013
524669
524673
525078
525646
527437
527572
528535
529100
529797
529915
530746
530875
531483
531919
532222
533256
533327
533426
533513
534115
534225
534318
534630
535107
535270
535363
535466
536245
536295
537688
538325
538989
539675
540016
540032
540603
541027
541096
541357
541821
541877
542352
542583
543222
545876
546498
546634
546643
547409
547473
547854
548557
549281
549412
549975
550302
551905
552010
552395
552415
552588
552740
552957
553088
554732
555128
555921
556199
556242
556685
556714
556720
556850
556865
556917
557617
557941
558246
558394
558548
558994
559570
560043
560752
561074
563011
563297
563474
563669
564650
565456
565578
566134
566561
567082
567083
567214
569113
569192
570385
571520
572108
572202
572640
572980
573579
574033
574337
574408
574565
575181
575234
575576
575885
575951
576265
576941
576961
578144
578634
578924
579168
579586
579710
579745
579785
581351
582530
582608
582828
583842
584221
584479
584580
584689
584918
585185
586193
586421
586437
586736
586738
587491
587946
589024
589214
589871
590678
590766
591188
591274
591349
591378
592679
592708
593226
593325
593438
593457
593832
594337
594465
594977
595121
595157
595163
595398
595930
596014
597194
597217
597609
597877
597963
598147
598664
599048
599098
599140
599468
599690
599974
600337
600967
601057
602089
602144
602460
602501
603417
603552
603834
603884
604687
604906
604922
605111
605602
605613
605967
606424
606788
606956
607002
607115
607185
607274
607661
607787
608378
608441
608571
608704
609092
609479
609530
610091
611169
611978
613127
613319
613447
613700
614837
615830
616800
616850
617519
617648
618294
618335
618640
618730
619036
619603
619644
620853
621457
622314
622428
622830
622859
623098
624632
624794
625013
625218
625567
625636
625987
626345
627166
627860
628053
628116
629074
629311
630102
630558
630664
630984
631313
631411
632407
632769
633188
633298
633451
634154
634517
634963
635135
635257
635514
635521
635781
635807
637141
637981
638666
639351
639639
639979
640180
640513
640693
642020
642653
643042
643797
644242
646007
646130
647996
648289
648302
648639
648838
649021
649374
649517
649826
649949
650164
650436
650692
650810
650824
651064
651327
651353
651492
652031
652537
653095
653102
653441
653754
653817
653914
654000
655273
655714
656075
656582
657150
657365
657794
658627
659660
660366
660584
661975
662453
663736
663958
664504
664758
667125
667341
667862
668467
668785
668882
668963
669628
670263
671083
671401
671464
671772
671926
672826
673126
673143
673694
675069
676043
676057
676060
676344
676525
679318
679731
679802
679893
680438
680664
681103
681492
682033
682347
682408
682546
683070
683180
683874
684350
684482
685078
685591
686206
687086
687385
687789
688030
688392
689533
690565
691047
691830
692069
692527
692586
692732
693681
694017
694477
694498
695192
695610
696752
697153
697162
698024
698127
699568
699951
700283
700335
700582
700865
701461
701664
702101
702485
702683
703010
703390
704304
704447
704882
705876
706037
706122
706296
707288
707444
707630
708290
708513
709952
710029
710179
710314
710472
711562
711679
711773
713383
713450
714114
714299
714861
715259
716109
716212
716813
717074
717367
720529
720947
721080
721338
721395
722178
722495
722525
722634
722834
722957
723201
723732
723745
724230
724475
724628
725131
725507
725590
725725
726042
726693
726769
727549
728010
728821
729707
729906
729976
730816
731791
731991
732249
732936
733229
733543
733884
733917
734185
734235
734886
735039
735129
735218
735892
736106
736679
737427
737572
738011
738141
738332
738879
740002
740428
741054
741211
743182
743205
743408
743822
744438
744604
745536
746016
746057
746124
747027
747765
747824
749218
749420
750122
751791
752825
752927
754095
754363
754379
754841
755501
756595
757655
760167
761236
761313
761980
762008
762088
763331
764005
764239
765832
766349
766373
766387
766513
766761
767103
767181
767824
767919
769000
769925
770996
771910
772126
774242
774494
774496
775053
775282
775309
775411
775516
776392
777119
777448
777835
778666
779197
779523
779763
780966
781793
782714
782985
783152
783351
784390
784462
784756
785511
785521
786155
786471
787294
788236
788836
788987
789435
789863
790613
791269
791717
791771
791889
791984
792172
792680
793224
794010
794116
794221
794311
795566
796233
797127
797669
798469
798636
799101
799783
800630
800822
802675
803353
803858
804194
804939
805018
805133
805168
805502
806087
806499
807029
808250
809921
810046
810336
810451
811390
811499
811510
812518
812532
812689
814148
814500
814519
814689
815594
815627
815673
815681
815833
815859
816134
817092
817215
817245
817842
818333
819443
819679
820088
820232
820401
820527
820563
821658
822245
822532
822658
823263
823272
823403
823608
823682
824062
824294
824405
824662
824696
825632
825827
826252
826673
826739
826762
826814
826888
827639
828096
828116
828388
829014
829084
829535
830177
830874
831685
831908
834181
834946
835028
836500
836765
837327
837604
837932
837937
839182
839274
839992
840735
840760
841311
842279
843515
843573
844428
844963
845460
845725
845951
846667
846971
847222
847409
847707
848158
848999
849997
850904
852457
852481
852495
853213
854063
854072
854239
854664
855218
855367
855401
855515
855550
855569
855666
857078
857706
858892
859191
859195
859361
859757
860290
860411
860491
860959
861038
861074
861904
862061
863381
863500
864180
865246
866075
866928
867055
867474
867998
868046
868334
868769
869440
869464
870625
870725
870898
871278
871614
871731
871889
872031
872514
872771
873521
873603
874286
874417
874738
874915
876240
876347
876413
876722
876753
877447
877527
877939
878489
879263
881234
881730
882189
882386
883882
884484
885291
885496
886236
886346
886778
887831
889457
890425
890427
890492
890946
891675
891902
892104
892458
892646
892688
893255
893463
893555
895569
896791
896912
897152
897927
898444
898726
898733
899879
900791
902048
902665
902828
903752
904353
904499
905610
905933
906186
906276
906397
907081
907760
908297
908357
908398
908599
909026
909305
909475
909509
909768
910072
910550
912518
913133
913181
913387
913720
914092
914343
914355
915041
915054
915070
915621
915931
916461
916602
916721
916741
916954
917856
919003
920009
920290
921563
922077
922087
922865
923115
923141
923392
923523
923904
924217
924535
925222
926128
926872
927013
927031
928663
928881
929214
930448
930577
930704
930818
931213
932326
932730
933479
933529
933683
934314
934327
934747
935571
935610
935646
936057
936151
936244
937567
937588
938035
938124
938562
939055
939552
939648
939980
940496
941350
941519
941548
941550
941819
941972
942157
942731
943370
944024
944189
944540
945474
945825
945888
946278
946316
946377
946495
946877
946916
947880
948272
948712
949251
949991
950238
950685
950782
951009
951033
951332
952610
954194
954682
955239
955365
955753
956057
956280
956581
956853
957467
957784
957989
958199
959228
959440
959860
959874
959934
960103
960440
961551
962247
962488
963299
963305
964278
964539
965351
965894
967284
967500
967973
968024
968871
969503
970221
970633
970930
971231
971321
971656
971814
972153
973134
973713
974455
976981
977670
977870
978238
978427
979220
979598
980362
980454
980740
980873
981163
981258
981394
981442
981600
981663
982223
982340
982717
982864
983870
984059
984523
985860
985900
986159
986553
986628
986809
987149
987183
987214
987375
987940
987946
988009
988476
988559
988737
988957
989284
989300
989413
989525
989689
989852
990390
990905
991079
993023
993345
994005
994238
995478
995802
996027
996182
996296
996459
996608
997004
997436
998188
998939
998985
999255
999483
999498
999516
999707
999886
1000169
1000367
1000439
1001805
1002190
1002814
1003300
1006354
1006370
1006726
1007419
1008102
1008654
1008694
1008841
1009620
1009861
1010184
1010497
1010530
1011540
1011892
1012242
1012599
1012625
1012941
1013482
1014236
1014597
1014811
1015156
1015432
1015447
1017039
1017167
1017226
1017670
1017940
1018024
1018150
1018748
1018851
1018964
1019231
1019355
1019805
1020228
1020425
1020490
1021169
1021186
1021846
1023441
1023582
1023753
1023942
1024225
1024481
1024491
1025168
1025925
1026164
1026639
1027588
1027606
1028080
1028083
1029845
1030639
1031330
1031881
1031955
1032591
1032902
1033050
1033423
1033492
1033544
1034502
1036517
1036530
1036910
1037053
1037325
1037779
1038617
1039466
1040056
1040239
1041501
1041609
1041753
1042003
1043168
1043901
1044695
1045212
1045238
1045264
1045614
1045737
1046623
1046808
1046817
1047703
1048647
1048917
1049648
1051268
1051641
1052053
1052290
1052783
1053339
1054856
1056320
1056423
1056529
1056682
1057595
1057632
1057656
1057833
1058275
1058485
1060247
1060439
1061260
1061585
1063033
1063374
1064065
1064469
1065920
1066945
1067144
1067314
1067372
1067505
1067865
1068976
1069145
1069211
1069590
1069615
1070817
1070966
1070977
1072165
1072351
1072779
1072844
1073437
1074291
1074550
1075205
1075331
1075455
1075573
1076051
1076122
1076497
1076772
1076851
1076990
1077279
1077309
1077972
1078033
1078427
1078698
1078915
1079382
1079524
1079667
1079961
1080138
1080993
1081242
1081583
1081786
1081911
1082150
1082419
1083316
1083361
1083390
1083803
1084239
1084286
1084588
1084868
1085141
1085493
1086141
1086882
1088798
1088924
1089415
1089803
1089835
1090619
1090859
1091001
1091804
1092457
1092525
1092793
1093175
1093301
1093343
1093761
1094158
1094252
1095334
1095638
1095768
1096156
1096925
1098203
1099017
1099606
1099842
1101176
1101438
1101650
1101790
1102264
1102282
1102828
1102960
1103662
1103805
1104103
1104409
1104956
1106601
1107352
1108587
1109186
1109349
1109516
1109950
1109960
1110286
1110627
1110683
1111249
1111935
1112028
1112402
1112517
1112709
1113023
1113156
1114398
1114614
1115236
1116101
1116610
1116812
1116931
1118335
1119143
1119551
1119707
1119760
1119979
1120192
1120240
1120515
1120637
1120797
1120828
1120891
1120998
1121044
1121432
1121479
1121690
1121725
1122213
1123100
1123818
1124624
1124643
1124736
1125052
1125276
1125289
1126056
1127176
1127311
1127368
1127545
1127592
1127979
1128004
1129649
1129726
1129757
1130297
1130425
1130948
1131602
1131972
1132361
1132477
1132967
1132993
1133943
1134063
1134286
1134570
1135406
1135675
1135820
1136292
1136518
1136529
1140058
1140093
1140508
1140850
1140883
1141000
1141204
1141536
1141898
1142163
1142207
1142428
1142651
1143470
1144091
1144213
1144950
1145561
1145801
1145934
1146670
1147165
1147922
1148448
1148809
1150087
1150109
1150629
1150746
1150854
1151382
1152180
1152669
1152751
1152858
1154463
1156340
1156716
1156780
1157409
1157442
1157937
1157955
1158583
1159370
1160401
1160890
1161009
1161031
1161041
1161239
1161297
1161408
1161729
1161968
1162313
1163388
1163510
1164161
1164900
1165078
1165109
1165198
1165230
1165865
1166112
1166383
1166486
1166879
1167366
1167510
1168249
1168549
1169052
1169624
1170187
1170375
1170764
1171166
1171278
1172016
1172387
1172803
1174316
1174904
1175492
1176027
1176263
1176402
1176482
1176849
1177330
1177331
1177685
1178137
1178326
1178575
1178642
1178913
1179057
1179130
1179164
1181371
1181388
1181981
1182151
1182241
1182549
1182899
1184080
1184204
1184322
1184808
1185128
1185136
1185460
1185637
1185873
1186206
1187468
1188211
1188568
1188774
1189539
1189926
1190076
1190496
1190534
1190795
1191305
1191608
1192099
1192190
1192239
1192814
1193138
1193354
1193504
1193629
1193908
1193966
1194030
1194145
1194270
1194976
1195494
1196928
1196992
1197319
1197425
1197980
1198263
1198693
1198900
1199794
1200282
1200359
1200428
1201087
1201511
1201790
1202381
1202403
1203495
1203780
1203948
1204247
1204408
1204533
1204966
1205194
1205537
1206046
1206073
1206111
1206168
1207087
1209256
1209720
1209853
1210278
1210632
1210651
1211174
1211720
1212423
1212940
1213403
1213795
1213862
1213919
1214276
1214529
1215348
1215414
1215776
1216609
1217279
1217786
1218092
1219094
1219667
1220273
1220954
1221090
1221508
1221796
1221924
1222229
1222561
1222566
1223096
1223276
1223522
1224634
1224998
1225450
1225635
1226282
1227026
1227915
1228190
1228328
1229610
1229729
1230986
1231231
1231483
1231545
1232624
1232696
1233559
1233613
1234046
1234082
1234460
1235666
1236302
1236827
1236850
1237287
1237993
1238125
1239240
1240194
1240284
1241173
1241182
1241691
1242366
1243321
1243505
1243894
1244206
1244359
1245226
1245400
1246075
1246277
1246366
1246589
1247258
1247535
1248628
1249241
1249392
1251401
1251486
1251668
1252722
1252838
1253038
1253535
1254933
1255614
1255991
1258015
1258285
1258462
1258900
1258967
1259287
1259294
1259347
1259852
1261080
1261430
1261598
1261600
1262275
1262354
1262828
1262940
1262959
1263272
1264191
1264253
1265895
1267694
1267729
1267850
1268393
1268608
1268823
1268972
1269180
1270491
1270772
1270892
1271094
1271538
1272072
1272320
1272400
1272433
1272986
1274412
1274830
1274891
1275118
1276873
1277037
1277598
1277856
1278128
1278243
1278972
1279073
1279208
1279352
1279511
1279617
1279644
1279697
1280095
1281298
1281538
1281785
1282168
1282687
1283434
1283722
1283904
1284596
1285637
1285845
1285994
1286093
1286335
1286923
1287957
1288734
1288982
1289142
1290134
1290182
1290860
1290978
1291081
1291327
1291342
1291734
1291842
1292926
1293946
1294342
1294464
1298280
1298570
1298973
1299418
1299467
1299937
1300636
1301361
1301508
1301679
1301894
1302403
1302699
1303868
1304558
1306097
1306533
1306920
1307336
1308007
1308079
1308773
1308977
1309017
1309020
1309802
1309974
1309997
1310483
1310865
1310991
1312564
1312581
1313194
1313408
1313432
1313602
1314438
1315984
1317162
1317744
1317783
1319030
1319212
1319494
1319741
1319948
1320051
1320271
1321283
1321614
1321703
1321943
1322713
1323223
1324450
1324520
1324824
1327317
1327973
1328144
1328164
1328245
1328409
1328779
1329873
1330181
1330250
1330482
1331871
1332467
1333485
1333837
1336405
1336809
1336945
1337139
1337624
1337835
1338217
1338401
1338963
1339309
1339330
1340308
1340507
1341148
1341272
1341387
1341512
1342145
1342343
1342387
1342561
1342657
1342862
1344686
1344867
1344981
1345026
1345777
1345848
1347388
1347611
1347855
1348739
1348786
1348800
1349000
1349038
1349594
1349740
1349785
1349829
1349836
1349957
1350011
1350419
1351403
1352333
1352573
1353507
1354014
1354484
1355334
1356065
1356411
1356509
1356967
1357447
1358534
1358988
1359190
1359377
1359595
1360116
1360128
1360444
1361429
1361798
1361993
1362010
1362571
1362725
1363228
1363411
1363600
1363963
1364282
1365032
1365556
1366940
1367298
1367798
1368003
1368352
1368661
1369046
1369085
1369290
1369770
1370530
1370938
1371017
1371787
1371887
1372250
1372280
1372753
1374648
1375090
1378377
1378482
1378559
1379652
1380913
1381541
1381585
1382278
1382435
1383252
1383316
1383398
1383630
1383838
1383918
1383950
1384059
1384104
1384971
1385298
1385690
1386150
1386283
1386408
1386492
1386856
1387078
1387180
1388616
1389097
1389400
1389520
1389745
1389753
1391165
1391298
1392285
1392360
1392462
1392504
1392605
1394754
1395190
1395622
1396527
1397241
1397485
1397562
1398319
1398958
1399433
1399485
1400028
1400114
1400316
1400854
1400870
1400995
1401019
1401108
1401819
1402264
1403178
1403235
1404435
1405071
1405473
1405698
1405759
1406117
1406341
1406881
1407208
1407281
1408022
1408690
1408715
1409023
1409180
1409438
1409890
1410544
1410867
1411335
1411445
1412287
1412479
1412668
1412733
1413026
1413467
1413604
1414013
1414098
1414299
1414982
1415416
1416738
1416851
1417190
1417600
1417922
1418130
1420020
1420202
1420421
1420872
1421721
1422288
1422906
1422985
1423288
1423329
1423330
1423581
1423608
1423616
1423890
1424038
1424169
1424802
1425217
1425622
1426256
1426353
1426783
1427001
1427628
1427659
1427942
1428484
1428710
1429493
1429730
1429896
1430198
1430215
1430589
1431063
1432566
1432732
1432918
1433451
1433480
1434107
1434313
1434603
1434616
1434907
1435704
1435725
1435947
1436082
1436135
1436211
1436758
1437349
1437804
1438002
1438338
1438392
1438417
1439051
1439600
1439857
1439891
1440339
1440531
1440548
1441721
1441828
1442013
1443866
1444023
1444131
1444372
1444823
1445068
1445103
1445392
1445413
1446818
1447394
1447483
1447853
1448372
1448547
1448596
1449011
1449167
1449245
1449643
1449786
1450370
1451047
1451523
1451548
1451771
1451876
1452377
1452512
1452581
1453154
1454263
1454453
1455719
1455919
1456374
1456981
1457269
1457571
1458004
1458336
1459158
1459184
1459219
1459814
1460477
1460577
1460748
1461309
1461773
1461883
1463021
1463730
1464046
1464052
1464261
1465265
1465348
1466268
1466384
1466859
1466967
1467419
1467777
1468234
1468479
1469280
1469463
1469769
1470543
1471093
1471418
1471628
1471719
1471934
1472267
1472345
1472584
1473057
1473305
1473388
1473675
1473789
1473907
1474453
1474605
1474697
1476149
1476783
1476937
1477236
1477998
1478125
1478182
1478311
1478673
1479242
1479505
1480469
1481062
1481255
1481700
1482241
1482395
1483501
1483551
1483596
1484794
1485251
1485734
1485927
1486905
1487026
1488072
1488442
1489543
1489914
1490187
1491455
1492072
1493308
1493868
1494113
1494297
1494431
1495131
1495189
1496244
1496246
1496971
1497617
1498458
1500192
1500779
1500916
1501156
1501167
1501325
1502079
1502427
1502438
1503019
1503104
1503650
1503779
1504153
1504328
1504407
1504731
1504976
1505078
1505153
1505595
1505685
1506243
1506642
1506792
1507532
1507642
1508133
1508163
1508242
1508372
1509001
1509004
1509342
1509403
1510370
1510766
1511069
1511744
1512601
1514045
1514123
1514985
1515054
1515091
1515499
1516375
1516839
1517204
1518670
1520264
1520541
1520845
1520998
1521585
1521669
1522016
1522789
1523208
1523546
1523700
1524615
1524693
1525090
1525999
1526821
1526883
1526965
1527015
1528966
1529177
1529628
1530879
1532401
1533035
1533117
1533163
1533260
1533356
1533438
1533686
1533691
1533812
1534092
1534803
1534822
1534881
1535337
1535705
1536198
1536920
1537863
1538369
1538549
1538556
1539682
1539691
1540049
1540380
1540763
1541152
1541173
1541290
1541433
1541869
1541928
1541951
1542817
1542981
1543212
1543684
1544613
1544615
1545026
1545591
1545880
1546260
1547392
1547918
1547958
1548597
1548659
1548678
1548827
1549262
1549446
1550243
1550318
1550767
1551398
1551574
1552193
1553649
1555042
1555457
1556256
1556406
1556540
1556805
1556939
1557563
1557716
1558145
1558209
1558700
1558731
1559665
1559740
1559986
1560359
1560407
1560541
1561911
1562052
1562162
1562185
1562358
1563278
1563375
1563584
1564283
1564843
1565198
1565530
1566006
1566339
1566666
1566673
1566983
1567014
1567421
1567590
1567593
1567626
1567729
1567758
1567801
1568177
1568407
1568413
1568479
1569513
1569602
1570020
1571265
1571565
1571576
1571814
1572829
1574297
1574594
1575254
1576308
1577735
1577756
1578040
1578791
1579499
1579501
1579552
1581267
1582157
1582722
1583952
1584227
1584823
1587077
1587251
1587697
1589674
1589750
1590039
1590986
1591131
1591283
1591395
1591398
1591705
1592213
1592261
1592628
1593041
1593830
1593994
1594429
1595434
1595576
1597310
1598178
1598276
1599307
1599798
1600014
1601226
1601271
1601330
1601358
1601399
1601935
1601992
1602453
1602517
1603102
1604714
1605068
1605411
1606053
1606286
1608100
1608227
1608562
1608725
1609107
1610258
1611465
1611629
1611857
1611900
1612897
1613821
1614385
1614405
1614785
1614794
1614918
1616377
1616701
1616752
1616904
1617025
1617865
1618830
1619591
1621586
1622366
1622566
1623304
1623378
1623391
1624534
1625358
1625455
1625718
1625792
1626707
1627041
1627137
1627718
1627799
1628088
1628479
1628908
1629071
1629151
1629172
1630776
1630975
1632166
1632217
1632266
1632973
1633241
1633564
1633885
1634345
1634855
1634956
1635448
1635991
1636147
1636462
1637057
1637696
1638267
1638642
1639703
1639788
1639831
1640080
1641119
1642027
1642776
1643026
1644155
1644400
1644696
1645723
1645992
1646095
1646306
1646407
1646910
1647549
1647750
1648183
1648684
1648711
1648895
1649629
1650186
1650315
1650342
1651688
1651867
1652211
1652757
1653010
1653572
1653875
1655250
1655543
1656103
1656183
1656501
1656823
1657175
1657332
1658191
1658983
1659135
1659207
1659425
1659860
1660668
1663192
1663734
1663937
1664519
1665408
1665420
1666141
1666199
1666409
1666945
1667111
1667355
1667359
1667819
1668689
1669734
1669998
1670222
1671013
1671034
1671267
1671310
1671620
1671786
1671998
1672143
1672472
1673277
1673364
1673832
1674602
1675349
1675691
1676040
1677211
1677336
1677971
1678124
1678670
1678778
1679907
1680189
1680540
1680633
1681318
1681373
1681469
1681577
1682249
1682253
1682256
1683520
1683534
1683950
1684393
1685196
1685866
1686017
1686242
1686321
1686332
1687236
1687599
1688067
1688446
1688555
1688999
1689276
1689608
1689693
1691115
1691279
1691686
1691750
1691918
1692035
1692606
1693604
1694216
1694886
1694962
1696029
1696229
1696366
1696668
1696672
1696877
1698529
1698659
1698740
1699013
1699278
1699560
1699924
1700128
1700307
1700618
1700648
1700780
1702193
1702639
1702706
1703003
1703146
1704225
1704485
1705198
1705241
1705898
1706252
1706672
1706905
1706951
1707238
1707391
1707575
1707652
1709737
1709828
1710027
1710163
1710412
1710482
1710755
1711576
1711931
1712047
1713166
1714611
1714672
1715654
1715721
1715736
1716009
1716297
1716631
1716672
1717476
1717562
1717619
1718383
1718509
1719666
1720542
1720566
1720606
1720734
1721357
1722160
1722282
1722424
1722775
1722930
1723747
1724349
1724597
1724625
1725463
1726710
1726806
1727286
1728132
1728199
1728399
1728762
1729845
1730055
1730161
1730316
1730408
1730412
1730466
1732399
1732814
1733646
1733736
1734045
1734070
1734971
1735605
1736711
1736907
1737067
1737074
1737447
1737817
1738121
1738356
1738785
1739277
1739442
1739780
1739785
1740005
1740619
1740740
1741124
1741519
1742054
1742556
1743881
1743923
1743947
1744698
1744794
1745109
1745188
1745344
1745499
1746522
1746751
1746887
1747632
1748434
1749043
1749069
1749561
1749743
1749889
1750121
1750559
1750972
1751069
1751177
1751502
1751553
1751605
1751894
1751969
1752186
1752286
1753114
1753307
1753949
1754266
1754716
1755184
1756670
1756953
1757722
1758260
1758429
1759022
1759310
1760162
1761455
1761509
1761841
1762166
1762939
1763131
1763245
1763702
1763821
1763833
1764551
1766164
1768108
1768142
1768689
1769380
1769830
1770270
1770277
1770335
1771135
1771611
1771635
1771693
1771975
1772126
1772759
1773029
1773047
1773358
1773535
1773759
1773833
1775120
1775127
1776627
1776910
1777063
1777111
1777278
1777309
1777389
1777693
1777945
1778323
1778627
1778892
1779207
1779347
1779477
1779511
1779575
1779654
1779781
1780786
1781061
1781284
1781846
1782365
1782457
1782707
1782781
1782790
1783026
1783176
1784431
1784632
1784835
1784939
1785240
1785359
1785452
1785521
1786094
1786265
1787081
1787441
1787443
1787748
1787890
1788383
1789003
1789118
1789429
1789558
1790277
1790406
1790561
1790645
1790812
1791403
1791466
1791584
1791785
1792721
1792779
1792854
1793086
1794329
1794703
1794735
1794868
1795536
1796458
1796834
1797069
1797135
1797161
1797389
1798005
1798753
1800126
1800623
1800693
1800695
1800947
1801050
1801511
1801526
1802165
1802691
1803360
1803976
1804173
1804859
1805889
1806489
1806542
1808642
1808706
1808813
1808877
1809260
1809311
1809555
1810069
1810077
1810552
1811275
1811314
1811519
1811623
1812614
1813148
1813303
1813689
1813718
1813792
1814285
1815371
1815533
1815967
1818464
1818841
1819583
1819888
1820142
1820610
1821928
1822205
1822362
1822524
1823880
1823910
1824692
1824944
1824954
1825112
1825456
1825845
1825969
1826059
1826713
1827106
1827518
1827783
1827860
1828300
1829545
1830408
1830991
1831915
1832277
1832573
1833772
1833802
1833934
1834000
1834184
1834291
1834419
1834915
1835533
1836193
1836612
1837010
1837521
1837721
1837747
1839114
1839241
1839403
1839451
1840846
1841058
1841386
1842770
1843165
1843497
1843644
1843771
1844074
1844406
1844511
1844646
1845511
1845789
1846226
1846441
1846570
1846703
1847260
1848272
1848309
1849605
1850073
1850309
1851092
1851763
1852276
1852373
1852447
1852826
1853347
1853777
1855598
1855622
1856509
1856635
1856872
1857265
1857590
1858671
1859324
1859739
1859760
1860176
1860191
1860438
1860923
1861099
1862147
1862163
1862649
1862802
1863174
1863232
1863629
1863734
1863861
1863957
1864061
1864846
1864922
1865181
1865357
1865728
1865970
1866160
1866695
1866911
1867189
1867588
1867702
1868254
1868515
1868563
1869381
1869512
1869936
1871819
1872129
1872150
1872341
1873192
1873726
1874175
1874838
1875338
1875517
1875543
1875608
1876039
1876109
1876562
1876901
1877880
1877987
1878301
1878388
1878642
1878925
1879156
1879860
1879876
1880174
1880886
1881354
1881527
1882161
1883011
1883226
1884550
1884769
1885453
1885702
1886566
1886567
1886633
1887051
1887190
1887288
1887867
1887944
1888779
1889798
1889875
1890117
1890267
1891310
1891386
1891504
1892428
1892559
1892593
1893029
1893531
1893620
1894786
1894795
1895027
1895044
1895463
1895598
1896434
1897602
1898136
1898423
1899199
1900121
1902022
1902165
1903301
1903345
1903865
1903880
1903975
1903993
1904119
1904601
1905416
1906052
1906054
1906170
1906253
1906402
1906415
1906542
1906752
1907286
1907758
1908702
1909056
1909415
1909796
1910198
1910256
1911056
1911276
1911778
1912886
1912923
1913132
1913292
1913687
1913735
1914109
1914306
1914405
1914406
1914763
1915770
1915831
1915921
1915973
1916399
1917167
1917244
1917251
1917358
1917742
1917800
1917898
1918443
1919048
1919137
1919292
1919641
1919665
1920750
1921136
1921888
1921940
1922293
1922464
1923363
1924186
1924874
1925338
1925390
1925456
1925564
1926718
1926891
1927153
1927284
1927615
1927681
1927750
1928014
1929540
1929840
1930009
1930022
1930379
1931104
1931608
1931952
1933054
1933517
1934623
1934865
1934979
1936034
1936644
1936817
1936922
1937082
1937146
1937543
1937623
1937788
1937840
1938367
1938382
1940103
1940529
1940602
1940917
1941173
1941466
1941774
1942005
1942171
1942907
1942995
1943336
1943570
1943704
1943997
1945050
1945564
1945710
1946293
1946857
1948125
1948582
1948952
1950273
1950455
1950596
1950713
1951799
1952063
1952098
1952783
1952871
1952953
1952979
1953086
1953446
1953732
1953879
1954618
1955201
1955957
1957080
1957166
1958104
1958147
1959135
1959249
1959259
1959507
1959564
1959608
1960478
1961202
1961508
1961712
1961785
1962054
1962374
1962628
1963296
1963689
1963846
1964544
1964836
1965034
1965552
1966120
1966612
1966678
1966840
1967935
1968054
1968412
1969435
1969941
1970354
1970563
1970642
1971422
1971503
1971732
1971885
1972077
1972619
1972670
1972942
1974473
1974600
1975403
1975836
1976196
1976777
1977444
1977837
1978098
1978345
1978790
1979796
1980835
1980844
1981057
1981120
1981346
1981363
1981455
1981523
1982515
1983240
1983341
1983659
1984648
1986301
1986748
1986893
1987212
1987700
1988408
1988647
1989431
1989444
1992337
1992584
1992866
1993871
1994114
1994635
1994757
1994910
1995502
1995799
1995991
1996348
1996655
1996697
1996870
1997009
1997442
1997556
1997559
1998254
1999812
2000311
2000524
2001113
2001721
2002271
2002854
2002918
2002989
2003603
2004202
2004440
2005269
2006363
2006567
2006810
2007218
2007525
2007840
2008792
2008798
2009408
2009435
2009683
2010741
2011004
2011433
2011453
2011540
2011882
2012007
2012776
2013327
2013419
2013626
2014082
2014210
2014259
2014467
2014537
2014587
2015693
2016358
2016470
2017447
2018115
2019112
2019172
2019585
2019934
2020200
2021319
2021933
2022160
2023766
2023812
2024101
2024340
2024397
2024573
2024746
2024856
2024862
2026304
2026878
2027041
2028256
2029032
2029606
2029946
2030132
2030297
2031291
2031310
2031528
2031536
2031840
2032061
2032325
2032349
2032552
2032806
2033347
2033940
2034038
2034306
2034344
2034547
2036407
2037976
2038260
2038735
2038749
2038935
2040722
2041423
2041758
2042785
2043384
2043815
2043925
2044694
2044844
2044847
2044887
2045616
2046308
2046362
2046444
2046660
2046816
2046985
2049158
2049260
2050812
2051424
2051499
2051503
2051541
2051874
2051943
2053020
2053495
2053540
2053769
2053832
2054900
2055282
2055524
2055824
2056272
2056873
2056958
2057089
2057368
2057528
2058177
2059096
2059535
2060009
2060092
2060317
2060676
2060727
2061126
2061931
2062655
2062882
2063624
2063897
2064678
2064903
2064908
2065324
2067418
2067722
2067736
2068159
2068372
2069040
2069085
2069335
2069930
2070382
2070649
2071067
2071312
2071470
2071784
2071812
2072117
2072395
2073142
2073840
2074218
2074332
2074515
2075908
2076577
2077638
2077871
2079792
2080281
2080589
2081130
2081153
2081691
2082975
2083617
2084548
2084554
2084701
2084933
2085606
2086515
2086778
2088409
2088570
2088873
2089084
2089662
2089746
2090150
2090274
2090703
2091368
2092193
2092817
2092853
2092939
2093155
2093753
2093883
2093885
2093909
2094288
2094442
2095162
2095722
2095858
2095869
2097660
2098238
2098469
2098606
2098709
2099027
2099177
2099234
2099268
2101008
2101801
2102277
2102605
2102758
2103899
2104438
2104580
2105417
2105586
2105885
2106091
2106550
2107383
2107646
2107872
2108324
2108861
2109103
2109665
2109666
2109863
2111760
2111976
2112362
2113524
2113598
2113634
2113809
2114151
2115298
2115647
2116414
2116653
2116685
2117260
2117862
2118026
2118371
2118554
2118664
2119037
2119275
2119823
2120017
2120593
2120879
2121362
2121969
2122274
2122671
2122896
2123073
2123114
2124335
2125551
2125633
2125978
2126561
2127939
2129154
2129176
2130029
2130576
2130683
2132139
2132892
2132947
2133266
2133577
2133597
2133728
2134718
2134867
2135016
2135494
2136725
2137428
2138915
2138917
2139539
2140069
2140673
2140845
2140891
2140992
2141047
2141656
2141699
2141957
2142214
2143581
2143840
2144340
2144607
2145018
2145270
2145504
2145831
2145992
2145995
2146393
2147126
2147481
2147964
2148227
2149252
2149559
2149835
2150242
2151315
2152075
2152402
2153857
2154101
2154502
2154804
2155492
2155982
2156194
2157029
2157244
2157972
2158913
2159060
2159252
2159512
2160801
2160878
2161186
2161222
2161304
2161845
2161892
2162393
2164230
2164528
2165364
2165469
2166644
2166830
2167392
2167862
2168041
2168102
2168241
2168842
2168972
2169462
2169930
2169936
2170975
2171224
2172101
2172702
2172858
2173008
2173297
2173500
2173560
2177820
2177969
2178546
2178619
2179132
2179302
2179367
2179437
2179533
2180311
2180698
2180876
2181538
2182339
2182680
2182833
2183032
2183061
2183622
2183655
2184378
2184985
2186544
2186642
2187145
2189730
2190010
2190016
2190072
2190761
2191664
2191844
2191912
2191937
2192395
2192522
2192621
2192808
2193065
2193135
2193395
2193561
2193701
2193712
2194199
2194473
2194589
2194677
2194990
2195014
2195459
2195584
2195739
2196550
2196911
2197447
2197451
2197477
2198971
2199236
2199445
2199595
2199962
2201073
2201430
2202109
2202274
2202653
2203001
2203011
2203055
2203241
2203294
2203358
2203956
2204663
2205835
2205859
2205928
2206051
2206270
2206467
2206839
2206843
2207841
2207876
2209135
2210151
2210570
2210789
2211024
2211701
2211738
2212104
2212171
2212339
2212571
2212886
2213099
2213396
2213695
2214325
2214361
2214545
2215281
2215401
2215985
2216252
2217395
2217397
2217731
2218902
2219978
2220669
2221374
2221469
2221737
2221993
2222200
2222289
2223320
2224125
2224142
2224182
2225055
2225504
2226254
2226479
2226954
2226998
2227783
2228226
2228227
2228528
2228574
2228692
2228803
2229030
2229246
2229332
2229987
2230265
2230502
2230747
2230888
2231206
2233292
2233670
2233671
2233935
2235400
2235660
2236385
2236664
2237677
2238988
2239451
2239462
2239622
2240817
2240877
2242389
2243299
2243390
2244571
2245196
2245224
2245363
2245502
2246879
2246890
2247045
2247112
2247417
2247457
2247513
2247927
2248157
2248363
2248388
2248806
2248821
2248852
2248986
2249153
2249180
2249267
2250291
2250830
2250836
2251186
2251632
2251929
2252004
2252023
2252913
2253182
2253218
2253850
2254694
2255064
2255913
2256201
2257002
2257446
2257840
2258208
2258287
2258727
2258775
2259712
2259768
2259887
2260065
2260669
2260889
2260947
2261417
2263069
2264890
2265166
2265380
2265653
2265775
2266730
2266925
2267138
2267297
2267363
2267518
2268171
2268209
2268666
2269399
2269510
2269597
2269730
2269996
2270143
2270655
2270672
2271133
2272476
2272492
2272626
2272783
2274290
2274965
2274970
2275675
2276605
2276829
2276859
2277516
2277836
2277842
2278161
2278836
2279235
2280014
2280079
2280235
2280283
2280479
2280490
2281404
2281838
2282028
2282573
2282738
2282944
2284304
2284725
2284809
2285194
2285373
2286231
2286239
2286648
2287144
2287333
2287692
2288035
2288219
2288670
2288717
2289246
2290046
2290144
2291949
2292147
2292655
2292999
2294475
2294849
2295624
2296171
2296839
2296855
2296895
2297214
2297440
2297815
2298003
2298305
2298741
2299612
2299823
2299888
2299947
2300225
2300922
2301491
2302900
2303059
2303302
2303321
2304727
2305065
2305913
2306064
2306313
2306630
2307011
2307439
2307547
2308909
2309445
2309453
2309772
2310506
2310750
2310945
2311241
2311361
2312094
2312554
2312763
2312922
2313162
2313973
2315901
2316010
2316125
2317038
2317058
2317346
2317799
2317811
2317940
2317944
2319053
2320012
2320142
2320316
2320355
2321174
2322196
2322517
2322653
2323810
2324497
2325179
2325617
2325701
2325928
2326221
2326609
2326614
2327546
2328502
2328862
2328962
2329317
2330782
2330990
2331087
2331523
2331895
2332147
2333264
2333800
2333849
2334636
2334873
2335193
2335476
2335883
2335928
2336325
2336435
2337010
2337175
2338445
2338912
2339464
2340295
2340535
2340992
2341252
2342120
2342226
2342865
2343297
2344027
2345947
2345950
2346101
2346163
2346425
2346848
2346992
2346998
2347653
2348085
2348804
2350588
2352462
2352516
2353738
2353917
2354833
2354994
2355147
2355178
2355814
2356238
2356684
2356764
2357365
2357490
2358183
2358875
2358890
2360563
2360948
2363154
2363559
2364406
2364678
2365445
2366308
2367341
2367959
2368297
2369526
2369934
2370153
2370525
2371398
2371696
2372436
2372627
2373032
2373944
2373953
2374103
2374244
2376794
2376868
2377977
2378277
2378377
2378623
2379157
2380359
2380373
2380400
2381050
2381316
2382419
2382597
2383129
2383171
2383408
2383678
2384097
2384424
2384476
2385378
2385394
2385856
2386051
2386092
2386184
2386310
2386315
2387049
2387209
2387219
2387596
2388117
2388656
2389792
2391665
2391996
2392326
2392637
2392933
2394144
2394227
2394686
2394886
2394894
2395018
2395288
2395371
2395828
2396605
2397488
2397493
2398017
2398172
2398649
2398650
2398856
2399815
2400654
2401010
2401640
2402391
2403680
2403930
2404020
2404068
2404186
2404265
2405547
2405721
2406007
2406115
2407494
2408206
2409465
2409712
2410085
2410098
2411130
2411447
2411789
2411853
2412346
2413729
2413732
2413765
2414061
2414279
2414341
2415115
2415250
2415279
2415545
2416674
2417270
2418294
2418827
2419452
2419785
2420319
2420817
2421002
2421142
2421327
2421352
2421451
2422655
2423529
2424051
2424465
2426067
2426077
2426860
2428245
2428270
2428979
2430099
2430296
2430918
2431026
2431432
2432410
2432865
2432884
2432962
2433378
2433406
2433589
2433966
2434287
2435104
2435178
2436062
2436612
2436685
2436867
2436941
2438400
2439237
2439875
2440029
2440046
2440130
2440467
2440803
2441241
2441930
2442208
2442489
2442683
2443284
2444061
2444268
2444602
2444696
2445294
2445441
2445446
2446325
2446522
2446614
2446621
2447219
2447765
2448225
2448293
2448496
2448861
2448949
2449469
2449564
2449693
2449943
2450130
2450304
2450514
2450715
2450730
2451685
2451864
2452026
2453642
2454125
2454336
2454652
2454681
2455869
2455890
2456809
2458755
2458894
2459659
2459981
2460856
2461172
2461239
2461790
2462125
2462827
2462861
2462997
2463416
2463503
2463934
2464044
2464149
2464229
2464326
2464600
2464661
2464762
2464820
2465967
2467491
2467786
2468031
2468060
2468104
2468318
2468819
2469183
2469599
2469654
2470010
2470141
2470463
2470961
2471394
2471547
2472827
2473307
2473413
2473574
2473692
2474059
2474063
2474097
2476565
2476850
2477830
2478354
2478403
2478603
2478856
2479279
2479663
2479699
2479719
2479877
2480041
2480480
2481270
2481380
2481524
2481697
2482474
2482516
2482810
2482923
2483114
2483674
2484673
2485313
2485616
2487000
2488208
2489135
2489637
2489841
2490090
2490165
2490547
2491650
2492138
2492658
2493212
2493285
2494134
2494549
2495089
2495269
2495394
2496398
2496678
2497321
2497957
2497981
2498405
2498785
2499085
2499475
2500628
2500742
2500938
2501232
2501275
2501533
2501990
2502153
2502259
2502498
2502945
2503853
2504549
2504672
2505119
2506097
2506926
2508131
2508485
2508641
2508768
2509015
2509302
2509561
2509775
2510005
2510124
2510178
2510373
2510467
2510825
2511169
2511298
2511337
2513550
2513757
2514061
2514990
2515086
2515264
2515906
2515933
2515960
2516685
2516816
2516867
2517069
2517208
2517607
2517766
2520198
2520354
2520588
2520980
2521908
2521965
2521983
2522259
2522486
2522709
2522796
2522936
2523617
2524238
2524310
2524400
2524501
2524588
2525358
2526097
2526153
2526251
2526891
2526898
2527510
2527673
2527869
2528121
2528170
2528775
2528900
2528939
2529086
2529476
2531808
2532218
2532227
2532834
2533510
2533824
2535381
2535603
2535808
2535959
2536020
2537288
2537415
2538361
2538687
2538806
2540732
2540891
2541076
2541094
2541289
2542172
2542827
2543364
2543819
2544132
2544205
2544584
2544722
2545018
2545255
2545462
2546313
2546561
2546925
2546973
2547280
2547578
2547801
2548130
2549733
2549851
2549923
2549999
2550357
2550918
2551007
2551419
2551919
2553297
2554680
2554883
2555807
2556065
2556527
2557231
2557289
2557440
2557668
2558337
2558474
2558584
2558587
2559127
2559911
2559977
2560185
2560225
2560489
2560659
2561084
2562077
2562986
2563853
2564156
2564225
2564729
2565104
2565260
2565580
2565602
2565759
2565902
2565936
2566403
2566518
2566643
2567209
2570877
2571354
2572017
2572488
2572689
2573439
2574070
2574371
2574567
2574588
2574915
2575088
2575145
2575171
2575407
2575664
2576426
2577016
2577122
2577281
2577662
2577710
2577860
2579035
2579438
2579814
2580085
2580588
2580945
2581440
2582021
2582074
2582364
2582634
2584611
2584978
2585521
2586023
2586108
2586355
2586381
2586397
2586778
2587671
2587897
2588560
2589408
2589687
2589777
2589791
2589888
2589934
2589966
2590585
2590850
2591354
2593357
2594356
2594413
2595426
2595712
2595768
2596434
2596890
2597534
2598220
2598642
2599126
2599181
2599355
2599762
2600359
2600655
2601075
2602119
2602391
2602755
2603799
2603837
2604242
2604690
2604803
2605437
2605947
2606226
2609069
2609187
2609189
2609709
2609759
2610761
2610935
2610956
2611758
2611770
2612049
2612141
2612404
2612456
2612732
2613074
2613183
2615438
2615586
2615694
2616112
2617073
2617283
2617443
2618063
2618400
2618572
2619576
2619642
2619684
2620124
2620151
2620565
2620716
2620774
2621285
2621690
2622648
2622719
2622806
2623681
2623706
2623831
2624027
2624402
2625042
2625046
2625793
2625945
2626087
2626255
2626332
2626534
2626751
2627473
2627651
2627724
2628039
2628050
2628569
2628747
2628823
2628952
2629126
2629822
2630302
2630524
2630912
2631331
2632064
2632138
2632472
2633603
2634746
2634784
2635095
2635234
2636012
2636512
2636535
2636657
2636810
2636836
2638945
2639801
2640786
2641228
2641307
2641549
2641590
2641727
2641865
2642282
2642426
2642564
2642567
2643278
2644187
2644478
2644574
2645058
2645419
2645426
2645513
2646014
2647536
2647699
2648104
2649672
2650185
2650446
2652389
2652722
2652850
2653246
2653724
2653847
2654408
2654437
2655022
2655156
2655236
2656103
2656395
2657042
2659797
2660317
2660330
2660440
2660573
2660666
2660809
2660846
2661139
2661369
2661585
2661911
2661975
2662086
2662400
2663206
2663280
2664121
2664965
2665679
2666515
2668052
2668738
2668795
2669725
2669812
2669879
2671274
2671893
2672342
2672656
2673335
2674268
2676223
2676548
2677074
2677225
2677226
2677501
2678031
2678571
2679158
2679520
2679685
2679721
2680785
2682427
2684634
2684821
2685824
2685899
2686361
2686791
2686805
2687331
2687723
2687859
2688330
2688645
2688892
2688927
2689696
2689950
2690712
2691271
2691636
2691839
2692519
2692612
2693120
2693800
2694260
2694480
2694653
2695210
2695297
2696976
2698504
2698911
2699372
2699714
2701278
2701289
2701447
2701555
2702015
2702417
2702437
2703026
2703137
2703267
2703522
2703676
2703810
2704318
2704374
2704649
2704658
2705177
2705243
2705309
2705894
2706162
2706236
2706259
2706363
2707192
2707340
2707466
2707664
2707697
2708136
2710007
2710378
2710565
2710767
2711525
2712162
2713088
2713876
2714660
2714848
2715342
2715739
2716206
2716246
2716257
2717438
2717997
2718160
2718275
2718605
2718768
2719387
2720680
2720751
2721429
2721569
2722164
2722254
2723041
2723731
2723946
2725439
2725850
2726230
2727350
2727428
2727532
2727575
2728153
2728156
2728742
2729265
2729959
2729996
2730169
2730491
2730614
2731738
2732505
2732706
2733097
2733261
2733578
2734610
2735274
2735290
2735624
2736220
2736884
2737289
2737307
2738523
2738531
2739226
2741390
2741670
2741985
2742175
2743265
2743360
2743611
2744259
2745288
2745554
2745679
2745747
2746345
2746611
2747149
2747498
2747505
2747596
2747862
2747968
2748114
2750234
2752311
2753184
2753362
2754046
2755465
2755700
2756765
2757369
2757762
2757886
2758623
2759083
2759285
2760538
2760603
2760983
2761260
2761954
2762357
2762476
2762708
2763163
2763233
2763489
2763848
2764215
2764973
2765319
2765711
2766733
2768159
2768457
2768908
2769076
2769372
2769470
2770222
2770343
2770647
2771329
2771569
2771617
2771632
2771664
2771880
2772202
2772271
2772879
2773393
2773463
2773487
2773488
2773602
2773865
2774214
2774994
2776075
2777154
2777189
2777627
2777706
2777846
2778572
2778638
2778779
2778828
2778995
2779304
2779541
2779669
2779720
2779789
2780256
2781153
2781388
2781410
2781475
2782069
2782091
2782144
2782603
2782691
2783522
2783570
2784838
2785138
2785626
2785702
2785987
2787006
2787096
2787097
2787396
2787526
2788015
2789018
2789036
2789360
2790491
2790544
2790988
2791008
2791345
2791371
2791591
2792210
2792339
2793396
2793520
2794239
2794332
2794419
2794654
2796390
2797160
2797546
2798478
2798874
2799108
2799274
2800079
2800402
2800851
2802118
2802243
2804008
2805021
2805144
2805960
2806481
2806720
2807429
2807641
2807947
2809202
2809386
2809393
2809846
2810655
2811165
2811267
2811353
2811435
2811489
2811980
2812189
2812920
2812923
2812945
2812995
2813199
2813347
2813398
2813647
2813782
2814277
2814342
2814514
2814715
2814902
2815137
2815875
2816625
2817228
2817817
2817822
2819909
2820156
2820465
2821518
2821553
2821557
2821825
2822067
2822509
2822884
2822902
2823314
2823852
2824416
2824606
2825122
2825320
2825564
2826319
2826561
2826862
2826944
2827079
2827518
2827879
2828570
2828710
2828866
2829021
2829259
2830784
2831427
2831574
2831709
2834171
2834476
2834811
2834888
2835481
2836057
2836277
2836812
2838931
2838992
2839401
2839485
2839626
2840704
2840848
2840982
2841404
2841537
2841623
2842197
2842230
2843014
2844213
2844637
2845218
2845276
2846378
2846661
2846894
2848591
2848639
2848928
2851077
2852924
2853052
2853166
2853199
2853269
2853875
2854201
2854685
2854723
2854981
2855056
2855500
2855614
2855805
2856074
2856132
2856135
2856882
2858020
2858707
2858935
2859408
2859474
2859872
2859902
2860127
2860413
2860590
2860732
2861019
2861427
2861840
2863075
2864062
2864192
2864497
2865233
2865402
2865799
2865993
2866031
2866306
2867165
2867357
2867588
2868376
2868965
2869197
2869408
2869749
2870188
2870261
2870887
2871501
2871662
2872414
2872796
2873203
2873296
2873379
2873416
2873883
2873918
2873923
2874632
2875566
2875831
2876839
2877287
2877475
2877749
2877788
2878410
2878501
2878801
2879299
2879308
2879917
2879971
2881152
2881232
2881828
2881988
2882018
2882494
2882758
2883192
2883354
2883514
2883896
2884082
2884549
2884772
2885465
2886258
2886702
2887111
2889493
2889577
2889811
2889915
2890387
2890614
2891097
2892970
2893183
2893419
2894020
2895392
2895401
2896610
2897091
2897843
2898011
2898901
2899570
2899725
2899783
2899976
2899985
2900288
2900296
2901059
2901578
2901897
2901902
2902130
2902136
2902486
2903114
2903370
2904695
2904784
2905677
2906186
2906204
2906777
2908277
2909181
2909241
2909361
2909495
2909539
2909668
2909689
2910201
2911246
2911611
2912503
2912969
2912996
2913481
2913716
2913800
2914125
2914267
2914473
2914820
2915005
2915689
2915717
2916495
2917962
2918680
2918790
2919245
2919293
2920269
2920288
2920449
2921337
2921515
2922577
2922775
2923533
2923538
2923596
2923641
2924557
2925462
2925629
2926157
2927565
2927924
2928201
2928799
2928843
2929087
2929278
2929891
2929932
2930057
2930208
2930448
2931100
2931175
2932414
2933059
2933155
2933460
2934179
2934260
2934724
2937609
2937857
2938225
2938520
2938610
2940334
2940482
2941280
2942067
2942077
2943124
2943319
2943457
2943863
2943956
2943998
2946241
2946428
2946756
2947125
2947499
2947527
2947765
2948039
2948110
2948130
2948524
2948617
2948726
2948861
2948862
2949288
2949610
2950767
2951151
2952173
2952318
2953382
2953624
2953679
2953728
2953918
2954027
2954981
2955149
2955217
2955285
2955532
2956409
2956942
2957201
2957207
2957366
2957587
2957667
2957718
2958105
2958414
2958908
2958909
2960369
2960391
2960504
2961345
2961759
2962046
2962304
2962321
2962486
2962609
2962669
2963347
2963374
2963454
2963615
2963635
2964246
2964856
2965001
2967593
2967961
2968637
2968793
2968953
2969003
2969806
2970140
2970362
2970453
2970587
2970635
2971982
2973658
2974395
2974720
2975106
2975139
2976755
2976947
2977071
2978082
2978108
2978386
2979641
2979914
2979924
2979994
2980297
2980559
2980851
2981860
2983095
2984037
2984168
2984690
2985181
2986218
2987860
2987991
2988471
2988578
2988673
2988958
2989034
2990880
2991802
2992221
2994270
2994703
2995486
2995897
2996304
2996573
2996744
2997049
2997061
2997253
2998458
2998598
2999010
2999148
2999498
2999872
3000732
3000762
3001029
3001512
3001557
3001967
3002701
3003299
3003970
3004565
3005024
3005322
3005925
3005966
3005990
3005994
3006641
3007631
3008713
3008748
3009223
3009268
3009361
3009787
3010542
3011007
3011233
3011340
3011578
3012178
3012504
3012549
3012659
3012776
3012839
3013225
3013400
3013402
3013611
3014910
3015074
3016196
3017808
3017858
3018633
3018999
3019356
3019513
3019791
3020323
3020417
3020697
3021021
3021817
3021920
3022204
3022225
3022290
3022808
3022860
3022963
3023523
3023583
3024256
3024626
3026918
3027391
3027551
3027615
3027938
3028090
3028691
3028909
3029271
3029338
3029824
3030261
3031084
3031174
3031517
3032149
3032182
3032859
3033118
3033756
3033818
3034400
3034663
3035213
3036021
3036232
3036689
3036808
3036855
3037079
3037701
3037841
3037934
3039342
3039632
3039976
3040421
3040656
3040787
3041183
3041261
3041573
3041844
3042191
3042333
3043986
3044485
3044492
3045039
3046046
3047168
3047194
3047462
3047938
3048421
3048920
3049366
3049677
3050002
3050278
3050787
3052013
3052271
3052505
3052678
3053265
3053285
3053359
3054029
3054736
3055227
3056304
3056537
3056601
3056890
3057418
3057448
3058435
3058787
3059644
3059878
3059908
3060295
3060464
3060936
3061427
3061563
3061857
3062401
3062744
3063039
3063464
3063770
3064195
3064371
3065268
3065545
3066328
3066589
3066594
3067687
3068128
3068381
3068408
3068457
3068639
3068946
3070049
3070794
3070938
3071887
3072166
3073238
3073374
3073395
3073407
3073420
3073424
3074251
3075546
3075574
3075899
3077275
3077323
3077640
3078053
3078193
3078597
3078629
3078732
3080133
3080243
3080506
3081073
3081680
3081977
3083123
3084252
3085279
3085345
3086349
3086773
3087948
3088229
3088838
3089361
3089570
3090079
3090385
3090390
3091233
3091692
3092781
3092943
3093304
3094199
3095314
3095380
3096313
3096347
3096600
3099990
3100012
3100224
3100492
3100669
3100703
3101418
3101480
3101496
3102460
3102755
3102874
3103570
3103823
3104993
3105065
3105669
3105823
3105842
3106019
3106316
3106417
3106562
3107285
3108048
3110229
3110642
3111168
3111314
3112375
3113118
3113195
3113204
3113414
3113568
3113675
3114004
3114105
3114565
3115011
3115076
3115320
3115578
3116033
3119034
3119407
3119696
3119916
3120191
3121350
3121954
3122173
3122743
3123022
3123540
3123787
3124043
3124871
3124952
3125516
3125646
3125949
3126025
3127253
3127283
3127450
3127492
3127886
3127902
3128791
3129297
3129307
3129927
3130495
3131277
3131509
3132230
3132273
3132846
3132901
3133042
3133133
3133403
3133443
3133595
3133690
3134120
3134207
3134417
3135188
3135287
3135444
3135916
3136361
3136661
3136841
3137217
3137283
3137629
3137809
3138771
3138976
3139215
3139347
3139763
3140334
3141031
3141566
3141743
3142175
3142246
3143093
3143110
3143132
3143839
3143952
3144735
3145582
3145599
3147165
3148171
3149219
3149583
3150289
3150560
3150716
3151705
3152000
3152188
3153428
3153574
3153760
3153799
3153802
3153875
3153950
3154292
3154320
3154644
3154892
3154898
3155527
3156451
3156507
3156662
3157435
3157955
3158433
3159422
3159813
3161382
3161448
3162939
3163267
3163404
3163409
3163466
3163552
3164166
3164207
3165110
3165426
3165909
3166647
3166964
3166990
3167686
3167866
3168003
3169073
3169202
3170488
3170928
3171313
3171547
3171797
3171892
3172584
3173286
3173409
3173923
3173996
3174217
3175249
3176145
3176891
3176992
3177951
3177988
3177995
3178324
3178455
3178563
3178851
3179401
3179512
3180135
3180287
3180530
3180974
3181036
3182173
3182191
3183422
3184028
3184541
3185296
3185706
3185844
3186564
3186773
3187425
3187561
3187754
3187930
3188122
3188216
3188796
3189155
3189948
3190109
3190431
3190536
3191360
3191607
3192275
3192328
3192483
3192638
3192932
3193089
3194185
3195348
3195717
3196779
3197357
3197497
3197563
3198258
3198440
3198816
3199084
3200091
3201161
3201457
3201599
3201954
3202004
3202103
3202156
3202437
3202503
3202882
3202944
3203773
3204488
3204849
3205031
3205092
3205977
3207159
3207193
3207305
3207480
3207486
3208253
3208321
3208584
3210145
3210661
3211241
3211508
3211699
3212533
3213119
3213127
3213368
3213430
3213573
3213738
3214132
3214353
3214971
3215390
3216115
3216336
3216467
3217056
3218416
3218503
3218530
3218847
3219513
3219555
3219619
3219668
3219750
3220300
3220650
3221959
3222012
3222399
3222496
3223945
3224573
3224733
3224826
3229140
3229142
3229390
3229622
3230108
3230422
3230699
3230742
3230976
3233360
3233777
3233796
3234146
3234952
3235003
3236367
3236624
3236785
3237271
3239120
3239575
3239659
3239881
3240053
3241442
3242797
3242839
3242878
3243178
3243704
3243878
3244616
3244695
3245075
3247557
3247565
3248774
3249349
3249627
3250396
3250413
3251343
3252432
3252597
3252600
3253288
3254503
3254591
3254775
3254921
3255639
3255706
3256546
3257136
3257883
3258048
3259600
3260117
3260354
3260502
3260705
3260755
3260947
3261359
3261755
3261972
3262137
3262836
3263009
3263514
3263724
3263955
3264229
3265358
3265760
3266482
3266532
3268930
3269019
3269773
3269850
3270367
3270441
3271347
3271635
3272091
3272402
3273107
3273875
3274082
3274822
3274887
3274952
3275030
3275034
3275310
3275702
3276064
3276261
3276563
3276909
3277273
3277542
3277698
3277799
3278169
3278239
3278258
3278263
3278493
3279076
3279336
3281426
3281588
3283176
3283282
3283309
3283726
3284287
3284637
3284839
3284959
3285242
3285672
3286119
3287360
3287477
3288352
3288980
3289407
3290464
3291150
3291294
3293099
3293594
3293695
3294638
3295123
3296154
3296489
3296842
3297845
3298111
3298171
3298351
3298514
3298573
3299606
3299675
3299781
3299958
3300448
3300853
3300879
3301908
3302163
3302507
3303008
3303022
3303721
3304116
3304635
3304655
3304709
3305097
3305153
3305168
3305290
3305469
3305577
3306042
3306154
3306172
3306743
3306802
3307354
3307727
3308463
3308852
3309114
3309771
3309986
3310020
3310520
3311272
3312274
3312327
3312582
3313128
3314557
3315394
3316365
3317032
3319844
3320609
3321241
3321691
3321695
3321786
3322813
3323246
3323270
3323303
3323344
3323860
3324160
3324252
3324515
3325183
3326009
3326173
3326327
3326788
3326810
3326878
3327323
3327355
3328243
3328770
3328889
3329266
3329441
3329486
3329690
3329995
3330099
3330646
3330696
3330923
3331665
3332123
3332524
3332710
3332870
3332883
3333183
3333198
3333204
3333283
3333478
3334176
3334425
3334939
3334953
3336658
3336712
3336788
3336822
3336846
3337195
3337251
3337529
3339392
3339728
3340440
3340926
3341615
3341659
3341923
3342075
3342775
3342945
3344512
3344681
3344756
3345758
3345861
3346486
3346741
3346974
3348338
3348356
3348628
3348868
3349170
3349320
3349680
3350557
3351346
3352183
3352246
3353025
3354067
3354351
3354455
3355340
3355899
3355903
3356132
3356247
3356447
3356639
3356683
3356732
3357266
3357289
3357386
3357738
3357845
3358304
3358357
3358661
3358682
3358990
3359042
3359467
3360678
3362307
3362459
3362470
3362727
3362885
3363159
3363337
3363524
3363730
3364836
3365138
3365192
3365616
3366466
3367018
3367506
3369279
3369772
3370204
3370508
3370610
3371315
3372331
3372878
3373306
3373785
3373932
3374412
3374594
3374712
3375099
3376112
3376513
3376793
3376899
3377368
3377698
3377891
3378227
3378283
3378772
3378889
3379019
3379307
3379853
3379973
3380475
3380762
3380923
3381637
3383671
3384190
3384329
3384363
3384554
3385457
3387215
3387434
3387469
3388705
3389115
3389210
3389741
3390607
3391183
3391588
3391714
3391721
3391734
3392229
3392462
3392695
3392964
3393141
3393143
3394097
3394346
3394763
3395258
3395608
3395988
3396558
3396789
3398429
3399051
3399540
3399825
3400523
3400524
3400717
3400851
3401017
3401047
3401180
3401905
3402192
3402291
3402792
3403577
3404038
3404071
3404367
3404673
3405168
3405518
3405520
3405827
3405850
3405878
3406736
3407031
3408584
3408621
3408865
3408902
3409478
3409521
3411034
3411115
3411172
3411419
3411708
3412055
3412134
3412317
3412734
3412903
3413667
3413864
3414009
3414210
3415136
3415245
3415301
3415775
3416011
3416587
3416851
3416865
3416936
3417209
3417501
3417563
3417658
3417894
3418183
3421428
3422204
3422828
3424184
3424357
3424854
3425098
3425424
3425688
3425870
3426124
3427275
3427480
3429633
3430321
3430582
3430638
3430689
3430690
3431046
3432448
3433003
3433114
3433220
3433829
3433866
3435404
3436171
3436239
3436967
3437281
3437583
3438114
3438669
3438678
3438838
3439420
3440074
3440874
3441144
3441398
3441987
3442786
3443121
3443749
3444014
3444781
3445334
3445364
3446094
3446262
3446287
3446745
3447184
3447473
3447691
3448471
3448544
3448771
3448885
3449246
3450053
3450150
3450342
3450406
3450408
3450920
3451248
3451487
3451653
3451885
3452498
3452630
3453250
3454813
3454897
3455062
3455584
3455609
3455738
3455873
3456097
3456296
3457118
3457174
3457225
3457774
3458506
3459267
3460039
3460079
3460436
3460687
3461241
3462095
3462431
3462760
3462795
3463966
3466031
3466757
3466931
3468379
3469247
3469383
3470486
3470702
3470986
3471537
3471640
3472208
3472540
3472734
3472928
3472973
3473098
3473243
3473690
3473838
3473840
3473896
3474067
3474805
3475055
3475946
3476319
3477426
3477566
3477636
3478093
3478263
3478280
3478640
3478720
3479038
3479119
3479439
3479715
3479952
3480027
3480188
3480915
3481135
3481243
3481461
3481517
3481732
3482716
3483454
3483471
3484734
3485170
3485656
3486287
3486956
3487096
3487803
3488183
3488398
3489660
3492453
3492587
3492800
3493421
3493443
3493733
3494055
3494352
3494378
3494503
3494642
3495306
3495344
3495365
3495438
3495576
3496109
3496252
3496395
3496633
3497206
3497732
3497849
3498831
3498890
3499371
3499545
3499585
3499649
3500088
3500234
3501655
3504042
3504089
3504279
3504480
3504690
3504896
3506075
3506107
3506711
3506890
3507292
3507501
3509204
3509669
3510209
3510538
3511094
3511365
3511757
3512238
3512855
3512928
3513249
3513973
3514014
3514078
3514177
3514377
3515418
3515487
3515703
3515941
3516304
3516670
3517234
3517604
3517758
3517958
3519364
3519654
3521193
3521788
3522260
3522780
3522971
3523135
3523145
3523770
3524196
3524458
3524727
3525270
3525738
3525778
3525787
3528103
3528582
3528731
3529094
3529587
3529637
3529835
3530114
3530179
3530809
3531026
3531176
3531601
3532025
3532304
3532415
3532803
3533227
3533363
3533371
3534942
3535871
3536210
3536451
3536517
3536940
3537083
3537738
3539149
3539879
3540955
3540966
3541249
3541751
3541768
3542138
3544398
3544801
3544856
3545028
3545514
3545821
3546087
3546938
3547140
3549567
3550763
3550956
3551035
3551316
3551346
3553780
3554056
3554314
3554338
3554460
3555278
3555292
3555495
3555521
3555802
3557046
3557361
3557515
3558091
3558135
3558934
3559211
3559512
3559543
3559747
3560126
3560205
3560710
3560730
3560748
3561109
3561681
3561758
3561772
3562294
3562322
3562531
3563418
3563440
3563853
3564511
3565086
3565112
3565672
3565745
3565770
3565997
3566004
3566715
3567103
3567633
3567856
3568472
3568488
3568663
3569096
3569928
3570410
3570783
3571004
3571204
3571732
3571761
3572022
3573372
3573485
3574015
3574059
3576281
3576726
3578614
3578619
3578958
3579401
3579605
3580282
3580509
3580968
3581016
3581057
3581738
3581766
3581785
3581823
3581919
3582027
3583195
3583257
3583415
3585416
3585790
3586052
3586963
3587346
3587352
3588715
3589018
3589365
3589882
3590232
3590536
3592234
3593263
3593356
3593765
3593984
3594072
3594559
3595141
3595536
3595661
3596300
3596303
3596651
3596795
3597756
3597767
3597919
3598102
3598323
3598572
3599023
3599185
3599553
3600148
3600942
3601840
3602140
3602172
3602230
3603838
3603891
3604314
3604371
3604814
3604827
3606134
3606156
3606226
3606385
3606599
3607156
3607309
3608236
3608482
3608507
3609002
3609629
3609935
3610022
3610229
3610442
3610755
3610921
3611092
3611121
3611293
3611592
3611597
3611603
3611682
3611873
3612315
3612373
3612548
3612914
3613449
3614569
3614891
3615216
3615885
3615912
3616012
3617190
3617216
3617673
3618478
3618788
3618828
3619285
3620812
3621275
3621365
3621793
3622447
3622887
3623199
3623264
3623478
3624825
3625203
3625448
3626144
3626542
3627179
3627374
3627499
3627640
3627819
3629403
3629554
3630068
3630587
3630707
3631008
3631488
3631510
3632559
3633429
3635806
3636939
3637070
3637413
3638729
3639080
3639742
3639919
3640387
3640395
3640436
3641027
3641121
3641260
3641363
3642074
3642081
3642301
3643109
3643308
3643310
3644168
3644300
3644316
3645214
3645622
3646094
3647067
3647319
3647560
3648031
3648876
3649587
3650002
3650035
3650320
3650708
3651185
3651483
3652199
3652410
3652476
3652998
3653364
3653836
3653921
3653963
3653964
3654396
3654973
3655043
3655574
3655827
3655886
3656596
3656763
3656902
3657937
3658503
3659711
3659894
3660081
3660097
3660804
3660903
3661882
3662081
3662365
3663906
3664149
3664365
3664441
3664514
3665775
3665814
3666331
3667208
3667330
3667559
3667855
3667905
3669645
3670027
3671100
3671356
3671904
3672025
3672043
3672061
3672116
3673098
3673757
3674517
3674910
3675139
3675543
3675546
3675553
3675733
3676053
3676279
3676685
3677631
3678069
3678545
3678594
3679394
3679571
3680697
3681860
3682550
3682564
3682620
3682636
3683048
3683535
3683651
3684145
3684871
3685593
3685669
3686110
3686551
3686861
3688441
3692159
3693853
3694223
3694822
3695186
3695304
3695541
3697146
3698265
3698402
3698551
3699897
3700372
3700387
3700508
3701373
3701598
3701774
3702665
3702667
3702866
3703040
3703693
3704364
3705061
3705314
3705441
3705900
3706460
3706462
3707400
3707906
3708239
3708786
3709251
3709311
3709932
3710175
3710340
3710477
3713492
3713636
3714211
3714368
3714643
3714888
3714915
3714980
3716992
3718723
3719572
3719639
3719936
3720145
3721219
3721283
3721371
3721428
3721660
3723032
3723267
3724356
3725117
3725127
3725273
3725420
3725432
3725721
3725877
3728490
3729215
3729330
3730657
3730705
3731190
3731229
3732083
3732603
3732959
3733250
3733512
3733530
3733793
3733973
3734111
3734454
3734664
3734809
3735774
3736368
3736683
3737200
3737379
3737759
3737878
3738768
3739091
3739550
3739781
3740379
3741363
3741374
3742473
3743159
3743508
3743650
3743759
3743906
3744279
3744883
3745179
3745755
3746240
3746959
3747401
3748509
3748758
3748865
3749145
3750511
3750616
3750924
3751727
3751944
3752196
3753319
3753634
3754064
3755914
3756046
3756262
3756452
3757190
3757209
3757316
3758231
3758766
3758927
3758979
3759373
3759841
3760427
3760638
3761268
3761320
3761759
3762278
3762594
3762974
3763393
3763406
3764353
3764608
3765124
3765981
3767184
3768004
3768274
3768314
3768520
3769526
3770268
3771351
3771361
3772032
3772086
3772533
3772960
3773804
3774693
3775115
3775804
3776521
3776540
3777041
3777374
3777667
3778726
3779061
3779262
3779364
3779414
3780195
3780514
3780897
3780914
3781652
3782928
3784464
3785214
3785612
3786257
3786302
3786802
3787240
3787788
3788062
3788128
3788398
3788578
3789248
3789283
3789781
3790259
3790503
3790660
3791294
3791335
3791938
3792408
3792548
3793330
3793406
3793796
3793868
3794784
3794885
3795062
3795157
3795166
3796143
3796270
3796745
3796908
3797076
3797227
3797723
3797894
3798384
3798561
3798630
3798707
3800088
3800316
3800318
3800501
3800901
3801155
3801896
3802331
3802353
3802403
3802840
3803798
3804096
3804320
3804334
3804425
3804455
3804467
3805268
3806506
3806639
3807893
3808023
3808135
3808382
3809841
3809917
3809931
3810255
3810759
3810766
3812291
3812982
3813019
3813178
3815086
3815823
3816697
3816791
3817084
3817400
3817470
3818481
3819864
3820603
3822200
3822452
3822492
3823609
3824133
3824492
3824745
3825266
3825348
3825411
3825850
3825865
3826086
3826404
3826858
3827090
3827118
3827460
3828033
3828095
3828112
3828366
3828899
3829348
3829456
3829506
3829719
3829983
3830019
3830078
3830118
3830744
3830776
3831117
3831583
3832639
3832830
3832939
3832991
3833330
3833495
3833519
3833724
3833912
3834319
3834424
3834505
3834554
3834566
3834579
3834678
3836840
3837385
3837405
3837643
3837704
3838308
3838402
3838708
3839241
3839459
3839728
3839790
3839796
3840298
3841211
3841617
3842305
3842504
3843071
3843151
3844082
3844585
3845363
3846452
3846520
3846697
3847315
3847525
3847620
3847641
3849164
3849380
3850699
3851449
3851725
3851901
3851930
3852880
3853386
3853553
3853564
3854001
3854004
3857215
3858180
3858237
3859092
3859297
3859304
3859540
3859554
3860481
3860580
3860590
3861442
3861788
3862130
3863538
3864150
3864652
3866113
3866529
3866841
3866949
3867001
3867112
3867127
3867772
3867803
3867947
3867988
3868335
3868427
3869130
3869180
3870039
3870302
3872218
3872234
3872569
3873213
3873231
3873997
3874682
3875217
3875797
3876169
3876478
3877237
3877333
3877485
3879151
3879207
3879325
3879537
3879627
3879815
3880268
3880354
3880375
3880803
3881303
3882897
3883095
3883741
3883802
3884419
3884498
3884805
3885105
3885420
3885886
3886107
3886482
3886597
3886642
3887450
3887752
3887833
3888044
3888684
3889079
3889508
3889857
3889866
3890342
3890476
3891577
3892341
3892743
3893039
3893484
3893599
3893640
3893941
3894753
3895032
3895232
3895296
3895329
3895593
3896220
3896235
3897184
3897582
3897760
3898840
3899765
3900000
3900208
3900997
3901359
3901746
3902860
3903292
3903325
3903641
3903901
3905301
3905380
3905967
3906460
3906824
3907146
3908018
3908481
3908594
3909269
3909348
3910158
3910505
3910971
3911225
3911248
3911662
3912772
3913260
3913700
3913995
3915035
3915397
3915825
3915892
3915893
3916726
3916839
3916868
3917684
3917769
3917944
3918745
3918879
3919222
3920017
3920538
3920709
3920771
3921044
3922547
3922586
3923076
3923171
3923691
3923879
3924012
3924015
3924162
3925769
3926945
3927075
3927168
3927434
3928680
3928683
3928728
3929468
3930989
3931114
3931405
3932060
3932105
3932116
3932913
3933577
3933658
3934445
3936480
3936529
3936568
3937514
3938032
3938212
3938472
3939854
3941569
3941926
3941989
3942248
3942654
3942785
3942861
3943036
3943354
3944440
3944629
3945289
3945372
3945899
3945986
3946105
3946774
3947215
3947459
3948389
3949372
3949777
3950372
3950633
3950712
3950817
3952108
3953553
3954090
3955140
3955793
3956052
3956546
3957315
3957539
3958048
3958095
3958498
3958871
3958895
3959239
3959480
3959776
3960063
3960146
3960178
3960263
3960273
3961008
3961225
3961372
3961481
3962147
3962505
3962512
3963599
3964135
3964295
3964534
3965368
3965467
3965937
3966297
3966411
3966514
3966719
3967315
3967584
3967730
3968343
3968901
3970325
3970439
3971110
3972054
3972285
3972796
3973153
3973304
3974112
3974398
3974558
3975374
3975495
3976641
3976761
3976825
3977192
3977474
3977958
3977970
3978581
3979222
3979902
3980145
3980918
3981031
3981250
3982467
3982630
3983623
3983656
3983678
3984532
3984552
3985764
3986354
3986887
3989828
3990038
3990399
3990470
3990913
3991998
3992042
3992473
3993187
3993602
3993636
3993762
3993929
3994041
3994048
3994608
3994619
3995729
3996132
3996459
3996528
3996636
3996791
3996828
3997604
3998409
3998607
3998625
3998894
3999250
3999844
3999855
4000007
4000339
4001094
4001564
4001594
4003757
4004467
4005223
4005295
4005577
4005700
4005809
4006074
4006117
4006513
4006521
4007263
4007926
4008056
4009197
4009484
4009546
4010062
4010326
4010511
4010512
4010847
4011329
4011732
4012789
4013065
4013325
4014109
4014205
4014282
4014343
4014820
4015143
4015303
4015561
4015900
4016821
4018220
4018322
4018600
4019086
4019572
4020848
4021231
4021725
