921
1332
2415
2538
3505
3507
3789
3883
4106
4331
4813
4877
5038
5106
5811
7014
7023
7357
7545
8640
8760
9242
10321
10367
10769
11342
12205
12803
12805
13740
13967
14285
14368
15765
17212
17237
17374
17877
18315
19337
19914
20390
22340
22381
22616
24243
24809
25166
25791
26086
26696
27373
27517
27944
28018
28692
28940
29078
29190
29866
30381
30548
31014
31128
31136
31158
32732
33968
34077
34490
34693
35292
35454
35480
35928
35939
36570
36585
36689
36917
37539
37644
37744
38539
38831
39297
43049
43367
43382
43585
43744
43940
44256
44303
44942
45803
46192
46478
46926
46954
47761
47896
47954
48102
48290
48482
48903
48964
49343
49412
49623
49634
50249
50324
50473
50484
51093
51287
51722
51958
51986
52722
53402
53853
54056
54065
54979
55146
55611
55729
55976
56797
57585
57900
57947
58383
58701
58745
58839
59179
59246
60265
60406
60710
60943
61146
61192
61212
62182
62283
62785
62879
63240
63258
63340
63390
63801
63967
64279
65025
65179
66246
67725
68123
68306
68753
68920
68935
69071
69661
69734
70749
71478
71590
71837
71918
73074
73164
73715
74273
74726
74802
75327
76182
76258
78352
79400
79680
79730
80496
80721
80971
81405
82341
82390
82573
83641
83651
84284
84764
84843
84950
85002
85055
85486
85636
86346
86920
87125
87517
87658
88110
88402
89376
90585
90893
91183
91257
91429
91705
92033
92090
92312
92322
92462
93077
93692
94523
94851
95401
95630
96004
96013
96312
98513
100658
101297
102811
103147
103520
104003
104272
104307
105554
105958
107019
107212
107214
107562
107897
107921
108002
108376
108953
109529
109701
110513
110796
111135
111427
111763
112110
112125
112291
113710
113928
114007
114172
115289
115323
115560
115651
115657
115923
116797
116878
117608
117684
117772
117871
119135
119320
119479
119963
120563
121008
121137
121220
121353
121550
121656
121905
121921
122371
123457
123600
124054
125492
126087
126277
126570
127898
128572
128662
129688
131559
131698
132385
132510
132676
133676
133784
133836
133852
133961
134089
134762
135273
135522
135774
136436
138077
138637
138640
138693
139177
139956
140794
141430
142542
143043
143061
143913
144254
146027
146889
147837
147847
148435
148504
148960
149536
149872
150222
150597
150622
151004
151336
151784
152375
153622
154059
154156
154407
154822
155546
155559
155925
156027
156586
156963
157585
158165
158235
160547
161023
161030
161167
161293
161304
161349
161793
162100
162163
162792
162938
163055
163071
163291
163607
166125
167871
167965
169653
169668
169971
170002
170885
172457
172629
172898
173063
173542
173613
173824
174691
174700
174876
175694
176805
177194
177814
178080
178393
178553
179224
179225
179531
180497
180693
180799
180830
181388
181477
181876
182402
182475
182530
182594
182722
182898
183116
183147
183278
183847
184208
184541
184683
184852
184888
185199
185701
185768
186024
186159
186528
187764
188497
189071
189742
190312
190506
190807
190864
191743
193233
193303
193369
193781
194801
195237
195405
195904
196245
197019
198240
199121
199373
200040
200788
200897
201726
202243
202492
202925
202937
203248
204039
204096
204500
204653
204771
205263
205767
209458
210274
210347
211586
212331
212833
213119
214752
214960
215256
216786
216798
216875
217113
217228
218063
218190
218543
219379
219789
220688
221167
221236
221551
222217
222433
222539
222927
223088
223278
223633
223962
223986
224579
224631
224708
225050
226140
226201
226908
227148
227285
227883
229236
230287
230414
230524
230722
232145
232600
232644
232649
233203
234132
234287
234505
234735
234836
235181
235532
235716
235805
235905
237648
239256
239618
239938
240584
241027
241997
242448
243670
244212
244538
245257
245790
246793
247096
247988
248409
248980
249633
249709
250024
250063
251147
251336
251537
251991
252142
252331
253211
253303
253617
254171
254677
254689
254741
255209
255233
255381
255856
256629
256667
256671
257337
257564
258321
259005
259155
259241
259393
259451
260623
261055
261082
261128
261710
262516
262591
262677
262797
263422
265159
265791
265998
266044
266057
266246
267407
267541
269039
269045
269099
269406
269459
269695
269774
270088
270316
270322
270573
270764
272033
272817
273451
273653
273778
274321
274934
275573
275618
275728
275788
276053
276146
276160
276224
276356
276848
277400
277442
277972
278242
280394
280564
280930
281482
281866
282149
282284
282736
282786
283333
283444
283803
284353
286759
286823
286877
286972
287019
287692
287847
288417
288575
288782
289373
289410
289800
289836
289847
290082
290471
291652
292578
293353
293440
294244
294267
295008
295230
295270
295607
295791
295830
296354
296812
296828
297576
297683
298357
299221
299292
299882
300405
300706
302086
302846
303229
303267
303668
303751
303770
304661
305083
305669
306066
306140
306309
307935
308614
310147
311097
311744
311883
312096
312456
312909
312952
313045
314342
314633
315210
315275
315749
316160
316312
316872
316890
316941
318076
318080
318738
318927
319078
319386
319681
320085
320191
320288
320302
320333
320390
321274
321446
321992
322399
322483
322825
323095
323621
323847
323900
324395
325019
325297
325955
326381
326438
326730
327125
327207
327450
327633
327802
327831
327911
328514
330189
330235
330273
330927
331661
332366
332459
334658
335341
335904
336062
336857
337075
337433
337568
338814
338969
339826
340327
342082
342745
342989
343159
343447
343471
344252
344352
344386
344424
345832
345864
348183
348703
348758
349427
349614
350248
350392
350658
351384
351800
352135
354977
354992
355137
355794
356941
357232
357600
357789
357934
357940
358066
358549
358699
358733
358880
359035
360182
360303
361649
361679
361832
364656
365516
365682
366570
366928
367235
367407
368280
370196
371216
371283
371413
374186
374260
374388
374824
374992
375026
375335
375449
375480
375820
376005
376086
376221
376242
376568
376719
377180
377292
377405
377875
377925
378800
379584
380123
381087
381290
381866
382016
382475
382573
382829
384149
384157
384361
384692
384763
385419
385546
385855
386090
386206
386225
386501
387250
387597
387639
388172
388226
388229
388265
388393
389044
389466
389714
389752
390166
390190
390258
390566
390722
390810
391880
392150
392279
393518
393657
393756
393786
394005
394512
395452
395474
395788
395985
396505
396862
397132
397469
397640
398200
398298
398792
399027
399410
399510
399766
400021
401107
401391
403199
403550
404161
404273
405719
405861
405915
406112
407630
407864
408188
408780
408959
409262
409856
410386
410591
410980
411850
411861
412063
412212
412809
412926
412938
413375
414093
414255
415225
415256
415981
416194
416556
416693
417112
417283
417364
418000
418528
418627
419095
419288
419475
419595
419836
420554
420673
421103
421945
422038
422869
422934
423073
423881
423955
424343
425043
425571
427089
427371
427953
428937
429046
429230
429342
429922
430230
430434
430472
432252
432873
433164
433544
433841
434079
434095
434361
434537
435007
435105
435356
435461
435502
435793
436676
436842
437200
437790
438099
438350
438545
439210
439237
439299
439632
439950
440032
440168
441006
442151
442337
443496
443623
444408
444443
444535
446375
446754
448337
448681
449142
449457
449659
450668
450673
450724
450827
451171
451259
451723
452091
452262
452839
452984
453206
453318
453326
454562
455370
455781
456452
456527
456636
456745
456833
456866
457442
457961
458087
458683
458811
459077
459241
459793
459933
460009
460056
460669
461236
462059
462318
462587
462723
463221
463233
463318
465340
465740
466247
466297
466453
466676
467249
467557
467719
467873
468207
468413
469646
469669
470783
471255
471448
471531
472192
472401
472788
472905
473380
473582
473925
474526
474535
475145
475671
476164
476169
476220
476457
479150
479662
480119
480481
481298
481414
481724
482380
482522
482882
482942
483289
483346
483679
483776
484807
484954
485257
486161
486336
486337
486448
487661
487919
488745
489080
489581
489890
489943
490342
490414
490484
490600
491259
491299
492344
492433
492466
493188
493782
494277
494750
495448
496793
496871
497909
497990
498537
499243
500614
500745
501896
502294
502398
502404
502962
503837
504493
504518
504814
505284
505460
505753
506068
506247
506914
507031
507360
508110
508441
508530
508630
508642
509346
510166
510185
510996
511313
511349
511775
512528
513178
514359
514459
514860
516746
517174
517673
518503
518676
519417
519968
520463
520608
520749
520848
521450
522208
522301
522815
522879
523378
523639
524045
524179
524753
525818
526165
526169
526445
527022
529902
531038
531349
531601
531892
532152
532165
532430
532862
533158
533523
534308
534494
534622
534687
535379
535381
535663
536137
536536
536675
536879
537595
537906
538159
538992
539529
540592
541124
541194
541621
542291
542996
543282
544513
545147
545330
545382
545396
545410
545721
545820
546318
546568
547675
547787
548210
549567
549728
549822
550532
550600
550901
551215
551592
552930
553020
553766
553883
554210
554288
554531
554913
555281
555297
555739
556043
556402
556533
556618
556776
556810
557250
557284
557767
557885
557935
558075
558980
559864
561288
561633
561752
561756
561961
562789
562968
563028
563226
563598
563945
563988
564404
564599
564942
565186
565275
565625
565715
565926
566189
566318
568669
568842
569007
569072
569794
570016
570043
570056
570582
571267
571433
571470
572047
572791
573426
573707
574551
575992
576050
576402
576756
577366
577499
578514
581080
581244
581702
582231
582290
582633
583540
583593
583605
584088
584479
584621
585434
586555
587836
588479
588601
588640
589287
589731
589785
591152
591353
592609
592919
593348
593865
594143
594256
594277
594467
595036
595224
595801
595976
596086
596130
596732
597169
597228
598472
600535
600731
601141
601160
601934
602894
603348
604994
605860
605893
606831
607101
607346
607490
608067
608814
608819
609325
609462
610895
610995
611370
611723
612133
612632
612814
613710
613872
614046
614867
616101
616972
617008
618780
619121
619539
619598
620090
620147
620215
620773
620871
621207
621496
622026
622406
622912
623033
623405
623452
623661
623920
625148
625956
626704
626819
627842
628829
629646
630174
630396
630629
630762
632158
632177
632289
632465
632760
633687
633737
634008
634983
635102
635343
635824
638001
638570
638811
638835
640289
640380
642112
642303
642556
642714
642922
644363
644961
646839
646867
647277
647917
648326
648912
649069
649512
649889
650105
650176
650986
651443
651672
651823
652480
653997
654989
655231
656279
656828
657355
657416
658014
658198
658410
658640
659326
661154
661665
661823
662311
662764
663585
663879
664006
664621
664961
665336
665547
666484
668082
669029
669576
669834
669981
670372
671725
672046
672455
672708
673841
674079
674091
674483
674593
674943
675155
675815
676601
677354
677398
677613
677751
678241
678561
679963
679982
680282
681664
681721
682346
682489
682507
683035
684677
685406
685694
685780
685961
685965
686058
686415
686808
687089
687995
688054
688475
688574
688990
689028
689275
689393
689530
689544
690030
691172
691559
691911
692324
692537
692637
692656
692689
692736
693212
693521
694330
695346
695563
695881
697485
697798
697854
698041
698391
699179
699430
699561
700699
700745
701044
701229
701378
701633
701718
701979
702144
703210
703410
703430
704067
704169
704673
705110
705251
705255
705311
705588
705787
705936
706226
706332
706867
707427
707561
708086
708546
709009
710304
710494
711048
711670
712765
713990
714294
714361
714813
715252
715544
715581
715823
716017
716259
716734
716801
718132
718906
718984
719008
719043
719095
719474
719915
720184
720599
721352
721586
722235
722315
722539
722610
723397
723612
723894
724036
724599
724775
725357
725433
725708
727251
727355
727695
727732
727788
727803
727852
727958
728084
728444
729067
729594
730054
730138
730524
730528
732353
732610
732924
733285
735355
735679
735682
735796
735798
735807
735854
736143
736942
737040
737640
737783
737889
738030
738386
738417
738630
738772
738855
738868
738955
739202
739203
739307
739721
739916
739998
740022
740060
740490
740735
741879
742369
742558
742783
742798
742868
744215
745053
745262
745415
745734
746338
746438
746659
746771
747014
747707
748012
748455
749009
749712
749981
750146
750155
750477
750838
750932
751027
751505
751883
752334
752522
752897
753410
754271
754353
755196
755975
756681
756992
757076
757423
757778
758359
758389
758526
759229
760039
760109
760278
760330
760347
760499
760757
762072
762093
762202
762467
762574
763381
763724
764452
765492
765507
766857
767442
767979
768074
768976
769009
769098
769248
769305
769701
769746
769973
770379
771031
771429
771716
772315
773391
773682
774167
774552
774861
775306
775580
775780
775978
776272
776706
777338
779471
779536
779587
779681
779733
780333
782399
782485
783475
783535
783561
784088
784164
784461
785646
785877
786089
786482
786934
787969
788697
788837
789297
789755
790092
790171
790264
790525
790536
790824
791051
792700
792703
792719
792780
792931
793129
793414
793471
794021
794101
795044
795117
796269
797230
797315
797769
799093
799177
799250
799494
799583
800421
800622
800801
800806
801078
801992
802637
802788
803028
803407
803937
803951
804226
804586
804846
804910
805090
806104
807023
808146
808331
808899
809272
809954
810151
810284
810999
811245
812326
812852
813216
814588
815181
815775
815791
815862
816489
816762
817919
818361
818400
819276
821738
822625
823203
823423
823593
824586
824665
825928
825939
825956
826713
826856
826952
827045
828072
828659
831193
831445
831837
832143
832996
833915
834018
834065
834204
834277
834620
835224
835279
835605
835852
835908
836028
836184
836796
836984
837817
838283
838732
839285
839437
839698
840417
840751
841688
841747
842261
842313
843017
843169
843333
843582
843692
843881
844531
844585
845191
845369
845656
846678
846784
846911
846971
847314
848003
848015
848227
848584
849170
849175
849353
849526
849636
850032
850883
851802
852005
852255
853036
853119
853522
853736
854796
855283
855825
855952
856479
856757
857463
859401
859626
860270
860313
860406
861163
862111
862582
862778
862988
863570
863643
865263
865535
865561
866027
866311
866359
866563
867295
867576
867627
868209
868572
868748
870016
870336
870659
870733
871214
871463
871575
872439
872514
872691
872835
872848
872989
873159
874219
874369
874866
875024
875196
875419
875594
875842
875890
876327
876951
877162
877737
877803
878169
878722
879129
879619
879968
880077
881171
881412
881436
881657
881814
881898
882808
883437
884196
884350
884744
885004
885249
885751
886872
887283
887307
887620
887700
888345
888799
888806
888947
888948
889751
889879
890641
891417
891571
892096
892131
892158
893370
894139
894454
894765
895128
895140
895352
895533
895728
895730
895984
896053
896354
896438
896877
898698
898880
898894
899107
899612
899643
899712
900135
900237
900258
902005
903332
904524
904776
905136
905331
905361
905975
906156
906363
907413
908137
908477
908895
909683
909954
910473
911462
912320
913141
913191
913315
913678
913873
914697
915853
915950
916145
916521
916683
916961
916995
917364
917603
918203
919133
919438
919824
920553
920762
920780
921061
921193
922099
922177
922566
922691
923394
923856
923939
925269
925930
926368
926506
927307
927507
928094
928184
928285
928368
928546
928858
929372
930151
930494
930626
931017
931128
931344
931998
932086
932286
932666
932679
932905
933054
933317
933644
933737
933831
933979
934300
934839
935036
935046
935047
935467
935795
935962
937811
938231
938258
938353
938813
938863
938953
939319
939605
939755
939951
940167
940653
940844
940849
941114
941623
941807
942017
942127
942401
942449
942719
942766
943037
943955
944314
944350
944433
944461
944621
945198
945226
945613
945641
945887
946287
947402
947435
947723
947988
948033
948078
948231
948277
948364
948558
948613
948769
949045
949301
949307
950169
950299
950665
950751
951072
951504
951690
952053
952140
952825
953391
954795
955195
955213
955247
956042
956103
956565
956612
956757
957746
957996
958124
958300
959265
960329
960464
960868
960972
961593
962347
962471
963386
963708
963941
964035
964822
964997
965173
965742
965971
966078
966504
966708
966983
967224
967448
967603
969345
969428
969894
970754
972151
972544
972918
972933
973156
973612
973909
973944
974254
974384
974576
975105
975390
976929
976967
977086
977147
977845
979681
981531
981855
982435
982893
983061
983110
984579
984653
984752
984887
985251
985454
985904
987535
988371
988928
989010
989150
989274
989510
989733
990068
990130
990158
990530
990871
990883
991385
991564
991578
991814
991966
991981
993564
993786
994238
994330
995012
995031
996465
996982
997704
998238
999747
999907
1000780
1000932
1001156
1001309
1002121
1002944
1003049
1003312
1003728
1004327
1004363
1004723
1006312
1006723
1008027
1008339
1008413
1008904
1010247
1011434
1011444
1011865
1011891
1011898
1012350
1012575
1012891
1013383
1013503
1014302
1014661
1014666
1015330
1015939
1017143
1018159
1018236
1018617
1019565
1020665
1020716
1020808
1021073
1021235
1021787
1022072
1022212
1022867
1023485
1023673
1025388
1026102
1026557
1027571
1028141
1028248
1028333
1029007
1029081
1029332
1029813
1030031
1030438
1030523
1030790
1031511
1031548
1031600
1032071
1032510
1033113
1033147
1033608
1033931
1034326
1034706
1035163
1035668
1035868
1036400
1036599
1036845
1036854
1037984
1038593
1038735
1039327
1039416
1040042
1040901
1041968
1043119
1043911
1044045
1044179
1045531
1045900
1046431
1046703
1046790
1046939
1047539
1047794
1047809
1049587
1050189
1050438
1050535
1051554
1051871
1052183
1052204
1052489
1052643
1054125
1054258
1054269
1054798
1055248
1056353
1056817
1057127
1057564
1057878
1058257
1058282
1059457
1059612
1059836
1060025
1060314
1060759
1060951
1061183
1061560
1061631
1062002
1062514
1062566
1062625
1063016
1063455
1063549
1064008
1064430
1064547
1064621
1064756
1065564
1065756
1065919
1066046
1066454
1066636
1066689
1067204
1067395
1068173
1068380
1069395
1069664
1069883
1070291
1070344
1070589
1071145
1071240
1071428
1072337
1072563
1073045
1073879
1074101
1075295
1076172
1076969
1077611
1078427
1079248
1079452
1080395
1080628
1081315
1081457
1083132
1083922
1084044
1084274
1084373
1084426
1085532
1085693
1085723
1086451
1086503
1087647
1087718
1087721
1087899
1088000
1089223
1090115
1091212
1091225
1092362
1092371
1092528
1092717
1092791
1092828
1093616
1094164
1094215
1094362
1094575
1095053
1095126
1095163
1095208
1095573
1095816
1096339
1096719
1097176
1098880
1099196
1099242
1099563
1101264
1101678
1101839
1101878
1102301
1102426
1102633
1102730
1102827
1103042
1103791
1104571
1104635
1105249
1105764
1105797
1106318
1106529
1108176
1109259
1109619
1110284
1110417
1110605
1110885
1111475
1112565
1113223
1113569
1113815
1114782
1116000
1116133
1116528
1116781
1116791
1117478
1118026
1119077
1119330
1120101
1120262
1120730
1121871
1121945
1122371
1123356
1123647
1123759
1123882
1124368
1124712
1124843
1125249
1125739
1126172
1126290
1126306
1128532
1128783
1128806
1129089
1129760
1129772
1130900
1131427
1131662
1131882
1132445
1134504
1134546
1134768
1134916
1135625
1135745
1135930
1136123
1138335
1138424
1138917
1139118
1139407
1139800
1139975
1140226
1140302
1141079
1142461
1142778
1143543
1143878
1144942
1145220
1145282
1145754
1146261
1146384
1146597
1146757
1147453
1147887
1149208
1151021
1151324
1151778
1152502
1152847
1152970
1153263
1153416
1153427
1153986
1154486
1154729
1154906
1156219
1156508
1157036
1157061
1157426
1157445
1157483
1157613
1157706
1157830
1157841
1157969
1158001
1158119
1160043
1160081
1160256
1160640
1160822
1161192
1161836
1162419
1162497
1163040
1163274
1163538
1164929
1165156
1166002
1166434
1166701
1168007
1168057
1168837
1168927
1169112
1169428
1169508
1170152
1171148
1171607
1171821
1172638
1173226
1173463
1174022
1174981
1175159
1177702
1178205
1178221
1178421
1178428
1178852
1178859
1179446
1179708
1179767
1180054
1180216
1180286
1180460
1180600
1181180
1181304
1181905
1181906
1182714
1182992
1183227
1183486
1183543
1183584
1184100
1184364
1184865
1185212
1185352
1186026
1186152
1186476
1186597
1187080
1187414
1187662
1188679
1188968
1189236
1189539
1189577
1190659
1190750
1191009
1191231
1191813
1191911
1191978
1192449
1192755
1193458
1193487
1193506
1193765
1193822
1194276
1194808
1195089
1195749
1196452
1196582
1197801
1198159
1198498
1198590
1198884
1199061
1200142
1200171
1200316
1200354
1201012
1201107
1201276
1201303
1201922
1202368
1202393
1202860
1203163
1203862
1204175
1204191
1204220
1204942
1205767
1205831
1205841
1206834
1206916
1207817
1208062
1208131
1208175
1209094
1209600
1209884
1210785
1211402
1211493
1211547
1211779
1212285
1212350
1212886
1213329
1213478
1214836
1215492
1215983
1216499
1216695
1216808
1216997
1217063
1217487
1217962
1218557
1219064
1220369
1220484
1221275
1221824
1222098
1222300
1222341
1222507
1222675
1222691
1223570
1223595
1223640
1223691
1223693
1223926
1224091
1224199
1225505
1226619
1227565
1227855
1227994
1228204
1228854
1229099
1230081
1230445
1231698
1231897
1232842
1232944
1234711
1234807
1235262
1235689
1235694
1235752
1235854
1236426
1236638
1237266
1237495
1237506
1237879
1237925
1238469
1239381
1239805
1241261
1241305
1241433
1242271
1242606
1242784
1242955
1243214
1243242
1243414
1243764
1244417
1244682
1245791
1246183
1247015
1247401
1249470
1249498
1249656
1249658
1249873
1249948
1250386
1250663
1250747
1251219
1252001
1252512
1252542
1253255
1254440
1255047
1255091
1255101
1255481
1255820
1255837
1255882
1256188
1257308
1257659
1257791
1257969
1258495
1258519
1258670
1258861
1259001
1259721
1260196
1260430
1260730
1260839
1262355
1262363
1262553
1262645
1263757
1263819
1264115
1264653
1265562
1266403
1266471
1266695
1267151
1267765
1268282
1268549
1268632
1269083
1269485
1269543
1269770
1270030
1270287
1271096
1271817
1271893
1271912
1272429
1272752
1273904
1274563
1276034
1277025
1277054
1277259
1278401
1278541
1279262
1280292
1280298
1280369
1280815
1281027
1281085
1281333
1281366
1281465
1281567
1282455
1282679
1282787
1283503
1283805
1283847
1283891
1284086
1285351
1285725
1286892
1287343
1287538
1287724
1288262
1288312
1288462
1288998
1289130
1289444
1289633
1290049
1290208
1290599
1291661
1292006
1292234
1292593
1293465
1293498
1293564
1293599
1293841
1293989
1294184
1294309
1294515
1294637
1294825
1295155
1295218
1296553
1296924
1296984
1297037
1297534
1297647
1297923
1298058
1298493
1298708
1299183
1299293
1299482
1299898
1302180
1302399
1302723
1303004
1303085
1303969
1304871
1305266
1306427
1307360
1307458
1307751
1308197
1308282
1309021
1309174
1309216
1309304
1310069
1311473
1311590
1312660
1313591
1315600
1315908
1316004
1316194
1316308
1316438
1316490
1316565
1318125
1318336
1319342
1319597
1320016
1320153
1320405
1320443
1321381
1321631
1321992
1322545
1322916
1323232
1323350
1323385
1325344
1326372
1326395
1326488
1326699
1326971
1327034
1328009
1328219
1328357
1328608
1329049
1329943
1330251
1330622
1332613
1333056
1333476
1333653
1333967
1334042
1334355
1335220
1335747
1336560
1336585
1337074
1337154
1337381
1337488
1337582
1337730
1337937
1338342
1338398
1338404
1338796
1339078
1340067
1340106
1340250
1340303
1341056
1341225
1342392
1342932
1343624
1344555
1345140
1346243
1346382
1346811
1347078
1347457
1347510
1347642
1347903
1348035
1348904
1349624
1349645
1349950
1350850
1350891
1350924
1351542
1352650
1352914
1353192
1353425
1353464
1354369
1354849
1355109
1355359
1356730
1357429
1357702
1357723
1358267
1358632
1358769
1359024
1359584
1360812
1361422
1361820
1361977
1362189
1363268
1363715
1364544
1364637
1364673
1365231
1365637
1365762
1366036
1366080
1366082
1366840
1368315
1370679
1370778
1371610
1372034
1372093
1372304
1373671
1375000
1375987
1376256
1378277
1378885
1379263
1380697
1380769
1381498
1381766
1382291
1382843
1383021
1383901
1384108
1384163
1384223
1384606
1384683
1384693
1386499
1386800
1387509
1387929
1388734
1389230
1389275
1389417
1389863
1390220
1390509
1390867
1391023
1391607
1391674
1391916
1392049
1392773
1392946
1393515
1393849
1394895
1395013
1395306
1395812
1396252
1396692
1397210
1397268
1397651
1398104
1398273
1398568
1399747
1400029
1400205
1401283
1401422
1401581
1402207
1402358
1403295
1403810
1404706
1404766
1404887
1405145
1405251
1405336
1406590
1406963
1407480
1408137
1408530
1408706
1409982
1411224
1411434
1411740
1411924
1412398
1413094
1413232
1413452
1414101
1414300
1414734
1414961
1415348
1416468
1416912
1416919
1417731
1417836
1418024
1418375
1419310
1419580
1420091
1420367
1420466
1421270
1421500
1422128
1423059
1423230
1424175
1424444
1424550
1424661
1425571
1426564
1426592
1426859
1427160
1428335
1429176
1429470
1429617
1430349
1430576
1430974
1431733
1432242
1432395
1432506
1433355
1433364
1433601
1434150
1434982
1435251
1435343
1435589
1435638
1436891
1436935
1437204
1437268
1437628
1437720
1437829
1437935
1438289
1438563
1438617
1438771
1439109
1439261
1441189
1441846
1442928
1443681
1443850
1445541
1445809
1445872
1446085
1446156
1447367
1448442
1448651
1448722
1449438
1449501
1449571
1450425
1453517
1454046
1454480
1454658
1454926
1455250
1455264
1455413
1456112
1456378
1457053
1458256
1458963
1459798
1460107
1460212
1460756
1460845
1460908
1460934
1461831
1462085
1462111
1462207
1463198
1463386
1463643
1463808
1463846
1465282
1465798
1466137
1467378
1467882
1468546
1469944
1470254
1471521
1471560
1471774
1472046
1472072
1472538
1473035
1473114
1473448
1473570
1474056
1474259
1474800
1474848
1475483
1475689
1475881
1476543
1477259
1477378
1477379
1478176
1478654
1478882
1480121
1481007
1481183
1481346
1481715
1482053
1482327
1482348
1482881
1483358
1485275
1485855
1486191
1486448
1487153
1487416
1487738
1487777
1488290
1488294
1488575
1488894
1488938
1489755
1490627
1491331
1491408
1491495
1491708
1491820
1491925
1492907
1493817
1494389
1494410
1494549
1494727
1494939
1495132
1495807
1496237
1496326
1496568
1496628
1496777
1496861
1496890
1497381
1497816
1498843
1499817
1500119
1500331
1500619
1501112
1502162
1502258
1502374
1502815
1503299
1503485
1503522
1504204
1504289
1505348
1505427
1505639
1505653
1505820
1505846
1505996
1506334
1506624
1506817
1507145
1507193
1507215
1507688
1507745
1507782
1508020
1508688
1508695
1508755
1510130
1510317
1510511
1511281
1511651
1512081
1512846
1513008
1513436
1513790
1513962
1514215
1514355
1514409
1515168
1515994
1516377
1517232
1517396
1517681
1517726
1517922
1517947
1519132
1519501
1519640
1520228
1520625
1520693
1521055
1521057
1521270
1521444
1522040
1522358
1522521
1522538
1523839
1525282
1526071
1526136
1526605
1527396
1528174
1528203
1528688
1528749
1529986
1530057
1530440
1531138
1531440
1531569
1531600
1532004
1533338
1533348
1533794
1533971
1534054
1535456
1535545
1535552
1535960
1536243
1537839
1538232
1538581
1538890
1539279
1539330
1539471
1539711
1539815
1540272
1540608
1540702
1541298
1541321
1541547
1541702
1543372
1543411
1544032
1544391
1544490
1544497
1544680
1545140
1545214
1545294
1546321
1546597
1547094
1547222
1547702
1548114
1548809
1548898
1550813
1551172
1551493
1551646
1552080
1552376
1552895
1553102
1553124
1553655
1554182
1554476
1554487
1555808
1556386
1556450
1556556
1558740
1559112
1559901
1560097
1560453
1560533
1560713
1561013
1561839
1562780
1563297
1564786
1564983
1564988
1565099
1565424
1565597
1565643
1565717
1565891
1567260
1567414
1567734
1567786
1568650
1568702
1569030
1569590
1569885
1569967
1570602
1570667
1570749
1572196
1572245
1572630
1574392
1575493
1575761
1576642
1576700
1576888
1577126
1577155
1577216
1577282
1577667
1578131
1578373
1578403
1578448
1578763
1578975
1579070
1579369
1579617
1579732
1579805
1580187
1580396
1580465
1581302
1581811
1581997
1583049
1583347
1583859
1584015
1584774
1585419
1585682
1586627
1586942
1587046
1587201
1587275
1587459
1587944
1588388
1588442
1588660
1589100
1589224
1590401
1590771
1590985
1591173
1591250
1591754
1592177
1593206
1593452
1593609
1593884
1593988
1594115
1594658
1594845
1595181
1595296
1595300
1596294
1596986
1597152
1597215
1598445
1598764
1598866
1599677
1599718
1601556
1601564
1601825
1602275
1602394
1602431
1603422
1603608
1603668
1604371
1604584
1604916
1604951
1605019
1605046
1605926
1605940
1605976
1606397
1606837
1606850
1607219
1607926
1607962
1608048
1608584
1608831
1608966
1608985
1609281
1609889
1610156
1610619
1611090
1611844
1612003
1612523
1612842
1612890
1613484
1613538
1615629
1617055
1619209
1619718
1620491
1620636
1621462
1621868
1622124
1622762
1623140
1623253
1625511
1627329
1627669
1627735
1629380
1629594
1629955
1630148
1630211
1630424
1631274
1631365
1631443
1631460
1632527
1633532
1633626
1633715
1635113
1636164
1636802
1636892
1637092
1637245
1638286
1638446
1639164
1639567
1641127
1641284
1641630
1641920
1642908
1643071
1643220
1643276
1643426
1643785
1643888
1644092
1644118
1644175
1644693
1645932
1646042
1646257
1647065
1647540
1648058
1648697
1649260
1652357
1652414
1652710
1654331
1655292
1655755
1656226
1656590
1656914
1656948
1657003
1657562
1658219
1658760
1659860
1659923
1660165
1660790
1660897
1661609
1661649
1661717
1661986
1662240
1662459
1662898
1663508
1664402
1664896
1665328
1665332
1665802
1666635
1666966
1668491
1668870
1669062
1669191
1669238
1669441
1669675
1669947
1670249
1670372
1671118
1671267
1671644
1672196
1673169
1673225
1673990
1674627
1675377
1675859
1675878
1675935
1676268
1676420
1677215
1677656
1677748
1678532
1678747
1679014
1679181
1679529
1680472
1681446
1681497
1681531
1682197
1683424
1683531
1683849
1684168
1684196
1684337
1684406
1684545
1684582
1685204
1685261
1686037
1686117
1686547
1687119
1687393
1687946
1688004
1689924
1690344
1690640
1691142
1691172
1691301
1691404
1691647
1691869
1692651
1692773
1692834
1692925
1693613
1693622
1694092
1695053
1695248
1695405
1695675
1696047
1696604
1696898
1697045
1697253
1697736
1697787
1697898
1698513
1698629
1699052
1699353
1700029
1700747
1701198
1701266
1701342
1701443
1701628
1701729
1702207
1702385
1702950
1703012
1703411
1705204
1705301
1705447
1706226
1707409
1707457
1708118
1708171
1708439
1708555
1708691
1708737
1709058
1709253
1709503
1709821
1710479
1710513
1710525
1710814
1710887
1710999
1711470
1712116
1712195
1712488
1712954
1712959
1713574
1713773
1714414
1714428
1715148
1715172
1715851
1715960
1716489
1716520
1716625
1716633
1716825
1717024
1717312
1717389
1717748
1718150
1720991
1721466
1721551
1721847
1722106
1722733
1722812
1723064
1723476
1724230
1724455
1724848
1725679
1726535
1727146
1728423
1728480
1728631
1728675
1728918
1729314
1730194
1730447
1732315
1732947
1733516
1733537
1733763
1734463
1735427
1735814
1736404
1736603
1736952
1737035
1737172
1737778
1737857
1738056
1739435
1740790
1741843
1742017
1742251
1742876
1742989
1743438
1743896
1744030
1744377
1745090
1745271
1745456
1745854
1745871
1747225
1747564
1747600
1747673
1747730
1747950
1748166
1748953
1749180
1749264
1749270
1751088
1751091
1751383
1751506
1751732
1751806
1751861
1752769
1753197
1753371
1753845
1754017
1754246
1754875
1755042
1755142
1755256
1755264
1755450
1755952
1756142
1756575
1756695
1757092
1757417
1757990
1758049
1758277
1759059
1759158
1759248
1759317
1759717
1759855
1760650
1760840
1761193
1761498
1762193
1763401
1763402
1763573
1763624
1763862
1763941
1764220
1764513
1764639
1765182
1765424
1765728
1766290
1766548
1767036
1767679
1767889
1768197
1770002
1770275
1770456
1770594
1771157
1772383
1772769
1773314
1773631
1773912
1775181
1775961
1777109
1777196
1778915
1779146
1779323
1779675
1780508
1782220
1782424
1782859
1782974
1783476
1784109
1784942
1785304
1785388
1786356
1786809
1787176
1787797
1787854
1788588
1789046
1789688
1790561
1790860
1791068
1791227
1791789
1792131
1792253
1793598
1793689
1793882
1794280
1794449
1794946
1795199
1795382
1796352
1796623
1796670
1796911
1796920
1797249
1797277
1797449
1798025
1798975
1799430
1800405
1800409
1800425
1800834
1801760
1801833
1802098
1802144
1803381
1803599
1803731
1803937
1804431
1804541
1804574
1805907
1806226
1806588
1807035
1807043
1807557
1807589
1807594
1807655
1807829
1808071
1808161
1808195
1808238
1808310
1808728
1809145
1809902
1809990
1810154
1810324
1811305
1811554
1812414
1812522
1812584
1812681
1812878
1813285
1813498
1813768
1814646
1814748
1815302
1815792
1815917
1816468
1816557
1817003
1817673
1818088
1818334
1820466
1820560
1820639
1820753
1820770
1821378
1821788
1822135
1822250
1822300
1823163
1824016
1824264
1824348
1824352
1825151
1825867
1827452
1827647
1828106
1828250
1828383
1828720
1828740
1829029
1829076
1830245
1830266
1830501
1831798
1832364
1832383
1832918
1832921
1833194
1833945
1834044
1834536
1834613
1835066
1835281
1835662
1835753
1835995
1836061
1836086
1836657
1837455
1837754
1838592
1839788
1839913
1840210
1840719
1841373
1841548
1841694
1843688
1843989
1844698
1845169
1845398
1845451
1845848
1846444
1847340
1847881
1848104
1848582
1848902
1849053
1849064
1849400
1850024
1850502
1850830
1851058
1851496
1852882
1852941
1853051
1853293
1853545
1853621
1854115
1854911
1855937
1855996
1856463
1857517
1857945
1858096
1858241
1858410
1858873
1858897
1859264
1860024
1860312
1861485
1861527
1861838
1862264
1862283
1862378
1863104
1863177
1864763
1865613
1866001
1866256
1866647
1867852
1867877
1868021
1868163
1868191
1868476
1869402
1869946
1870029
1870118
1870867
1871380
1872262
1873326
1873505
1873633
1874128
1876598
1877246
1878206
1878643
1878708
1879521
1879973
1880643
1880788
1881194
1881386
1881559
1881845
1881865
1882052
1883007
1883056
1883312
1884813
1885323
1885479
1886268
1886754
1886789
1886990
1887562
1888270
1888598
1888806
1889701
1889768
1890162
1890282
1891026
1891079
1891089
1891425
1891444
1891866
1891939
1892298
1892382
1892884
1892986
1894165
1894360
1894418
1894457
1895603
1895821
1895906
1896021
1896707
1896961
1897393
1897396
1897409
1897805
1899236
1900611
1901674
1901884
1902035
1903145
1903328
1903520
1904086
1904487
1905478
1906001
1906050
1906593
1906655
1907150
1907516
1907880
1908076
1908598
1909932
1910231
1910436
1910438
1910836
1910892
1910960
1911106
1911127
1911396
1911718
1911961
1912116
1912240
1912782
1912859
1912966
1913105
1913627
1913766
1914710
1915805
1916766
1916794
1916911
1917672
1918311
1918469
1918567
1918736
1919884
1919930
1920034
1920079
1920427
1920883
1921243
1921796
1922021
1922247
1922461
1922838
1922859
1923119
1923481
1923488
1923611
1923731
1923806
1923887
1924256
1925642
1925683
1925983
1926409
1926486
1926807
1928783
1928808
1929444
1929989
1930583
1930779
1931091
1931253
1931525
1931710
1932274
1932380
1933560
1933628
1933816
1933998
1934272
1934603
1934923
1935200
1935256
1935561
1935618
1935779
1935937
1937674
1939038
1939077
1940199
1940208
1941557
1941630
1941643
1943042
1943486
1944288
1944524
1944902
1945214
1945619
1945702
1945910
1946572
1947966
1948044
1948075
1948126
1948593
1949128
1949654
1950029
1950379
1950504
1950671
1951423
1951638
1952762
1953559
1954199
1954928
1955271
1956877
1956938
1957163
1957789
1957838
1959281
1959432
1960377
1960414
1961070
1961777
1962777
1964266
1965041
1965142
1965932
1966128
1966357
1966434
1966521
1967656
1968090
1968545
1968927
1969303
1969702
1970367
1971273
1971499
1972056
1972327
1972413
1972907
1973271
1973304
1973795
1974997
1975370
1975379
1975436
1975834
1976278
1976941
1977676
1977692
1977735
1977853
1978288
1978339
1978938
1981276
1981936
1982469
1983749
1984194
1984705
1984848
1985018
1985279
1985403
1985457
1985942
1987439
1987929
1987939
1988270
1988279
1988359
1988473
1989213
1989386
1989489
1989564
1989657
1990294
1990411
1990622
1990735
1991031
1991119
1992111
1992402
1992720
1993230
1993498
1993506
1993568
1993684
1993994
1994661
1994922
1995314
1995465
1995550
1995739
1996257
1996269
1996798
1996958
1997340
1997962
1998242
1998601
1998903
1999674
1999694
1999723
2001080
2001831
2002049
2003374
2003719
2005687
2006048
2006278
2006325
2006777
2006828
2007610
2007871
2008718
2008973
2009354
2009390
2009744
2010822
2011200
2013006
2013066
2014218
2014265
2014300
2014833
2015049
2015243
2015440
2015947
2016028
2016132
2016273
2017737
2017756
2019577
2019603
2020038
2020085
2020195
2020681
2020765
2020944
2023477
2023484
2023515
2023612
2023668
2024589
2025218
2025277
2025400
2025671
2026592
2026826
2027215
2027403
2027588
2028042
2028145
2028442
2029029
2029156
2029754
2029873
2030112
2030952
2031091
2032448
2035030
2035192
2035207
2035300
2035387
2035608
2036117
2036143
2036217
2036276
2036533
2037217
2037330
2037519
2038251
2039199
2039825
2039826
2039855
2040065
2040545
2041484
2042011
2042332
2043249
2043625
2044105
2044635
2046152
2046657
2046747
2046914
2047252
2047414
2047764
2048405
2048424
2048431
2049486
2050826
2051251
2052171
2053240
2053375
2053747
2054278
2054554
2056223
2056461
2056667
2056876
2057628
2057683
2057839
2058629
2059205
2059445
2059827
2061507
2062334
2062380
2062494
2062751
2063640
2063882
2064642
2064778
2065042
2065104
2065361
2065556
2065737
2066278
2066282
2067103
2067307
2067777
2067811
2068548
2068674
2069680
2070052
2070147
2070754
2071170
2071251
2071926
2072049
2072125
2072270
2072558
2073116
2073222
2073573
2074851
2075086
2075298
2075899
2076310
2077049
2077320
2077429
2077504
2077768
2078824
2079246
2079299
2079783
2079966
2080182
2080183
2080346
2080775
2080844
2080961
2081195
2081608
2081700
2082440
2082470
2082579
2083236
2084429
2085516
2085767
2085967
2086065
2086598
2087238
2087960
2088363
2088481
2089162
2089919
2091587
2091886
2093427
2095439
2095659
2097279
2097386
2097990
2098573
2099671
2101177
2101351
2102694
2102735
2102942
2103297
2103420
2104125
2104419
2104806
2104943
2105628
2105873
2106043
2106291
2106416
2107220
2107269
2107706
2108471
2108826
2108929
2109463
2109495
2111299
2113278
2113666
2114530
2114573
2114624
2114650
2115350
2115382
2115683
2116445
2116631
2117798
2118430
2118573
2119229
2119572
2119953
2120166
2120310
2120683
2120815
2120839
2121855
2122022
2122193
2122328
2122487
2123007
2123256
2123415
2124812
2125152
2125508
2126002
2126209
2126649
2126747
2126953
2126997
2126999
2127500
2127668
2127923
2128251
2128572
2128576
2128676
2129734
2130358
2130725
2131104
2131432
2131889
2132249
2132526
2132540
2133242
2133317
2133650
2134013
2134085
2134226
2134773
2135306
2135543
2135841
2136444
2136644
2136652
2137997
2137998
2138369
2139186
2141304
2141944
2141948
2142278
2142492
2142823
2143119
2143157
2143206
2143446
2144046
2144459
2145080
2145639
2147438
2148081
2148142
2148233
2148831
2149011
2149961
2150026
2150590
2150883
2151894
2153178
2153338
2153524
2153768
2153899
2154229
2154560
2154665
2154812
2155408
2155568
2155874
2155956
2156100
2157239
2157382
2157396
2157506
2158308
2158580
2159201
2159248
2159342
2159803
2160162
2160289
2160563
2161455
2163395
2163569
2163791
2164060
2165024
2165563
2165761
2165852
2167304
2167340
2168104
2168324
2168577
2168772
2169727
2170595
2170688
2171108
2171903
2172258
2172267
2172445
2172872
2173757
2173866
2174029
2175805
2176024
2176964
2177098
2177138
2177942
2180374
2180638
2181128
2181181
2182656
2182913
2183199
2183342
2184207
2185266
2185497
2186016
2186054
2186228
2187392
2187571
2187678
2187804
2187888
2187898
2189017
2189155
2189536
2189649
2189768
2190487
2192622
2192805
2192815
2193659
2194299
2194860
2195124
2195205
2195979
2196016
2196303
2196417
2197477
2197507
2197864
2198821
2198879
2200740
2200752
2201609
2202124
2202485
2202527
2204758
2205418
2205584
2205953
2205974
2206541
2206812
2206817
2206949
2206984
2207139
2207713
2207730
2207964
2208435
2208613
2208961
2208997
2209509
2209592
2209603
2210510
2210631
2211871
2212156
2214196
2214236
2215125
2215163
2215626
2217078
2217747
2218379
2218866
2219219
2219366
2219403
2220049
2220507
2221144
2221220
2221732
2222137
2222278
2222602
2222926
2223019
2223268
2223313
2225334
2225614
2225987
2226056
2226112
2226158
2226272
2226735
2228188
2229025
2229655
2230100
2230382
2230487
2231302
2231589
2232874
2233077
2233364
2233429
2234000
2234349
2234431
2234681
2235254
2235565
2235792
2236551
2236913
2237191
2237281
2238709
2238963
2239094
2239219
2239831
2240090
2240572
2240898
2240928
2241197
2241353
2241655
2241768
2242946
2243133
2243418
2244255
2244556
2244753
2244961
2246245
2246521
2246711
2247339
2247385
2247814
2248385
2248439
2248467
2249041
2249799
2250037
2251096
2251193
2251748
2251831
2252473
2253234
2253251
2253430
2253722
2254019
2254285
2254438
2254769
2254929
2255342
2256120
2256128
2256228
2256353
2256405
2257001
2257159
2257340
2257449
2257470
2257588
2258075
2258215
2258379
2258734
2258971
2259659
2259881
2259981
2260436
2260794
2261371
2261769
2261783
2262159
2262333
2262403
2262462
2262611
2263909
2263955
2264124
2265233
2265302
2266038
2266201
2266299
2266410
2267548
2268261
2268747
2269110
2269138
2269428
2269691
2271532
2271629
2272850
2272958
2273113
2273240
2273328
2273352
2274948
2275149
2275379
2275686
2276352
2276365
2276683
2277673
2278514
2278879
2279315
2279334
2279607
2279653
2279919
2280107
2280298
2280894
2282021
2282261
2282355
2282603
2284167
2284331
2285083
2285093
2287978
2288791
2289115
2289707
2289731
2289994
2290017
2290622
2290874
2291040
2291357
2292083
2292472
2293347
2294001
2295084
2296104
2296123
2296223
2296618
2296747
2297117
2297359
2297592
2297709
2298032
2299009
2299077
2299274
2299483
2299816
2299865
2299986
2300102
2300232
2300917
2301325
2301480
2302057
2303799
2303821
2304442
2304524
2304720
2305774
2306016
2306205
2306313
2306318
2306544
2306965
2307100
2307419
2307619
2307758
2308480
2308719
2309047
2309281
2309285
2309618
2309816
2309957
2311065
2311088
2311824
2312015
2312055
2312502
2312683
2312715
2313625
2313769
2314258
2314714
2314975
2315900
2316043
2316559
2317039
2317041
2317630
2317922
2318093
2319281
2319568
2319612
2319908
2320506
2320627
2322232
2322330
2323132
2323854
2324585
2325607
2326527
2327116
2327281
2327775
2328826
2329095
2329229
2329746
2330038
2330096
2330175
2331413
2331418
2331585
2331937
2332106
2332836
2333059
2333399
2333551
2334277
2334363
2334574
2339206
2340339
2340363
2341763
2341768
2342472
2342991
2343446
2343654
2343974
2345510
2346298
2346387
2346541
2347035
2347595
2347830
2348161
2348494
2348737
2348776
2348981
2349040
2349508
2350235
2350419
2351040
2351195
2351314
2352466
2352682
2352689
2353469
2353669
2353903
2354171
2354453
2354478
2354912
2354928
2354990
2355427
2355520
2355533
2356117
2356461
2356686
2357701
2357972
2358865
2359604
2359748
2359909
2360277
2360656
2361995
2362289
2362390
2363523
2364420
2364440
2364615
2365192
2365593
2365789
2365841
2366584
2367176
2367413
2367808
2368349
2368565
2368797
2368852
2370021
2371330
2371533
2372041
2372130
2372226
2373189
2373376
2373788
2374204
2374406
2374594
2374796
2375155
2375393
2375801
2375918
2376021
2376329
2376697
2376955
2377690
2378289
2378540
2379278
2379408
2379584
2379621
2380144
2380631
2380959
2381294
2381489
2381851
2382414
2382848
2383389
2384221
2384341
2384510
2384989
2385207
2385296
2386306
2386359
2386465
2387178
2388255
2388839
2390223
2390486
2390828
2391414
2391916
2392228
2392723
2392835
2392916
2393744
2393749
2394479
2394513
2394881
2394917
2395511
2395575
2396209
2396350
2396418
2397204
2397737
2397744
2398045
2398438
2398624
2398707
2398919
2399105
2399575
2400349
2400850
2402234
2402267
2402309
2402451
2402484
2402834
2403003
2403987
2404495
2405634
2405661
2405721
2405963
2406026
2406117
2406119
2406206
2406592
2406948
2407588
2407674
2408217
2408427
2408999
2409562
2410178
2410259
2410585
2410822
2411097
2411828
2412045
2412223
2412313
2412778
2413620
2413868
2413912
2415877
2417425
2419678
2419938
2420164
2421167
2422301
2422582
2423172
2423443
2423571
2424216
2424613
2424697
2424772
2424976
2425079
2426033
2426277
2426300
2426354
2426734
2426957
2427356
2427593
2429200
2429419
2429843
2430048
2432353
2432407
2432714
2432874
2433625
2435303
2436208
2436668
2436917
2437556
2437957
2439044
2439853
2440324
2440889
2441524
2441949
2442748
2442836
2442930
2443494
2444142
2444143
2444152
2444435
2444585
2445155
2445316
2446083
2447231
2447383
2447458
2447510
2448031
2448256
2448677
2449062
2449274
2451175
2452673
2452802
2452827
2452882
2452979
2453870
2453880
2455161
2455556
2456053
2456235
2456490
2456569
2456909
2457015
2458684
2458708
2458834
2460183
2460451
2460518
2462156
2462720
2463027
2464044
2464402
2464418
2464468
2464472
2464608
2464730
2467264
2467760
2467987
2468193
2468498
2469262
2470226
2470234
2470917
2471188
2471238
2471651
2472013
2472157
2472622
2473917
2474074
2474395
2474583
2475296
2475760
2475931
2476445
2477107
2477484
2477965
2478124
2478212
2478953
2479131
2481924
2483201
2483316
2483656
2483848
2483914
2484048
2484328
2484766
2485245
2486666
2486810
2488305
2490024
2491042
2493266
2494499
2495839
2496408
2496554
2498345
2498715
2498829
2499123
2499199
2499583
2499603
2499668
2500340
2501144
2501865
2502537
2502910
2503507
2504025
2504873
2505181
2505346
2506854
2506919
2507123
2507339
2507526
2508961
2509528
2510208
2511150
2512768
2512788
2513123
2513756
2514546
2514997
2515159
2515319
2515404
2515600
2516490
2516561
2517467
2517642
2517931
2518346
2518406
2518950
2519242
2519717
2519804
2520300
2520379
2520388
2520434
2520869
2521198
2521493
2522124
2522390
2523066
2523762
2523792
2524482
2524915
2525129
2526370
2527026
2527505
2528407
2528454
2528569
2528621
2529054
2529505
2530308
2531025
2531196
2531297
2531411
2531579
2531882
2532387
2532657
2533488
2534084
2534357
2534978
2534980
2535108
2537448
2538096
2538275
2538884
2538966
2541159
2541441
2541744
2541783
2542206
2542548
2542924
2543336
2543778
2543887
2544025
2544116
2544877
2545728
2546062
2546294
2546814
2546847
2547166
2547366
2547537
2547677
2547769
2547996
2548264
2549777
2550266
2550314
2550522
2550667
2551203
2552083
2553012
2553256
2554722
2556207
2556268
2557304
2557430
2557507
2557565
2557924
2558013
2558073
2558552
2559294
2560164
2560434
2560687
2561590
2561808
2561900
2562361
2562371
2562431
2563917
2564328
2564518
2564564
2564600
2564747
2565065
2565552
2565944
2566180
2566309
2567050
2567077
2567094
2567202
2567337
2568050
2568416
2569955
2570029
2570106
2570748
2570834
2571215
2571238
2571418
2571662
2572084
2572284
2572422
2572551
2572704
2572900
2573538
2573565
2574605
2576433
2576912
2577324
2577537
2577844
2577877
2577915
2578033
2578706
2579690
2580620
2580834
2580899
2581055
2582052
2582283
2584089
2584133
2586322
2586747
2586750
2587441
2587512
2587670
2588188
2588305
2588961
2589971
2589988
2590852
2592006
2592233
2592747
2594605
2594815
2595092
2596139
2596388
2597332
2597482
2597952
2598601
2599773
2600754
2601073
2601381
2601782
2602354
2602945
2603553
2603563
2603690
2604203
2604777
2605371
2605379
2605760
2606249
2606798
2608007
2608113
2608490
2608572
2608603
2608703
2610088
2610349
2611120
2611132
2611664
2611685
2612087
2612394
2613097
2613356
2613907
2614294
2614316
2614850
2615030
2615283
2615582
2615913
2615989
2616197
2616675
2616683
2617198
2617371
2617635
2617857
2618064
2618220
2618280
2618333
2618434
2618723
2618781
2619143
2619406
2619485
2620088
2620584
2620824
2621355
2622004
2622011
2622359
2623801
2624142
2624953
2625160
2626516
2627194
2627211
2627221
2627364
2627645
2627836
2628754
2628930
2629552
2629674
2630549
2630640
2630680
2630942
2631819
2632101
2632458
2632598
2632861
2633259
2633646
2634089
2634226
2634321
2634902
2634941
2636401
2636496
2636592
2636837
2637199
2637271
2637353
2637717
2637880
2638176
2640464
2640500
2640815
2641153
2641264
2641329
2642049
2642132
2642685
2643110
2644093
2644924
2645681
2646007
2646922
2647301
2648284
2648426
2648517
2648813
2650149
2650351
2650438
2650647
2651264
2651407
2651618
2652409
2653902
2654162
2656343
2656810
2657743
2658165
2658241
2658398
2658655
2658665
2658832
2658901
2658913
2658949
2659025
2659437
2659634
2659848
2660584
2661191
2661601
2661793
2661838
2662374
2662587
2662891
2662962
2663091
2664521
2664811
2664900
2665053
2665150
2666226
2666578
2666842
2666919
2667044
2667156
2667540
2667988
2668065
2668855
2669347
2669969
2672182
2672226
2672418
2672785
2673523
2673949
2673964
2674676
2674868
2675736
2675812
2676123
2676135
2676443
2676690
2677147
2677318
2678484
2678490
2678649
2679372
2680054
2680455
2680815
2681199
2681642
2681754
2682416
2683386
2683558
2684329
2684527
2685546
2685849
2685981
2686684
2686714
2686816
2687707
2688638
2688818
2689089
2689634
2689662
2690040
2690844
2690863
2690924
2691100
2691413
2691533
2691580
2691768
2692194
2692461
2692580
2695247
2695336
2695433
2695711
2696179
2696739
2697117
2697506
2697552
2698219
2698427
2698770
2698785
2699175
2699460
2699904
2700475
2700732
2700987
2701342
2701864
2703527
2703965
2704145
2704204
2705051
2705200
2705373
2705839
2706237
2707166
2707371
2708053
2709576
2709706
2709885
2710588
2710974
2713100
2713260
2713466
2714552
2714644
2714929
2717021
2717983
2718848
2719023
2719096
2719761
2721524
2721884
2721921
2722108
2722365
2722369
2722813
2722844
2723110
2723164
2723611
2723614
2723750
2723840
2724252
2724441
2726215
2726276
2726535
2727189
2727196
2727267
2727943
2728438
2728873
2729246
2729410
2730280
2730463
2730917
2730974
2731023
2731717
2732425
2732635
2732926
2733111
2734089
2734214
2734791
2735134
2735489
2736212
2736566
2736770
2737031
2738058
2738249
2738364
2738930
2739393
2739782
2739808
2739827
2739970
2739971
2740528
2740897
2741138
2741643
2744116
2744746
2744791
2745004
2745450
2745963
2746457
2746534
2746618
2746776
2747208
2747280
2748121
2748164
2748292
2748615
2749165
2749541
2750211
2750412
2750499
2751168
2751419
2751466
2751615
2751969
2752166
2752347
2752603
2752612
2753188
2753305
2753945
2754023
2754258
2754696
2755530
2755761
2756377
2757049
2757304
2757646
2757789
2758828
2759551
2760982
2761571
2761629
2761731
2762244
2762724
2763022
2763216
2763375
2763638
2763968
2764162
2764171
2764494
2764701
2765149
2765450
2765638
2765647
2765720
2766595
2767175
2767307
2768158
2768358
2768705
2769044
2770430
2772735
2772817
2773637
2773846
2774430
2774482
2774616
2774886
2775868
2776185
2776816
2776904
2776954
2777565
2777719
2778498
2779293
2779361
2779520
2779617
2779750
2779962
2780538
2781411
2781928
2782802
2782841
2783194
2783407
2784177
2785256
2786159
2786465
2786705
2786717
2786811
2786989
2787780
2787915
2788192
2788679
2788693
2789389
2789412
2789563
2789567
2790820
2791304
2791844
2792169
2792601
2793307
2793468
2793476
2793838
2794173
2794406
2794514
2794882
2796252
2796757
2796970
2797971
2798495
2798498
2798685
2798996
2800306
2801330
2801749
2801809
2801999
2802198
2802273
2802512
2802695
2803001
2803607
2803953
2805051
2806389
2806404
2807672
2808189
2809250
2809358
2809576
2810693
2810809
2811695
2812777
2813138
2813139
2813612
2814179
2814323
2814558
2815425
2815726
2815809
2817113
2817224
2817726
2818062
2818128
2818707
2818817
2818827
2818889
2820372
2821134
2821851
2822758
2822894
2823008
2823435
2823923
2824958
2825478
2825761
2826215
2826500
2826666
2826821
2827340
2827598
2828157
2828457
2828609
2828616
2828962
2829591
2830322
2830524
2830612
2830905
2831648
2834071
2834301
2834352
2834983
2835179
2835370
2835458
2835817
2836149
2836164
2836215
2836506
2836563
2836750
2836896
2837502
2837653
2837717
2837878
2838042
2838226
2839148
2839716
2840201
2841419
2841901
2842611
2842827
2843110
2843176
2843250
2843283
2843344
2844269
2846032
2847037
2847157
2847163
2847244
2847461
2847626
2848532
2848545
2848986
2849634
2850563
2850901
2851959
2851972
2852302
2852979
2853499
2854631
2854770
2854771
2854883
2855298
2856263
2856844
2857096
2857457
2857494
2857596
2858043
2858536
2858620
2859743
2860531
2860815
2861153
2861258
2861436
2863220
2863638
2863646
2865407
2865575
2865765
2867133
2867238
2867667
2868657
2868699
2869273
2869539
2869626
2870040
2871379
2872193
2872204
2874026
2874402
2874964
2875314
2876347
2876465
2877529
2878589
2878776
2879026
2879341
2879585
2879652
2879781
2879985
2880391
2880791
2881091
2881151
2882248
2882609
2883114
2884004
2884129
2884622
2884650
2885219
2885458
2886290
2886845
2887110
2888254
2888520
2889007
2889297
2889529
2890338
2890929
2891122
2891302
2891785
2891991
2892188
2893249
2894531
2894930
2895228
2895979
2896164
2896418
2896512
2896609
2896720
2897191
2897280
2897334
2897905
2898880
2899171
2899863
2900131
2901055
2901180
2901258
2901261
2903266
2903395
2903980
2904236
2904278
2904876
2905208
2905330
2905468
2905550
2905600
2906195
2906395
2906445
2906849
2906885
2907357
2907486
2907802
2909438
2909490
2909515
2909519
2911074
2911676
2911695
2911905
2911970
2912116
2912157
2912321
2912411
2912572
2912846
2912914
2913363
2913608
2913636
2913663
2913796
2913975
2914263
2914997
2915033
2915630
2916027
2916336
2917051
2917120
2917409
2917623
2919039
2919731
2920010
2921030
2921541
2921928
2922383
2922627
2923314
2923534
2923653
2924608
2924893
2924930
2924938
2926705
2926874
2926900
2927613
2928061
2928560
2928584
2929046
2929764
2930774
2930904
2931307
2931478
2932051
2932835
2934598
2934644
2934867
2935029
2935465
2935560
2935968
2935981
2936336
2937532
2937561
2938051
2938393
2938966
2939073
2939234
2939289
2939374
2939387
2939666
2940928
2941657
2942298
2942900
2943087
2943613
2944067
2944329
2945368
2945668
2945897
2945970
2946145
2946665
2946723
2947075
2947114
2947775
2947950
2948116
2948355
2949524
2949588
2949965
2950306
2950844
2951069
2951967
2952036
2953005
2953528
2953676
2954048
2954107
2954174
2954570
2954764
2954927
2955202
2955331
2955893
2956184
2956185
2956422
2956662
2957717
2957787
2958211
2958233
2958341
2958997
2959192
2960226
2960263
2960467
2961867
2962219
2962267
2962288
2962421
2962429
2963203
2963411
2963730
2964383
2964695
2965075
2967395
2967837
2968430
2968773
2969680
2970314
2970621
2970715
2972148
2972519
2972521
2972550
2973044
2973088
2973329
2973553
2974222
2974622
2975614
2975997
2976278
2976351
2976376
2976414
2976661
2976837
2977090
2977266
2977358
2979300
2979333
2979437
2979502
2979904
2979984
2980346
2981155
2981492
2981503
2981996
2982972
2983246
2983458
2984203
2984575
2985241
2985512
2985701
2986784
2987444
2988214
2989070
2989256
2989423
2990081
2991875
2992314
2992876
2993032
2993312
2993690
2993997
2994211
2995787
2995941
2997088
2997410
2998062
2998073
2998282
2998374
2998737
2999053
2999336
3000617
3000906
3001281
3001774
3002231
3002530
3004770
3005260
3005607
3005773
3005845
3006353
3007462
3008007
3008303
3008828
3008883
3009750
3009922
3010197
3010478
3010573
3010702
3010845
3011324
3012814
3012946
3013812
3014612
3015998
3016052
3016498
3016604
3016720
3017604
3017945
3018608
3018890
3019128
3019704
3019741
3019996
3020091
3020176
3020274
3020980
3021132
3021199
3022301
3022371
3023535
3023813
3023858
3024286
3024388
3025155
3025662
3026384
3026840
3027286
3027745
3027996
3028059
3029168
3029406
3029557
3030609
3030732
3030782
3030875
3031148
3031594
3031842
3031938
3032054
3032231
3032344
3032519
3032699
3034320
3034327
3034343
3034742
3035156
3035191
3035415
3035503
3037147
3037185
3037351
3037741
3038082
3039628
3040268
3040417
3041030
3041479
3041809
3042168
3042758
3044011
3044322
3045034
3046173
3046193
3046605
3046800
3047107
3047708
3048015
3048037
3048930
3049013
3049154
3049401
3049480
3049618
3049644
3050293
3050881
3051371
3051436
3051586
3052562
3052904
3053476
3053877
3055862
3056098
3056636
3056893
3056906
3057010
3057569
3057714
3058562
3058880
3059180
3059490
3059932
3060391
3060499
3060683
3060857
3061046
3061051
3062073
3062209
3063118
3064016
3064792
3064799
3064809
3065484
3065892
3066237
3066362
3066471
3067187
3068184
3068259
3068828
3068927
3069893
3070320
3070453
3071289
3071625
3071977
3072630
3072740
3073159
3073499
3073592
3073752
3073966
3074419
3074961
3075046
3075296
3075808
3076269
3076722
3076921
3077449
3077915
3078263
3078342
3078792
3078937
3079760
3080235
3081094
3081205
3082044
3083562
3083958
3084260
3085042
3085472
3086827
3087410
3087529
3087564
3087583
3088396
3088813
3089386
3089762
3089860
3090145
3090149
3090964
3091969
3092623
3093268
3093963
3094017
3095059
3096213
3096352
3098219
3099803
3100427
3100596
3100667
3100967
3102310
3102431
3102613
3102622
3103143
3103437
3103632
3103917
3103921
3103945
3103987
3104200
3105236
3105691
3105692
3106253
3106558
3107658
3107894
3107998
3108212
3108597
3108641
3108804
3109605
3110696
3110766
3111845
3111982
3112512
3112942
3112976
3113857
3114174
3114340
3114408
3114720
3115349
3115389
3115816
3116192
3116471
3116963
3117761
3117932
3118368
3119115
3119315
3119369
3119705
3119758
3119826
3119976
3119977
3119986
3120487
3120866
3121863
3122441
3122511
3122572
3123973
3124664
3126174
3126176
3126619
3128527
3128560
3128929
3128999
3129108
3129160
3129981
3130654
3131341
3131912
3132009
3132580
3132649
3132663
3133851
3134873
3135856
3136373
3136491
3136630
3136934
3136958
3137091
3138090
3139362
3140336
3140839
3141066
3141698
3141770
3141783
3142109
3142229
3142501
3142678
3143216
3143268
3144123
3144139
3144192
3144230
3144473
3145070
3145187
3145361
3145549
3146976
3147257
3147431
3148297
3148305
3148714
3149110
3149282
3149779
3150815
3150958
3150970
3151208
3152467
3153131
3153431
3153707
3153979
3154581
3155059
3155077
3155141
3155470
3155786
3156993
3157195
3157653
3157753
3158122
3158127
3158325
3159998
3160386
3160656
3161585
3162224
3162441
3162617
3164800
3164876
3165013
3165376
3166605
3168747
3168782
3169250
3169591
3169812
3171056
3171213
3171712
3172169
3172584
3172876
3173197
3174907
3174928
3175442
3175611
3175860
3176264
3177574
3178139
3179104
3179322
3180298
3181171
3182272
3183443
3184214
3184220
3184496
3185719
3186108
3186556
3186666
3188077
3188591
3188858
3188889
3189084
3189544
3189690
3190067
3190153
3190171
3190661
3191712
3192446
3192921
3193101
3193351
3194075
3194237
3194381
3194533
3194636
3194706
3196273
3196298
3196774
3196954
3197219
3197415
3197699
3198131
3198964
3198987
3199328
3199705
3199819
3201233
3201346
3201499
3201707
3201794
3202315
3202335
3202485
3202926
3203152
3203170
3204175
3204362
3204477
3204648
3204957
3205014
3205338
3206574
3206699
3208722
3208901
3209407
3209674
3210215
3210229
3210604
3211424
3211587
3211685
3212907
3213129
3213200
3213272
3213805
3213818
3213875
3213912
3214602
3214784
3215410
3215569
3215666
3216022
3216058
3216264
3217036
3217238
3217373
3218351
3219102
3219219
3219728
3219942
3220538
3220685
3221890
3222353
3222456
3222915
3222944
3223420
3224108
3224327
3225089
3225965
3226180
3226194
3226458
3226732
3227150
3227482
3227797
3229094
3229135
3229635
3229982
3231853
3231881
3232529
3232777
3233083
3233526
3234326
3234794
3235663
3235846
3236221
3236244
3236250
3237667
3238335
3238742
3238826
3239347
3239403
3240029
3240150
3240488
3241222
3241333
3241337
3241718
3242151
3242220
3242446
3242551
3242715
3242762
3243719
3244427
3244595
3244628
3244883
3245270
3245307
3245676
3245810
3245887
3246597
3246992
3247708
3249010
3249388
3250238
3250599
3250848
3251175
3251230
3251475
3251723
3251889
3252065
3252096
3252308
3252663
3253470
3253501
3253680
3253924
3254260
3254281
3254672
3255196
3255531
3255620
3256090
3256619
3257394
3258343
3258778
3261085
3261648
3261764
3261795
3261997
3262202
3262598
3262622
3263915
3264250
3264877
3265309
3265730
3265841
3265907
3266003
3266014
3266927
3267156
3267863
3267951
3268042
3268859
3269741
3269750
3269798
3270450
3270744
3271997
3272319
3272749
3272849
3273015
3273757
3274026
3274775
3275459
3276069
3276664
3276746
3276833
3277187
3277267
3277342
3277721
3278359
3278573
3279102
3279453
3279496
3279498
3279639
3279650
3280515
3281007
3281571
3282248
3282450
3283118
3283163
3283577
3283581
3284117
3285821
3285974
3285991
3286410
3286908
3287277
3287369
3287378
3287570
3287734
3288197
3289150
3289194
3289373
3290364
3290563
3290946
3291838
3292560
3292635
3293562
3295243
3295433
3296741
3297765
3297782
3298185
3298400
3298733
3299184
3299378
3299650
3301083
3301152
3301291
3301687
3301784
3302124
3302145
3302148
3302438
3302593
3302594
3302816
3303116
3303670
3303683
3304073
3304422
3305120
3305645
3306471
3306534
3306569
3306606
3307800
3308292
3308655
3308812
3308940
3309316
3309380
3310552
3310684
3310696
3310965
3311397
3311764
3312054
3312077
3312459
3312693
3312777
3313014
3313061
3313299
3314127
3314159
3314348
3314438
3315326
3316172
3316241
3316622
3316853
3317207
3317633
3317720
3318511
3319090
3319568
3319601
3319769
3320379
3320655
3320915
3321383
3321488
3321556
3322216
3322223
3322266
3323474
3323959
3324412
3325113
3325614
3326169
3326456
3327103
3327175
3327982
3328225
3329060
3329247
3329768
3329773
3331272
3331379
3332514
3332958
3333207
3333249
3333573
3333806
3334003
3334439
3334474
3334717
3334811
3334839
3335474
3335625
3335678
3335680
3335921
3336652
3337289
3337502
3338460
3339124
3339764
3339963
3340538
3340626
3340926
3341643
3341691
3341895
3342030
3342173
3342838
3342899
3343150
3343528
3344144
3344809
3344999
3345747
3346977
3347086
3347304
3347682
3348239
3348484
3348504
3349392
3350120
3350493
3350717
3351956
3353211
3353248
3353436
3353919
3354180
3355196
3355236
3355932
3356385
3356425
3356489
3358653
3359098
3359642
3360108
3360193
3360322
3360604
3361516
3361557
3361628
3361663
3361776
3363099
3363238
3363466
3363504
3363534
3363556
3363586
3363719
3364355
3364454
3364652
3365108
3365767
3366095
3366311
3366780
3366964
3367405
3367599
3367725
3367773
3368538
3369462
3369682
3371437
3372024
3372071
3372172
3372346
3372755
3373370
3373923
3374902
3376154
3376406
3377709
3379329
3380578
3381369
3381388
3381490
3381543
3382141
3382571
3382713
3384273
3384565
3384891
3385613
3385824
3386597
3386767
3386982
3387667
3388984
3389520
3389726
3390247
3390646
3391634
3391667
3391837
3392356
3392860
3393155
3393504
3393703
3394152
3394535
3394940
3395709
3396056
3396175
3396393
3396826
3396917
3397098
3398480
3398495
3399245
3399323
3399895
3399981
3400130
3400801
3400888
3401803
3401829
3402377
3402511
3402713
3403031
3403206
3403649
3403738
3404151
3404314
3404556
3404661
3404736
3405935
3406339
3406456
3406647
3407441
3407693
3407696
3408470
3408538
3408740
3408831
3409241
3409304
3409915
3411741
3412304
3413414
3413455
3413494
3413975
3414069
3415365
3415866
3417200
3417504
3417682
3417907
3418325
3418450
3418588
3418603
3418658
3418685
3418947
3419266
3419366
3419473
3420326
3420340
3421883
3422970
3423213
3423234
3423337
3424238
3424241
3424450
3425552
3426344
3426786
3427463
3427582
3427678
3428300
3428833
3428860
3429055
3429334
3430124
3430167
3430169
3430434
3432259
3432269
3432539
3432897
3433189
3433544
3433547
3433895
3435607
3435800
3437545
3437806
3437968
3439123
3439300
3440194
3440921
3441106
3441192
3441594
3441935
3441984
3442172
3444567
3444825
3444931
3445188
3445283
3445329
3445418
3447398
3447652
3448084
3450048
3450317
3450717
3451512
3451913
3451977
3451982
3452922
3453724
3454131
3454210
3455162
3456080
3456311
3456438
3456606
3456953
3456959
3456969
3458848
3458899
3459139
3459228
3459813
3460476
3461273
3461787
3461815
3461941
3462016
3463044
3463474
3463711
3464666
3465697
3466101
3467169
3467457
3468902
3469329
3469356
3470252
3470443
3470810
3471365
3472209
3473284
3473397
3474001
3474191
3476045
3476235
3476578
3477088
3477647
3478104
3478545
3479359
3479534
3480262
3480444
3481635
3482260
3482600
3482706
3483531
3484294
3484387
3484431
3484523
3485982
3486688
3487573
3487576
3487592
3487796
3487862
3488058
3488527
3488637
3489050
3490241
3490298
3490725
3490772
3491352
3491654
3492077
3492283
3492789
3492974
3493329
3493491
3494018
3494415
3494844
3495048
3495461
3495902
3496155
3496276
3496378
3498161
3498363
3498846
3499388
3500514
3500564
3500940
3501100
3501410
3501935
3502946
3503051
3503512
3504344
3504360
3505032
3505329
3507026
3507204
3507964
3508267
3509148
3509226
3509489
3509581
3509973
3510340
3510902
3510952
3511011
3511100
3511388
3511441
3511460
3511585
3512920
3513488
3513782
3514152
3514352
3514367
3514497
3514638
3515080
3515425
3515678
3515917
3516858
3516865
3516924
3517077
3517180
3517218
3517672
3519670
3520034
3520665
3520679
3521733
3522415
3522416
3522671
3523117
3523143
3523433
3524228
3524302
3524733
3525228
3525470
3525667
3525741
3525766
3526514
3526665
3526777
3527720
3528044
3528703
3528838
3530208
3530286
3530738
3530739
3530994
3531657
3531824
3532569
3532612
3532868
3533136
3535300
3536404
3536431
3536832
3537404
3537412
3537811
3538700
3538966
3539157
3539288
3539435
3539474
3539764
3540524
3541303
3541357
3541655
3541708
3542006
3542068
3542196
3542225
3542353
3542521
3542732
3542852
3543044
3543970
3544128
3544429
3544796
3545000
3545339
3546725
3546852
3546867
3547195
3547251
3547548
3547897
3548011
3548039
3549339
3549372
3549556
3550788
3551284
3551550
3551817
3552246
3552952
3553655
3553807
3554649
3554669
3555004
3555115
3555389
3555933
3556004
3556322
3556775
3556828
3556920
3556980
3557173
3557348
3557765
3558107
3558216
3559069
3559314
3560312
3561318
3561696
3562488
3563575
3563969
3564588
3564782
3565768
3566055
3566220
3566239
3566241
3566484
3567057
3567306
3567993
3568319
3568496
3569134
3569180
3569725
3570002
3570447
3571205
3571291
3571336
3571492
3572077
3572964
3573129
3573347
3573844
3574045
3574295
3575138
3575184
3575718
3577267
3577448
3577963
3578331
3578638
3579534
3579633
3579746
3580820
3580894
3580905
3581158
3581656
3582177
3583003
3583090
3583652
3584670
3584727
3584879
3585474
3586717
3587094
3587286
3587297
3588442
3590065
3590171
3590910
3591165
3591407
3591567
3591698
3591818
3591908
3592177
3592406
3592462
3592972
3592994
3593013
3593327
3593446
3593941
3594120
3594560
3594582
3594621
3594791
3594907
3595252
3595450
3596695
3596714
3596870
3597052
3597303
3597437
3597627
3597900
3597901
3598146
3598500
3599391
3599451
3599585
3600094
3600158
3600657
3602321
3602490
3603345
3603560
3604558
3604959
3605105
3605259
3606613
3606708
3606722
3606956
3608053
3608467
3608592
3608677
3608819
3609384
3610019
3610164
3610218
3610308
3610326
3610355
3610410
3610556
3610606
3610945
3612303
3613268
3613633
3614116
3615106
3615568
3616634
3616981
3617191
3617624
3617812
3617837
3617941
3617956
3618367
3619121
3619177
3619809
3619835
3620308
3620456
3621757
3622039
3622554
3622837
3623255
3623673
3623962
3623989
3624443
3624610
3625588
3626246
3626299
3626388
3627163
3627201
3628114
3629235
3629558
3630041
3630594
3630627
3631378
3631579
3631794
3631807
3632026
3632761
3633247
3633254
3634491
3634720
3634983
3635626
3635933
3636207
3636253
3637539
3638288
3638340
3638864
3638964
3639575
3639627
3639751
3639829
3640164
3640395
3640955
3641219
3642101
3642527
3642891
3644027
3644336
3645000
3645574
3645651
3645827
3646303
3647383
3648022
3648335
3648444
3649143
3649525
3650364
3650918
3651186
3651632
3651812
3652390
3652593
3654506
3655729
3656211
3656314
3657064
3657990
3658440
3658534
3659094
3659108
3659117
3659163
3659919
3660050
3660912
3661202
3661536
3661840
3662052
3662520
3662671
3662875
3662945
3663127
3665382
3665557
3665623
3665637
3665930
3666073
3666110
3666504
3666525
3666599
3667329
3667372
3667864
3668160
3668224
3668485
3668681
3669342
3669374
3669805
3669909
3670323
3670364
3670891
3670974
3670989
3671189
3671863
3671952
3672557
3672607
3673227
3673951
3674190
3675559
3676231
3676737
3677921
3677959
3677990
3678500
3678618
3678624
3679390
3679981
3680133
3680417
3680421
3681492
3682654
3682679
3682801
3682909
3682953
3684109
3684195
3684722
3684845
3685165
3686062
3687469
3687704
3687707
3687726
3688150
3688465
3689145
3689318
3689532
3689716
3689940
3692247
3692983
3693530
3693844
3693927
3694069
3694267
3694498
3694680
3695714
3695788
3696158
3696190
3696627
3696796
3697097
3697202
3698129
3698268
3698608
3699517
3700983
3701012
3701254
3701784
3701809
3702203
3704018
3704392
3704424
3705949
3707670
3708036
3708119
3708221
3708482
3708703
3709036
3709528
3709713
3709985
3710934
3711117
3711188
3711417
3711897
3712114
3712631
3712923
3713179
3714238
3714532
3714594
3714685
3715122
3715291
3715900
3715936
3716712
3717459
3717651
3717829
3719467
3719478
3719824
3720214
3720350
3720906
3721110
3721802
3723093
3723429
3723465
3723935
3724192
3726087
3726290
3726504
3726576
3727051
3728132
3728235
3728676
3728768
3729648
3729915
3730029
3731139
3732479
3732601
3733242
3733282
3734686
3734730
3735378
3735450
3737124
3737191
3737278
3738141
3738485
3738603
3738803
3738960
3740830
3740878
3741262
3741455
3741543
3743001
3743162
3743826
3743958
3744193
3744723
3745224
3745848
3746313
3746800
3746834
3747696
3747834
3749045
3749625
3749673
3750197
3750285
3750684
3750742
3750787
3751177
3751219
3753545
3753644
3753692
3754261
3754885
3755154
3755275
3755401
3755551
3756733
3756873
3757374
3757687
3759994
3760088
3760687
3761857
3762425
3762777
3763292
3763862
3764303
3765711
3765941
3765966
3766025
3766631
3766765
3767059
3767133
3767716
3767993
3769221
3770398
3773321
3773533
3773760
3773789
3774457
3774658
3774817
3775159
3775418
3776900
3776907
3777100
3777201
3777205
3777550
3778866
3779186
3779667
3779698
3780476
3780664
3781481
3781988
3782575
3783065
3783075
3783365
3783432
3783587
3783740
3783849
3784613
3785226
3785406
3785591
3785994
3786566
3786656
3786727
3787658
3788251
3789198
3789673
3790031
3790089
3790506
3790535
3790913
3790947
3791044
3791714
3792032
3793738
3794202
3794631
3795201
3795470
3795988
3797052
3797142
3797333
3797442
3797932
3798301
3798348
3799355
3799625
3799990
3800603
3800713
3801394
3801785
3801956
3801975
3802419
3803103
3803582
3803961
3804579
3804717
3805073
3805079
3805581
3805886
3806064
3807567
3807867
3808208
3808353
3808950
3809297
3810864
3811584
3812173
3812435
3812835
3813495
3814064
3814379
3814786
3815070
3816563
3816660
3816883
3816935
3816986
3817024
3817254
3817594
3817683
3818856
3819123
3819316
3819696
3819854
3820193
3820219
3820559
3822026
3822404
3822618
3822785
3822860
3822953
3823145
3823673
3823940
3824764
3825331
3825725
3826600
3826756
3827883
3828570
3828763
3828884
3830583
3830880
3831242
3831287
3831760
3833186
3833989
3834246
3834490
3834571
3834604
3834926
3835056
3835129
3835158
3835879
3836327
3837178
3837698
3837932
3837952
3837994
3838635
3839136
3839365
3839512
3839749
3840108
3840216
3840406
3840642
3840890
3841117
3841254
3841527
3841620
3841874
3841925
3842068
3843035
3843786
3843838
3844444
3845292
3846352
3846405
3846542
3846875
3847272
3847427
3847444
3847679
3848509
3848913
3849035
3849081
3849466
3849941
3849968
3852553
3853172
3853868
3854078
3854292
3855174
3855233
3855563
3855940
3856012
3857861
3857999
3858010
3858235
3858838
3858878
3859054
3859747
3859923
3860451
3861074
3861240
3861383
3861827
3861984
3862115
3863220
3863650
3864199
3864289
3864420
3865328
3866083
3867341
3867782
3867826
3868480
3869063
3869131
3869729
3870171
3871010
3871173
3871638
3871815
3872480
3873709
3874306
3874748
3874876
3875598
3875704
3876842
3877120
3878354
3878558
3878659
3878976
3879102
3879295
3879614
3879677
3879913
3880260
3880661
3880813
3881201
3881447
3881553
3881657
3882143
3883150
3883496
3884624
3884778
3884812
3885052
3885116
3885163
3885566
3885779
3886448
3887184
3887251
3887312
3887669
3887947
3888088
3888381
3888685
3889112
3889311
3889480
3891600
3892184
3892472
3892927
3893600
3893919
3894523
3894745
3895015
3895105
3896025
3896462
3896732
3897207
3897596
3898485
3898494
3898766
3898812
3898902
3899950
3900713
3901528
3902337
3902746
3903291
3903755
3904141
3904275
3904535
3904947
3905085
3905184
3905253
3905744
3905971
3906426
3906452
3906466
3906520
3906964
3907171
3907600
3908211
3908545
3908674
3909076
3909301
3911259
3911697
3911713
3911912
3912329
3913631
3914130
3914257
3915086
3915225
3915825
3915887
3916752
3916778
3917645
3917755
3917854
3919269
3919640
3919889
3920145
3920313
3920338
3921624
3921710
3922525
3922913
3922915
3923560
3923947
3924889
3925492
3925728
3926077
3927718
3927722
3927910
3928182
3928795
3929100
3929536
3930460
3930931
3931652
3931857
3932230
3933975
3934553
3934799
3935181
3935561
3935956
3937594
3938507
3939192
3939471
3939834
3939882
3941844
3942358
3942413
3942712
3942730
3943107
3943579
3943773
3944151
3944240
3944246
3945081
3945216
3945269
3945368
3947182
3947637
3949369
3949474
3949718
3949917
3951293
3951383
3952081
3952571
3952656
3952890
3952984
3953109
3953529
3953812
3954457
3954936
3954937
3955309
3955498
3955581
3955763
3955837
3956987
3957137
3957200
3958113
3958432
3960345
3960351
3960417
3960842
3960953
3961220
3961357
3962866
3963167
3964382
3964416
3964481
3964513
3966337
3966633
3966729
3968376
3968652
3968685
3969246
3969379
3971113
3971382
3971801
3972221
3972808
3975549
3975602
3975664
3976151
3976440
3976568
3976696
3977743
3978171
3978411
3978774
3978921
3980116
3980856
3981462
3981477
3981504
3981560
3981706
3982146
3982264
3982631
3982716
3983538
3984943
3986952
3987244
3987754
3987781
3988988
3989496
3989557
3990886
3990934
3991049
3991685
3991940
3992032
3992976
3993081
3993494
3994307
3994509
3996826
3997689
3998002
3999580
3999786
4000386
4000867
4001134
4001184
4002044
4002200
4002274
4004210
4004569
4004800
4005797
4006381
4006604
4007049
4008170
4008957
4009379
4009396
4009962
4009977
4010481
4010670
4010673
4011344
4011438
4011678
4012126
4012186
4012281
4013251
4013277
4013557
4014650
4014900
4015386
4016367
4016680
4017238
4017733
4019671
4020017
4020176
4021004
4021132
4021777
4021945
4022028
4022070
