713
1100
1887
2185
2268
2666
2870
5118
5268
5516
5574
7086
7716
8115
8146
9885
10892
12132
14312
16366
16730
18213
19042
19817
21319
21930
23478
23490
23825
24058
24205
24697
26622
27178
27823
28169
28565
29711
30225
30767
32566
32899
32961
33042
34354
34570
35283
35517
35871
35903
37210
37677
37811
39795
40091
40897
41181
41956
42215
42710
42944
43013
43148
44328
45255
46433
48481
49635
49921
51596
51683
53467
54524
54609
54827
55213
56888
57195
58131
59242
59331
60079
60595
61022
63042
63154
64208
64485
66504
67330
69579
69735
69926
71064
71445
73013
73024
75198
75518
78652
79740
81766
82150
82161
83774
83840
84833
86123
87175
88199
88303
88593
88984
88990
89408
89540
90183
90414
91512
91607
92038
92836
93148
94968
96439
96624
96898
97031
97298
98362
98650
99335
100024
101836
102280
102666
103675
104245
104416
105292
106120
106716
106784
108794
109522
109578
110213
110713
111045
111397
112099
112431
112731
113431
113872
114374
114555
115185
116712
117086
117669
118480
118536
119296
119499
121071
122653
123459
123667
125768
125854
126097
126867
127619
129004
129244
129262
129488
129562
130499
130640
132065
133013
134898
134987
135630
137202
137287
137821
140082
140092
140325
141609
142171
143095
143226
144629
145185
145335
145354
145472
146485
147333
148254
148720
148735
151041
153067
153365
153447
154796
154981
155341
155536
156257
156346
156574
157504
157721
157812
159120
160037
160872
162311
163359
163431
164999
165753
167066
167520
168175
168231
168302
168357
169475
169557
171441
172255
172485
172763
173223
174054
174061
175072
175165
175334
175807
176136
176314
177117
177327
179677
180827
180872
181184
181300
181408
182690
184194
185635
185712
186253
187485
188516
188794
188877
189787
190018
192557
193144
194544
195024
195702
195732
196188
197369
197998
198021
198853
199233
201408
202113
202740
202856
204367
204711
204736
207236
208231
209206
209762
210492
211548
211800
211824
212634
212643
213165
214425
214528
216240
216585
217973
218550
219311
219340
221974
222744
223004
224058
224112
224627
226460
226543
226598
226826
227244
228155
229084
230352
230411
230588
230606
230936
233673
233866
235220
236142
236563
237151
238262
238815
239659
240328
240501
241119
241436
242724
243592
244950
246041
247024
247620
248514
249184
249474
249695
250098
250101
250174
251937
252624
253325
253395
253751
253774
254485
259795
260209
260386
261035
262072
263476
263787
264194
264868
265964
266087
266196
267814
268689
269510
270741
271044
271596
272385
273213
275242
275384
276244
278320
278510
278625
279071
280313
280697
282733
283550
285234
285599
287073
287566
288010
288310
289075
289481
289989
290041
290458
290584
291670
292683
293302
293847
293881
293987
295731
296026
296939
296987
297222
298930
299310
299619
299722
301432
301917
302167
303849
305518
306700
307475
307911
308940
309968
309985
310243
310331
310355
312962
314060
314084
314806
316518
317040
317095
317486
320919
321399
321948
322070
322182
323274
323830
324997
325891
326163
326277
326472
327003
328794
328927
329077
329116
329193
330000
331261
331860
332084
332087
333246
335082
338236
338273
338652
340092
340859
341765
341830
341991
342041
344007
346371
346514
347047
348514
348853
348870
349085
350236
351355
352065
352517
353070
355440
356224
356399
356749
357660
357840
358143
358649
358705
359163
359194
359237
359654
359841
359900
360153
361660
363321
363843
364927
365169
365232
365590
366453
367442
367611
368483
368871
369145
369971
371272
372684
373549
373585
374508
374636
375600
376025
376331
376406
376568
377046
377235
377302
379541
380050
381077
381295
381429
381656
382049
382270
383293
383445
384170
384297
385571
386409
388116
389337
391029
391477
391896
392317
392594
392730
393135
394848
395281
395878
398228
398293
398476
399416
399937
400252
401664
402599
403218
403393
404002
405467
405843
406081
406297
406425
409997
411871
412180
412457
412926
413028
414564
415396
415710
416035
419010
419052
419587
419869
420664
422399
422593
423313
425218
425400
425613
426457
427362
427610
427641
428169
428770
429751
430643
430729
432196
433440
433631
433990
434888
435758
435928
436270
437111
437529
437902
438759
439998
440003
440307
440571
442388
442414
442954
444098
446293
446564
447112
448412
449373
449730
450521
453167
453746
453752
454844
454950
455274
455312
455656
456046
457044
457276
458481
459310
459453
459596
459999
460673
461926
462032
463599
463860
464238
464631
465906
466223
468675
468897
468929
469953
470107
470497
470983
471366
472592
472649
473300
475292
476188
476513
477791
478357
479504
479553
480868
481975
483862
485937
486652
486722
488808
488849
489311
489400
489937
491885
491889
493054
493308
493499
493613
494401
494753
494948
495452
496044
496402
497130
497712
497952
498017
498863
498901
499293
499916
499984
500826
501617
501703
504492
504791
505497
505607
506355
506523
507537
508369
508606
509393
509524
510124
510525
510733
510976
511559
512361
513136
514262
515336
516103
517714
517744
517970
518733
522426
522712
523698
524367
525148
525282
526657
526836
526900
527398
527952
528151
528496
528859
530361
530517
531207
531526
531763
532108
534460
534653
535369
536047
536087
536207
537318
537456
537835
538558
539691
540531
540722
540992
541156
541441
541448
542902
544726
545068
546023
546510
548803
548971
549132
550647
550712
551094
554115
555648
556454
556618
556630
556639
558140
558594
559870
560054
560110
560186
562047
562412
563401
564004
564240
564252
565366
565856
566120
566169
566557
567202
567204
568055
568419
570787
570866
571820
572030
573054
573552
574328
574633
575464
575820
576201
576884
577794
578003
578435
578733
578934
580084
580327
580776
580840
581294
583529
583542
584403
584727
585650
585778
586476
588836
589259
589482
591995
592438
593982
594327
594765
594805
595255
595463
595640
595650
595950
596102
596519
597268
598227
599702
600257
601168
601656
602135
603495
603503
604934
605486
605887
607465
607780
608114
609330
609336
609953
611330
611704
611778
612588
612638
612749
614727
616897
617357
617474
618532
618557
618674
618752
620216
620580
620855
621676
621871
622834
623642
624262
624362
625226
626767
626848
629072
629116
630381
632663
632702
633471
633486
633649
634023
635196
635743
636439
636892
637429
637450
637487
638781
639014
640658
641461
641481
641987
643711
644312
650432
650729
650918
650937
651518
652108
652322
652356
652670
652674
653127
654347
656223
656239
656262
657330
657729
660061
660441
660939
664215
664298
665554
666197
666654
667200
667240
668251
669850
670053
670164
671096
671349
671464
671682
671911
672072
672233
672606
672851
673336
673355
674925
675075
675840
676188
676933
678057
678289
679530
680105
680670
681272
681618
681800
681822
683702
684069
684844
686882
687783
688726
688743
689374
690611
690834
692156
692292
692474
692724
694840
694861
694938
695114
695991
696128
697440
697525
698262
699062
699475
699909
700169
700523
701288
702847
702931
703780
703923
704483
706612
708704
708731
709097
710428
711992
712242
713993
715397
715663
717099
717159
717744
718635
718754
718920
718990
719062
719092
719101
719310
720022
720064
721206
722827
723118
725097
726122
727558
727820
728876
728907
729022
729603
730932
730940
732045
732935
733318
733665
734097
734376
734894
736202
736389
737765
738457
738999
739950
741597
741801
742263
742373
743121
743805
744083
744523
745152
745987
746100
746585
747330
747659
748432
750695
751154
751232
752049
752395
752813
752912
755172
755335
755354
755808
755904
756374
757345
757532
757535
757909
758458
758943
759541
759614
760545
760789
762129
762636
764420
764832
765405
765437
765808
765943
767580
767762
767886
768233
769240
771125
772913
774074
776313
776324
776729
779561
779887
780562
780740
781010
781762
782360
782527
783377
783878
784659
786140
786646
786708
786777
786810
787252
788088
789083
789810
790560
790617
790760
790886
791310
793048
793663
794747
795240
797392
797477
797748
797837
798454
798608
798872
799380
799955
800675
802385
802681
802935
803140
803203
803989
804308
804543
805362
805542
806839
807652
807694
808234
808870
809079
809273
809799
809982
810643
810841
810948
811331
812143
812640
813131
813142
814070
815512
816427
816479
817314
818896
819280
819453
819552
819830
820112
820710
821647
822260
823055
823121
823289
823490
823711
824252
824355
825464
827429
827480
828758
829335
829414
830683
831656
832408
837661
838067
838090
838353
838455
840696
840770
841047
841518
842338
842420
843818
845547
847259
847271
847288
847572
847955
849038
849284
850138
852291
852964
852992
853120
853153
853181
853853
854756
855705
855744
856374
856505
856723
856762
857217
858161
858257
858390
859237
859520
859626
860570
861668
863535
863679
864086
864419
864465
864844
865289
865298
865735
867129
867541
868044
869275
869916
870219
870757
870794
875213
876532
877246
877387
877712
878358
878843
879074
879540
882142
882162
885658
885660
886011
886163
886431
886770
887204
890006
890764
890774
891197
892296
893556
893990
894038
895037
895321
897151
897443
898206
899244
899692
901918
902619
902914
903711
904017
904178
905926
906008
906889
907357
908137
908729
909250
909264
909509
909560
910119
910268
910456
910547
911481
911546
911570
912514
912984
913421
914891
916004
916012
916467
916511
916822
917329
918073
918335
919998
920284
920446
920891
921965
922370
922376
922424
923095
923421
925710
926442
927277
927547
927672
927837
928997
929546
931449
931867
932330
932696
933042
933097
933242
933339
933732
934071
934274
935062
935170
935896
936102
936117
936454
936542
937155
937608
937768
937966
938390
938483
939144
939193
939999
941034
943945
945576
945589
946602
947643
949123
950519
950745
952766
953030
953154
953890
954502
954825
955590
955605
956103
956930
957053
957879
958099
959112
959509
960663
961179
961945
962691
965075
966215
966426
967342
967442
968481
968947
970525
970662
971071
971752
971948
973077
973415
973737
974366
974877
976002
976047
976334
977434
977527
978541
979036
980517
980543
981245
981408
982116
984099
986066
986545
987278
988678
988919
989932
990234
990576
991292
993894
993955
994375
994780
995400
995408
995722
997224
997337
997724
998502
998505
998928
999880
1000905
1001626
1003779
1005156
1005190
1005534
1005706
1006644
1007851
1008437
1008468
1008663
1009458
1010527
1010746
1011224
1011614
1012258
1012521
1013552
1013904
1013920
1014951
1016387
1017584
1017747
1018241
1018374
1019253
1019461
1019687
1019939
1021215
1021621
1022047
1023163
1023222
1023538
1023907
1024861
1024913
1025068
1025145
1025313
1025384
1026753
1026796
1026881
1026889
1027062
1027118
1027413
1028309
1028953
1031389
1032239
1034053
1036713
1037186
1037534
1037960
1038803
1038856
1039024
1039080
1039321
1039920
1040196
1040535
1041425
1042241
1042948
1045267
1045986
1046712
1048370
1049340
1050031
1050076
1050318
1053203
1053206
1053945
1055744
1056507
1056614
1059192
1059692
1060854
1061839
1062049
1064504
1066401
1066941
1068327
1068827
1071551
1072455
1072483
1073345
1075111
1076863
1076901
1077707
1078923
1080422
1080857
1086184
1086642
1087146
1087218
1087357
1087643
1089322
1089756
1090586
1091193
1091198
1091439
1092537
1092558
1095050
1097838
1097845
1099192
1099220
1099315
1099742
1100130
1101921
1102433
1103361
1103768
1108318
1108765
1109097
1109968
1110495
1112102
1113237
1113402
1113792
1114711
1114760
1117076
1118022
1118828
1119822
1120509
1121041
1121248
1121544
1122472
1122621
1123521
1126606
1127458
1128181
1128512
1128606
1129097
1129990
1130325
1130585
1131072
1131954
1132059
1132648
1132862
1134238
1135849
1135989
1136338
1136829
1137900
1138957
1139883
1140712
1141042
1141706
1142089
1143461
1144339
1144659
1144813
1145473
1146189
1146685
1148304
1149528
1150341
1152386
1152480
1153303
1153315
1153476
1154095
1154754
1157462
1157962
1159726
1159970
1160108
1160236
1160677
1160813
1160871
1161035
1161359
1162668
1163136
1164159
1165105
1165122
1167902
1168062
1168548
1169268
1171763
1172529
1173149
1173492
1175192
1177621
1177675
1177927
1178495
1178591
1178849
1178971
1179397
1181039
1181477
1182030
1182472
1183406
1184779
1185065
1185730
1186424
1190079
1190380
1190502
1191257
1191946
1192121
1192185
1192676
1193395
1193423
1193686
1195989
1196837
1197751
1198757
1199772
1200062
1201969
1202040
1202913
1202993
1204180
1204578
1204979
1205136
1205253
1206100
1206532
1206812
1207289
1208350
1208768
1209148
1209219
1209386
1210914
1212598
1213387
1213889
1213922
1213954
1214570
1214845
1215086
1215657
1218579
1219036
1219241
1219531
1220004
1220983
1221478
1221534
1221596
1221800
1222362
1222766
1223459
1223585
1223598
1226061
1226218
1227517
1227877
1228068
1229333
1230702
1230780
1231376
1231396
1232386
1232458
1233078
1233531
1233596
1234223
1234340
1234728
1235517
1235621
1235701
1236169
1236526
1237435
1237528
1239177
1240092
1240823
1240938
1242005
1242555
1242586
1242827
1243795
1244458
1244595
1245510
1246471
1246525
1246535
1248613
1248723
1249849
1249953
1250098
1250442
1250671
1251243
1252527
1252830
1253682
1254626
1255411
1255751
1255996
1257863
1258376
1259572
1260065
1260187
1260289
1260916
1262846
1262929
1263665
1264221
1264803
1265609
1267433
1267912
1268366
1268641
1269197
1269656
1270161
1270599
1271044
1271565
1273729
1274044
1275987
1276122
1277310
1277651
1278610
1281828
1282139
1284625
1286832
1287943
1288523
1290179
1290370
1290795
1291374
1291412
1295379
1295688
1296690
1297850
1298548
1298622
1299776
1300652
1302156
1302321
1304958
1307392
1308082
1308096
1309130
1309527
1309719
1310732
1312010
1313557
1313584
1314750
1316671
1316718
1317296
1317546
1317990
1318642
1319418
1319649
1320309
1320415
1320840
1321359
1321974
1322565
1323354
1325278
1325602
1326339
1326376
1327185
1328402
1329734
1330152
1330372
1330389
1331219
1331382
1332222
1334807
1334943
1335683
1340021
1340537
1341353
1341901
1342327
1342335
1342541
1342669
1342750
1343022
1343429
1344667
1345673
1348176
1348228
1348670
1348700
1348731
1349063
1349600
1349955
1350504
1351034
1351170
1352174
1352333
1352536
1352612
1353349
1353863
1353977
1354068
1355015
1356341
1358193
1359134
1359150
1359293
1359538
1360341
1360412
1360803
1360825
1362543
1365802
1365871
1366296
1367006
1367438
1367889
1368522
1368649
1369139
1370855
1371423
1372604
1373694
1373806
1374332
1375567
1376300
1378688
1378923
1380193
1380384
1380778
1381705
1381788
1382053
1382795
1383013
1383647
1385525
1387141
1388675
1388752
1388811
1389302
1389444
1393511
1394803
1394945
1396101
1396471
1396863
1397775
1397830
1398480
1398663
1399073
1400651
1401056
1401116
1401320
1401545
1404317
1405993
1406021
1407042
1407773
1409042
1409675
1410551
1411209
1411688
1411755
1412434
1414035
1415146
1415519
1415547
1416071
1416108
1418231
1418422
1420095
1420710
1420821
1422170
1422347
1422370
1422608
1424003
1424059
1424704
1427020
1427601
1428534
1429045
1429059
1429724
1429935
1431080
1432123
1433227
1433737
1435537
1436020
1438241
1439218
1443099
1443688
1443779
1445171
1445415
1446990
1447829
1448091
1448967
1449575
1449611
1452092
1453420
1453472
1453689
1454093
1455051
1455115
1455888
1455971
1456554
1457141
1457153
1457361
1457738
1458160
1458276
1458475
1458572
1458875
1459020
1459042
1462682
1463595
1463945
1464069
1464266
1464796
1465539
1465793
1465840
1466835
1467721
1468179
1471342
1472226
1476558
1476862
1476923
1477378
1477620
1477629
1478791
1478945
1478995
1480112
1482350
1483250
1483289
1483558
1483676
1484111
1485123
1485286
1485920
1486882
1487393
1487526
1487935
1487942
1490348
1490553
1491461
1492529
1492794
1492927
1492992
1493638
1495539
1496838
1496928
1498813
1499566
1500405
1500977
1503194
1505352
1505705
1506806
1507736
1508451
1508992
1509056
1510056
1510667
1511195
1511634
1511754
1512655
1513199
1514248
1514734
1515131
1515565
1516845
1517190
1519673
1520102
1520824
1521184
1522283
1522920
1523059
1523416
1523662
1523701
1525210
1526240
1528192
1528784
1529083
1529113
1529708
1529955
1531022
1531618
1531879
1531909
1531941
1532317
1532408
1532551
1533588
1534422
1534512
1534529
1534894
1535318
1535412
1539105
1539246
1539741
1541259
1541812
1542246
1543343
1544388
1545299
1547044
1547124
1547425
1547753
1548386
1548942
1549130
1552373
1553170
1553685
1554136
1554616
1554686
1554969
1557505
1557649
1558039
1559224
1559852
1560002
1560213
1560365
1560416
1560608
1562697
1563005
1563476
1565067
1565143
1565740
1566608
1568298
1572154
1572511
1572748
1573964
1575585
1576716
1577157
1577184
1577783
1577978
1577979
1578231
1578302
1578505
1578789
1579593
1580106
1580841
1581065
1581689
1581764
1583247
1584120
1584409
1584454
1584618
1586071
1586181
1586363
1588587
1589249
1589895
1590023
1590285
1590675
1591966
1592145
1592698
1593223
1593848
1594291
1595497
1596906
1597419
1598376
1600378
1600610
1600825
1603519
1603622
1603788
1604654
1604832
1605735
1605782
1606025
1606486
1608777
1609356
1611808
1612391
1612583
1612749
1614492
1616006
1616132
1618282
1618770
1619216
1619491
1620367
1620948
1621130
1621403
1621591
1621721
1621984
1622477
1624448
1625619
1626274
1627755
1628060
1628159
1628226
1628375
1628843
1629514
1629856
1630900
1631779
1632518
1632774
1632894
1633301
1633759
1634213
1634547
1635111
1635566
1635642
1636113
1636713
1638146
1638797
1638900
1638966
1640132
1641331
1642196
1642322
1642632
1642836
1643250
1643960
1644628
1644727
1645137
1645156
1647413
1647877
1648690
1648825
1649210
1649369
1650059
1650379
1651898
1651962
1652229
1652584
1654065
1654693
1656432
1656810
1657889
1659217
1660167
1660653
1662477
1663162
1664019
1664220
1664344
1664358
1664974
1666026
1666099
1667470
1667527
1668639
1669044
1669945
1671049
1671380
1672266
1672896
1674285
1674707
1674804
1674835
1676095
1676530
1677363
1679397
1679595
1679775
1679980
1680669
1682204
1686828
1687048
1687821
1688562
1689527
1689679
1690010
1692413
1692569
1692791
1694078
1694817
1695005
1695261
1695457
1697088
1697395
1698024
1698209
1698239
1698547
1699101
1700899
1701470
1701840
1702103
1702471
1702721
1703196
1703281
1703637
1704513
1704665
1704677
1705059
1705778
1709531
1710615
1711396
1712414
1713055
1713417
1714262
1714995
1715349
1715975
1716060
1716531
1717533
1717574
1717871
1718921
1719450
1719693
1720355
1720556
1720638
1720713
1720991
1722306
1722580
1723151
1724424
1724614
1724880
1725486
1725747
1726697
1727075
1727696
1728776
1728837
1729586
1729763
1730685
1731175
1731405
1732969
1733744
1734035
1734504
1735089
1735574
1735714
1736124
1736250
1736467
1737300
1737713
1739390
1739604
1739965
1741152
1742597
1743490
1743773
1743842
1744805
1744878
1746179
1748553
1748611
1748874
1749748
1749977
1750284
1750892
1751329
1751670
1751687
1751992
1752139
1753292
1754194
1754412
1754911
1754995
1755409
1755482
1755613
1755971
1758097
1758301
1758305
1759083
1759848
1760029
1760123
1760483
1760577
1760651
1762031
1764087
1764466
1764731
1765066
1765268
1766983
1767033
1767110
1767228
1768308
1769318
1770334
1771147
1773855
1774824
1775245
1775969
1776990
1777012
1777432
1779343
1779782
1781334
1782381
1783130
1784764
1785101
1786395
1787451
1788694
1790004
1790766
1790890
1792540
1792679
1793623
1794035
1795115
1795406
1795709
1796877
1797095
1797799
1798419
1798864
1798918
1798985
1799113
1799165
1800010
1800056
1800912
1802413
1803515
1804958
1806387
1807576
1807592
1808296
1808797
1810843
1811182
1811402
1811764
1813676
1815018
1815524
1816712
1817021
1817627
1818601
1819285
1820737
1822130
1822792
1823086
1823087
1823919
1825031
1825113
1826161
1826869
1827561
1827566
1827866
1828360
1828592
1829690
1830105
1830982
1831627
1831993
1832745
1833089
1833758
1834637
1835143
1836435
1836744
1837398
1837500
1838671
1839316
1839388
1839550
1840793
1841912
1843572
1844233
1844538
1845057
1845510
1845657
1846030
1847489
1848491
1848623
1849565
1850777
1851928
1852392
1852712
1853654
1857054
1857558
1857614
1859228
1860137
1860557
1860654
1861387
1861793
1862127
1862237
1863074
1864524
1864850
1865391
1866155
1867330
1867551
1869226
1869280
1869402
1869576
1871187
1871356
1871852
1872573
1872600
1872811
1872891
1873964
1877125
1878254
1878590
1878647
1879596
1880607
1880758
1881279
1881334
1882087
1883028
1883262
1883270
1883714
1883721
1884365
1884658
1885812
1886204
1886272
1886869
1887739
1889828
1890194
1890697
1892235
1892956
1893588
1893905
1894787
1895106
1895701
1896384
1896718
1898259
1898431
1898907
1899270
1900176
1900791
1901211
1901228
1901890
1904667
1904750
1905211
1906074
1906112
1906853
1906957
1907511
1908758
1908822
1909880
1911121
1912232
1912673
1914108
1914462
1916797
1919948
1921506
1922034
1922279
1925501
1925765
1926378
1927156
1927215
1927480
1928636
1930828
1931567
1931778
1932429
1933877
1934820
1936172
1936257
1936355
1936761
1936966
1937882
1938676
1940094
1940652
1940679
1941112
1941459
1942104
1942198
1943248
1946414
1946511
1946835
1947171
1947405
1947697
1949369
1949490
1951037
1951883
1952988
1954182
1954933
1954955
1955331
1956288
1956468
1957264
1957488
1958400
1960256
1961292
1962304
1962591
1963775
1964187
1964485
1965716
1965808
1967801
1968257
1969261
1970155
1971110
1971916
1972540
1973004
1975372
1976750
1977447
1977545
1979573
1979883
1980520
1981096
1982472
1982648
1982690
1983035
1983871
1984201
1984349
1984563
1986409
1987014
1987740
1988401
1989523
1991444
1992215
1994437
1994461
1994811
1999121
1999795
2000921
2000934
2000997
2005097
2005427
2005468
2007469
2008187
2009901
2011195
2011309
2011694
2011992
2014043
2015438
2017404
2017472
2019427
2020487
2022034
2022480
2023632
2024440
2025444
2025491
2026306
2026442
2026596
2028816
2028989
2029077
2030003
2030345
2030560
2030614
2030712
2031492
2033096
2033688
2034227
2034874
2035080
2035524
2035682
2035985
2036405
2037031
2038516
2038789
2039109
2040733
2040896
2041485
2042292
2042464
2044171
2044565
2045084
2045226
2045681
2045814
2046156
2046826
2048285
2050805
2050994
2051866
2052604
2054573
2055760
2056635
2057074
2057639
2058324
2058419
2058649
2058724
2060009
2061343
2061478
2062126
2063150
2063654
2063791
2064297
2065445
2065658
2066214
2068472
2069632
2069651
2069896
2071424
2073899
2073937
2074292
2074697
2076239
2076800
2081532
2082037
2082239
2083157
2083819
2085892
2087393
2087472
2087814
2088222
2089194
2089598
2090081
2090459
2091606
2091664
2094314
2094709
2094907
2094909
2096615
2097208
2098640
2098924
2101064
2103045
2104166
2104308
2104835
2104973
2105005
2105061
2105187
2105436
2105950
2105958
2106457
2107365
2108109
2108928
2109413
2110394
2111736
2112336
2113185
2115075
2115328
2116838
2117465
2118582
2118585
2119826
2120102
2121360
2122375
2122956
2125018
2125547
2126409
2129134
2129679
2129828
2130106
2130986
2131637
2132488
2134590
2134789
2134792
2135994
2136640
2138287
2138917
2139696
2139794
2140555
2141074
2141504
2141851
2141856
2144797
2145474
2145704
2147611
2149581
2150003
2150033
2150089
2150395
2150807
2151667
2151864
2152139
2153818
2154151
2154416
2156143
2156907
2157013
2157106
2157146
2157316
2158016
2158276
2161635
2162379
2163913
2165470
2165478
2166805
2167807
2167979
2168105
2168668
2168755
2169631
2169636
2169679
2172735
2173860
2174093
2175297
2175703
2177232
2178189
2178445
2178832
2178929
2179171
2180694
2182424
2185522
2185853
2188165
2188468
2189775
2191075
2191749
2191850
2192284
2193014
2193439
2194419
2194504
2195004
2195631
2196925
2197319
2198699
2200324
2201753
2202153
2202707
2202825
2203118
2204008
2204102
2205247
2205266
2205807
2205868
2207731
2208712
2208906
2209555
2210013
2210960
2211837
2212007
2215235
2215517
2217307
2217577
2217595
2217757
2217781
2218860
2219078
2219587
2221076
2222358
2222632
2222672
2222831
2223278
2223825
2224047
2224474
2224791
2225086
2225546
2225694
2225778
2227475
2227803
2228028
2229359
2230811
2230887
2231123
2232224
2233096
2234012
2235419
2235688
2235717
2235845
2236192
2236897
2237650
2238061
2238103
2238134
2239108
2239411
2239799
2240446
2240987
2242386
2242687
2243069
2243714
2245183
2245870
2246156
2246838
2247129
2247815
2248476
2248544
2248856
2249681
2250409
2250914
2251446
2252197
2252254
2252764
2253729
2254442
2255339
2255566
2255727
2256701
2256911
2257143
2257811
2258856
2259028
2259648
2260571
2260715
2261158
2262776
2262990
2265409
2265630
2266310
2266831
2267103
2267171
2267417
2267613
2268265
2270408
2272381
2272868
2273140
2273353
2273916
2274365
2275561
2275884
2276969
2277680
2278058
2278098
2279484
2279645
2280728
2281895
2282201
2282799
2283701
2283924
2284318
2285076
2285846
2286713
2287908
2288010
2289875
2290588
2290758
2291721
2292357
2293150
2293613
2294523
2294685
2295096
2296272
2296525
2297419
2299906
2301061
2302200
2302781
2303097
2303740
2303750
2304680
2306127
2306315
2306446
2306659
2307639
2309985
2311302
2311827
2312440
2312765
2313500
2314007
2314100
2315571
2315814
2315837
2316808
2317318
2318179
2318970
2320721
2321196
2321702
2323023
2323697
2324144
2324154
2325212
2327752
2327856
2327922
2328225
2328297
2328302
2328354
2329254
2329516
2329712
2330043
2330673
2331185
2331456
2331660
2332067
2334544
2335790
2335812
2336695
2336987
2337345
2337915
2339341
2339666
2339904
2340777
2340972
2344677
2344832
2344874
2346121
2349362
2349702
2350061
2350100
2350923
2351026
2352083
2352151
2352829
2353511
2353978
2354245
2354275
2354376
2355309
2356401
2357791
2358538
2359009
2359527
2360374
2361509
2362496
2362628
2363022
2364111
2365130
2365801
2366307
2367451
2368306
2368709
2368943
2371168
2371541
2371542
2374967
2375194
2375417
2376100
2378874
2379026
2379756
2381668
2382288
2382296
2382722
2383225
2383307
2383326
2383542
2384399
2384437
2384444
2384588
2385130
2386643
2387346
2387733
2387921
2388448
2388999
2389551
2390057
2391316
2391646
2391938
2392925
2393255
2393376
2393649
2393682
2395141
2396345
2396452
2397142
2397319
2397709
2397911
2400570
2400774
2401270
2401490
2401797
2403047
2403381
2403502
2403758
2403841
2404014
2404596
2404622
2405274
2405860
2406616
2407449
2408030
2408645
2409012
2409782
2411337
2411953
2412078
2412495
2413125
2413176
2413222
2413223
2413691
2414189
2416196
2418900
2419816
2420541
2420886
2421001
2421078
2422701
2423507
2425311
2426115
2426342
2426481
2427281
2427673
2428628
2430292
2430466
2430748
2431494
2432594
2432924
2435507
2435521
2435796
2436074
2437164
2437783
2438014
2438660
2438831
2439138
2440190
2440339
2441309
2442494
2442953
2442989
2444050
2444136
2447497
2447564
2448149
2448194
2448993
2449279
2451438
2451556
2452089
2452236
2452845
2454247
2454701
2455099
2455960
2456031
2457166
2457826
2458697
2458722
2459273
2459725
2460482
2461536
2461603
2464858
2467712
2468364
2469961
2470734
2471462
2473500
2474415
2475316
2475867
2476629
2480873
2480990
2481046
2481142
2482133
2482172
2483001
2483504
2483647
2483666
2483704
2484460
2486548
2486556
2487012
2487214
2487620
2490681
2490743
2490983
2491163
2492670
2493378
2494595
2497063
2499372
2500100
2500697
2501208
2501560
2501699
2502767
2503909
2504620
2504750
2505713
2507106
2507712
2507798
2507875
2507914
2508468
2509363
2511416
2512129
2513988
2514735
2515596
2515672
2516821
2517163
2519016
2519304
2520970
2521058
2521222
2521809
2522086
2522181
2522562
2524264
2526719
2527909
2528234
2528452
2529474
2530759
2530957
2531969
2532518
2533665
2533898
2535125
2536193
2537933
2537971
2539853
2540275
2540541
2541118
2541706
2544489
2545644
2547387
2547734
2549759
2551589
2551615
2551680
2553147
2553155
2555158
2555425
2555974
2556320
2556994
2558054
2560813
2560889
2561512
2561714
2565149
2565152
2565727
2566266
2567565
2569456
2570155
2571413
2572022
2573090
2573213
2574064
2575228
2575324
2576259
2579524
2580489
2582248
2583576
2584145
2585857
2585951
2588036
2588573
2588617
2589976
2590352
2590691
2592013
2592759
2593132
2594725
2594858
2595286
2595400
2595503
2595629
2595835
2597031
2598648
2599427
2601100
2601547
2602070
2602122
2602201
2602543
2602609
2603524
2603637
2603891
2605112
2605319
2605378
2606196
2606405
2609535
2611259
2611893
2612285
2613316
2613445
2613621
2615820
2618657
2619598
2619842
2621007
2624594
2625048
2625423
2625509
2625998
2626211
2626746
2626786
2627332
2628463
2629179
2629810
2630943
2632284
2632325
2632634
2632702
2633469
2633552
2634208
2634527
2635154
2637881
2638434
2638738
2638900
2640905
2642236
2642657
2643092
2643098
2643453
2643526
2644240
2644818
2645662
2645838
2645974
2647038
2647158
2648094
2649295
2649347
2650103
2650761
2651072
2651992
2652025
2653335
2653377
2653613
2654583
2655139
2657193
2658079
2658258
2658486
2658655
2661937
2662638
2662868
2664402
2664750
2665253
2665596
2666003
2666246
2666289
2666319
2666387
2666493
2666883
2667327
2669043
2669651
2670037
2670805
2671351
2672058
2673084
2673836
2673856
2673873
2674720
2676765
2677465
2677545
2678731
2679377
2680356
2681963
2682020
2683422
2684091
2684384
2685641
2686214
2687345
2688032
2688260
2689228
2689500
2690098
2690666
2691300
2691338
2693991
2697120
2697705
2698290
2698404
2699448
2699660
2700312
2700327
2701029
2701403
2701587
2702411
2702926
2703602
2704009
2704335
2706279
2707218
2707386
2709392
2709467
2710819
2711015
2711545
2712856
2713318
2713473
2713804
2714176
2715340
2715948
2716374
2716589
2717249
2718574
2720754
2721197
2723828
2724846
2725010
2725124
2726683
2726908
2727779
2727847
2728213
2728312
2728535
2729573
2729650
2729805
2731379
2731641
2731723
2732220
2732441
2733077
2733344
2733515
2733790
2734184
2734306
2735398
2735520
2736090
2736201
2736676
2737234
2738369
2738589
2739398
2739753
2739919
2740827
2741930
2742745
2744017
2744241
2744272
2744594
2744769
2745795
2745969
2749478
2750127
2750165
2751144
2751659
2752762
2752962
2753059
2753295
2754061
2754292
2754764
2754915
2755082
2755577
2756557
2758070
2758080
2758264
2758852
2759034
2759396
2760900
2760926
2761579
2761902
2763036
2764290
2766023
2766035
2766626
2766977
2767736
2768481
2768894
2768986
2769568
2769640
2771507
2771614
2772278
2775745
2775759
2776142
2776343
2776803
2777438
2777757
2779262
2779576
2779945
2780483
2780589
2781790
2782972
2783805
2784162
2784397
2784566
2784626
2784875
2785059
2785167
2785227
2785342
2785507
2785711
2786384
2787457
2787564
2788572
2788955
2790252
2790901
2791761
2791872
2791961
2792031
2793284
2793420
2793920
2794209
2795089
2795456
2796221
2797202
2798058
2798515
2799773
2801033
2804967
2807598
2807780
2807906
2808295
2809494
2810778
2810799
2812325
2812963
2815403
2817127
2817638
2818233
2818326
2818657
2820294
2820974
2821326
2822184
2822817
2822945
2823324
2823944
2824696
2825617
2826234
2826952
2827227
2829242
2830071
2830845
2831828
2831985
2833781
2833951
2834111
2834934
2835815
2837930
2838210
2839384
2840731
2841845
2841866
2842753
2843701
2844187
2844194
2845909
2849035
2849739
2850138
2850661
2850799
2850968
2851147
2853051
2853062
2854392
2855350
2855873
2856146
2856842
2859329
2860690
2863117
2864117
2864194
2867767
2870184
2870692
2870819
2870829
2871347
2872677
2873082
2873239
2875762
2876199
2876415
2877256
2877829
2878363
2879951
2880374
2880577
2882370
2882742
2883146
2883958
2883967
2883987
2885275
2888043
2888096
2888774
2890148
2891682
2891849
2891937
2894410
2894619
2895191
2896129
2896162
2896298
2897615
2898017
2898075
2898241
2899304
2900952
2901223
2902170
2902517
2903705
2903980
2906757
2907827
2909425
2909795
2909954
2910039
2911750
2911780
2912426
2912988
2913253
2914368
2916767
2917176
2917281
2918406
2919623
2921660
2922192
2922272
2923057
2923710
2923719
2925631
2926767
2927491
2927545
2928161
2928256
2929005
2929404
2929912
2931145
2931681
2931912
2932223
2932865
2933482
2933695
2934157
2934585
2934935
2935138
2935955
2937019
2937061
2937518
2939063
2939318
2939828
2940198
2940244
2940287
2941264
2942413
2943742
2944655
2945080
2945736
2947114
2947295
2947650
2949787
2950551
2952275
2952965
2953166
2953685
2954001
2955305
2957075
2959832
2962029
2962332
2962542
2962555
2962993
2963161
2964263
2964675
2964693
2966656
2969911
2969984
2970469
2971825
2973150
2973770
2975218
2975694
2976334
2976730
2976932
2977077
2977426
2981771
2981878
2982226
2984386
2985471
2986607
2987283
2988129
2990410
2990831
2990937
2991266
2993280
2993365
2994603
2995529
2995699
2995916
2996246
2996571
2998910
2999641
2999676
3000435
3001530
3001866
3003393
3004176
3005420
3005661
3006511
3007052
3007749
3008433
3009845
3010688
3011713
3011731
3012688
3012749
3012948
3013188
3013456
3014048
3014833
3015166
3017508
3018533
3019503
3020450
3021123
3022191
3022818
3024027
3024436
3024829
3024865
3025156
3026147
3026184
3026965
3027483
3028016
3028088
3028454
3029319
3029718
3029929
3030252
3030528
3031162
3031262
3032968
3034065
3034367
3036196
3036328
3036554
3037042
3037229
3039316
3041040
3041973
3042915
3045366
3045565
3045578
3046999
3047119
3047128
3048694
3048853
3049663
3049818
3050705
3051327
3051525
3051971
3052729
3053093
3053370
3055203
3055438
3055948
3056228
3056278
3057224
3057570
3057671
3057931
3058156
3058891
3059169
3060189
3060840
3060931
3061780
3062191
3062538
3062714
3064098
3064549
3064553
3064944
3068105
3068351
3068865
3070830
3071496
3072089
3072114
3072281
3072806
3074325
3075191
3075394
3075395
3077394
3078686
3079272
3080196
3080588
3080903
3081526
3081668
3082061
3083829
3084281
3084708
3085359
3085922
3085985
3086126
3086514
3087776
3088172
3088650
3090008
3090751
3091647
3092363
3092742
3093558
3095916
3097776
3097886
3098777
3099106
3099517
3100160
3100462
3100890
3102479
3102723
3103439
3103897
3104543
3105068
3105403
3106343
3106924
3107745
3108230
3109732
3110053
3110169
3110177
3114169
3114768
3114801
3115049
3115625
3115629
3115760
3115998
3116778
3117625
3118542
3119313
3119314
3120197
3120907
3121887
3122253
3123200
3123831
3125312
3125577
3125898
3126448
3127188
3127273
3127699
3128452
3128521
3129301
3131412
3132010
3132607
3132793
3133693
3134003
3134483
3136681
3138003
3138211
3138272
3138681
3139602
3141645
3142219
3142694
3143365
3143974
3144016
3144518
3145286
3146379
3146724
3147210
3147314
3147947
3149234
3149896
3150459
3151012
3152873
3153391
3153990
3155217
3156344
3157740
3158815
3160900
3162404
3162664
3164987
3165391
3166819
3166961
3167197
3167789
3167931
3169068
3170677
3171760
3173502
3174294
3174973
3175582
3175972
3176068
3176257
3176625
3176748
3178963
3179391
3180464
3181461
3181625
3184268
3184762
3184804
3185793
3186154
3188564
3188779
3191079
3191491
3191545
3191566
3192995
3193327
3193667
3194358
3194388
3194524
3194819
3194997
3195207
3195280
3195406
3195529
3196328
3196523
3197790
3197914
3198825
3199738
3199990
3200628
3201680
3202025
3202305
3202941
3205710
3206348
3207494
3208063
3208598
3208665
3209209
3209494
3210040
3210739
3210782
3211142
3212610
3212611
3213129
3213450
3213849
3214557
3215157
3215891
3216300
3217089
3217924
3218157
3218158
3218807
3218975
3219865
3220417
3221355
3222821
3222904
3222947
3224205
3224665
3225098
3226474
3226946
3226969
3227634
3228144
3228257
3228598
3229831
3231891
3234307
3235302
3236204
3236657
3236768
3237325
3238619
3239533
3240311
3240731
3241360
3241415
3241533
3241589
3241719
3241730
3241760
3242723
3242729
3243596
3245165
3245726
3246631
3247440
3247518
3247843
3248056
3249092
3250577
3250747
3252647
3253535
3254191
3255634
3255657
3256166
3256959
3257224
3257611
3258431
3258436
3259114
3259253
3259499
3262740
3263446
3263457
3264331
3264915
3265346
3265492
3265891
3265892
3266798
3266975
3267646
3268752
3269540
3269840
3270000
3271082
3272372
3274557
3274683
3274868
3275244
3275814
3276246
3276360
3276550
3276784
3277025
3277203
3278312
3279044
3279578
3280662
3281387
3281666
3282718
3285743
3286296
3286395
3286399
3287385
3287784
3288926
3289127
3289490
3290907
3290908
3290945
3291063
3291093
3291288
3291425
3291894
3293316
3293708
3294686
3295752
3296283
3297002
3297162
3297324
3299565
3299965
3300661
3300752
3301421
3302087
3302294
3302402
3303616
3303881
3304093
3304341
3305920
3305940
3307339
3307782
3308723
3309784
3311043
3313252
3314000
3314272
3314283
3314319
3314840
3315063
3315591
3317638
3317909
3320902
3321052
3321255
3322839
3323845
3324263
3325850
3326348
3327931
3329296
3329762
3329763
3330610
3331523
3332893
3333753
3334144
3335245
3336047
3336535
3336699
3337568
3338533
3338787
3339462
3341110
3342796
3342827
3343382
3344425
3344830
3346254
3347755
3348573
3348701
3350642
3350818
3351009
3351147
3351421
3351735
3353048
3353602
3354321
3354673
3355858
3358478
3358765
3359692
3360107
3360727
3363157
3363292
3364320
3364469
3364766
3364961
3366099
3368335
3368589
3371220
3372201
3372902
3374604
3375255
3375695
3376111
3377374
3378888
3379254
3379307
3379625
3381623
3381674
3382393
3382967
3383146
3385063
3385252
3385856
3385866
3386107
3386132
3386452
3386464
3386473
3387455
3387575
3390926
3391763
3392540
3392972
3393383
3394199
3394561
3394872
3397723
3397896
3400106
3401023
3401878
3402775
3404037
3405403
3407159
3407306
3407872
3408958
3409563
3412228
3412265
3412351
3412721
3413389
3413772
3419282
3419822
3420535
3421055
3421259
3421958
3422405
3422952
3423168
3423584
3424403
3424624
3425595
3426831
3427430
3430498
3432460
3432492
3432846
3433045
3433297
3433511
3433549
3434064
3435008
3435792
3436974
3437466
3437590
3441895
3443014
3444066
3444315
3444469
3444533
3444746
3444914
3445826
3446539
3447217
3448771
3449016
3449166
3449500
3450220
3450773
3450893
3453100
3453374
3453445
3454217
3454557
3457286
3457395
3457753
3458084
3459033
3459408
3459595
3461007
3461160
3461339
3461340
3462391
3463081
3464188
3465519
3465535
3466292
3466682
3467668
3468245
3468470
3469503
3470450
3470941
3471096
3472778
3472786
3473789
3474248
3474537
3476307
3476504
3477412
3478105
3479558
3479706
3479872
3480006
3480504
3480672
3481712
3483656
3485720
3486071
3486085
3486534
3487339
3488084
3488514
3488622
3489876
3489932
3490564
3491837
3492831
3493095
3493162
3493962
3494952
3495892
3498642
3499603
3500632
3501536
3501800
3503330
3503585
3504747
3504958
3505309
3507019
3507807
3508085
3510457
3511585
3511786
3511985
3512165
3513130
3513196
3513601
3514627
3516082
3516309
3516818
3518447
3519326
3519560
3519775
3520443
3520767
3522307
3522605
3522724
3523046
3523897
3524418
3525277
3525666
3525747
3525824
3525923
3526592
3526844
3527041
3527230
3527471
3527776
3529303
3530529
3531727
3533838
3534187
3534295
3534579
3534861
3536643
3538151
3539116
3539533
3539931
3541876
3541924
3542969
3544182
3544954
3544977
3545081
3546063
3546476
3547257
3547571
3547607
3548494
3548914
3550315
3550367
3552095
3553023
3554544
3554932
3554970
3556211
3557480
3559368
3561079
3564479
3564545
3564952
3565658
3566912
3567150
3567447
3567678
3569269
3569586
3569622
3569894
3570639
3571326
3571470
3571750
3572565
3574456
3579359
3579405
3581349
3583628
3583941
3584123
3584563
3584698
3584753
3586185
3587461
3587719
3588384
3589438
3589486
3589620
3590072
3591985
3592311
3592978
3593235
3593679
3593732
3594054
3594766
3595108
3595454
3596444
3596818
3597100
3598185
3598399
3599293
3601068
3601223
3601723
3603876
3604877
3605594
3606222
3606440
3606505
3606856
3607008
3607132
3607560
3609731
3610721
3611218
3611521
3612279
3612290
3612457
3613243
3613632
3613845
3614852
3615564
3617399
3618074
3618506
3618533
3618909
3619832
3620253
3621020
3621806
3623397
3624198
3624624
3624994
3625102
3626460
3626862
3627487
3628396
3628737
3630074
3630162
3632073
3632076
3632964
3633681
3634745
3635232
3635784
3635862
3636018
3636558
3638420
3638529
3639106
3639676
3641476
3641811
3642068
3643270
3643658
3643670
3643999
3644170
3644284
3645065
3645962
3646386
3647613
3647873
3648231
3648586
3649285
3652375
3654046
3655481
3656522
3656876
3658119
3659617
3660241
3660258
3661093
3662011
3662862
3663416
3663784
3664121
3665448
3665495
3666619
3667163
3667256
3667546
3667616
3668390
3669278
3670877
3671433
3671897
3673658
3673696
3675208
3676682
3677099
3677477
3678366
3678433
3679305
3680367
3682571
3682775
3682925
3683321
3684322
3686621
3686843
3687277
3690633
3691193
3692252
3692545
3693435
3693506
3695710
3696761
3697401
3699166
3699351
3700176
3700516
3700786
3702290
3702994
3703558
3703619
3703737
3704641
3705770
3706072
3707715
3707906
3708945
3711562
3711738
3712376
3714055
3714307
3715232
3716518
3716968
3717681
3719722
3719845
3720460
3720997
3722135
3722404
3725979
3726305
3727328
3727528
3727529
3727583
3728752
3729641
3729867
3730856
3733626
3733939
3734825
3734981
3735552
3736067
3737537
3737694
3737797
3738621
3739724
3739924
3740532
3740642
3741571
3742461
3743656
3744232
3744777
3746084
3746238
3746295
3746998
3747090
3747188
3747525
3748206
3749825
3751344
3752049
3752389
3752713
3753043
3754212
3755398
3758227
3759430
3759583
3760650
3761084
3761779
3761860
3762420
3764776
3764969
3765070
3765338
3766159
3767051
3767147
3767254
3768791
3769140
3769314
3769325
3770434
3770638
3771543
3772272
3772379
3772708
3775606
3776205
3776272
3777483
3777674
3777731
3778720
3779280
3779448
3779525
3780348
3781120
3781410
3782199
3782752
3783122
3783349
3783688
3784786
3785106
3785923
3788725
3789829
3790005
3790181
3790329
3792199
3792672
3792840
3794718
3795676
3795730
3797058
3797115
3797665
3798327
3798957
3799858
3799930
3799964
3801269
3802634
3804087
3804138
3804625
3805626
3806804
3807956
3808521
3809356
3809540
3809555
3810439
3811639
3812695
3814028
3815519
3815913
3816571
3817596
3819670
3820411
3820669
3822707
3823643
3824860
3824909
3825752
3827890
3829371
3829612
3830043
3830496
3830938
3831167
3832333
3834327
3834976
3835866
3836263
3836534
3839386
3840193
3840458
3840845
3841673
3841785
3842651
3842929
3843361
3843741
3844208
3844848
3845516
3845709
3846253
3846264
3846280
3846684
3846695
3846964
3847161
3848197
3848575
3849245
3849667
3850489
3851818
3853719
3854220
3854744
3855037
3856621
3857096
3858137
3858684
3859748
3860647
3860676
3860795
3860799
3860829
3860982
3863077
3864012
3865023
3865357
3866094
3866413
3866591
3867679
3867772
3868821
3869821
3869878
3869971
3869983
3870048
3870672
3873432
3874304
3874731
3874765
3875421
3875514
3876326
3876511
3877517
3878298
3878441
3878989
3879241
3879592
3880093
3881322
3881831
3884144
3884733
3885020
3885737
3886182
3886896
3886903
3887113
3887526
3887714
3888234
3888968
3889004
3889672
3890145
3891273
3891774
3892752
3893702
3894275
3895568
3895631
3895773
3898912
3899180
3899183
3899237
3899755
3899870
3900220
3900634
3900965
3901257
3902262
3902615
3903700
3903860
3904536
3905224
3905360
3905761
3907426
3907910
3908122
3908178
3908243
3908770
3909727
3909775
3909877
3910982
3911485
3912183
3912718
3912827
3912942
3913507
3913738
3914807
3915639
3916177
3916768
3917396
3917694
3918206
3918365
3920430
3921795
3922063
3922321
3922940
3922974
3923440
3923705
3924384
3924758
3925479
3926034
3926289
3927755
3929434
3930032
3930640
3932228
3932297
3933326
3933545
3933947
3934034
3935285
3937829
3938407
3939059
3939282
3939373
3940329
3940628
3940755
3940929
3941213
3941566
3941898
3942781
3943646
3943902
3946791
3947733
3948389
3949054
3949118
3950035
3951492
3954008
3954203
3955579
3955638
3955698
3956628
3957320
3958161
3961593
3961778
3962377
3963820
3964640
3964979
3966461
3967923
3972035
3972975
3973390
3973576
3973928
3973966
3974490
3975061
3976633
3976676
3977512
3977623
3977882
3978897
3978989
3979188
3979378
3979891
3980026
3980086
3980363
3980608
3980700
3981148
3981164
3981307
3982648
3983143
3983298
3983910
3984616
3985183
3985723
3986787
3986797
3988780
3988922
3990096
3991004
3991249
3992531
3992614
3992821
3992942
3993450
3995273
3995289
3995565
3996249
3996843
3998583
3998730
3999664
3999853
4000051
4000312
4001408
4001959
4002680
4002799
4003260
4004057
4004851
4005391
4005438
4008204
4008287
4008442
4009778
4010604
4011722
4011762
4012388
4012530
4012721
4013573
4013635
4013975
4014571
4015608
4017759
4018305
4019000
4020107
4020577
4021582
4022197
