535
1001
2571
2601
2872
3428
3505
3833
3982
4199
4848
6346
6893
8829
9052
10404
10645
11847
12337
12800
12886
13155
13226
14147
14364
14754
16651
17899
18165
18166
20318
20429
20908
21626
21696
22334
24115
24299
24463
24492
24583
28556
28615
31678
32270
32306
35698
35708
36417
37637
39971
40799
42124
42562
42725
43073
45454
47349
47837
48730
51031
51272
52399
53342
53968
54203
54433
54721
55680
56269
56358
57514
57592
59771
59987
60050
60078
60217
60642
61123
61215
62475
62515
64546
64971
65600
66396
68180
69215
70928
72731
72831
73232
73373
73505
73523
73614
74075
74187
75001
75075
76010
76034
77500
79194
79877
80848
83199
83208
84651
84817
86422
86453
87395
87893
87903
88520
88985
89112
93117
93981
94171
95197
95391
96386
97019
98128
98165
98989
99308
99891
101249
101732
103065
103927
104235
104729
104977
106276
107400
107940
108218
109396
110794
111091
111516
111781
112738
112773
113394
114480
115930
115947
118321
118562
118640
120228
120319
120711
121856
122234
122293
122403
123050
123632
124040
124567
124615
126711
127179
127703
128420
128559
128575
128959
129647
129685
130766
132320
133635
133979
133984
133998
134229
134320
134360
134891
135641
135649
135959
136107
137504
137955
138262
138861
138925
139240
139788
141091
142277
143350
145317
146427
146696
146745
147279
147483
147539
148991
150049
150537
151203
151525
152938
154515
155809
156658
157907
158695
158985
158999
159238
159241
159873
160628
160664
161060
161792
162098
162759
163266
165214
165276
165934
167390
168240
169552
169717
171017
174238
175529
175605
175676
175894
176243
177207
177595
178154
178203
178447
178587
179242
179505
180079
180440
180644
180894
181409
181507
183701
183715
183780
184195
185333
186148
186925
188067
188123
188244
188408
188903
189389
189795
192959
193192
194628
194708
194922
195678
196249
196820
197249
197662
197664
198110
198844
200970
202318
202457
202584
202795
204243
204452
204611
204802
205803
208166
208344
209098
209148
209711
210172
211065
212167
212860
212862
216165
216990
219145
219784
221000
221181
222036
222949
223435
223725
225460
225668
226164
226659
227368
227401
227409
227767
228955
228962
229318
229414
229459
230230
231333
232002
232028
233792
233869
234640
234978
236566
236572
237211
238742
239834
241000
242682
243382
244363
244379
245966
246054
246396
246534
247003
247218
247607
249144
250615
251578
251893
253757
254415
255241
256157
256319
256772
256793
258261
258770
259596
260612
261113
262089
262871
262935
263277
263844
264460
265708
265880
267308
267426
267564
267887
269934
270425
271340
273572
274570
275588
275877
276029
276313
277288
277413
277762
279349
279958
280138
281307
283918
284213
284390
285462
286431
286837
286902
286936
287086
287551
287647
287738
288349
289324
289555
290255
290512
290568
292345
292491
293037
293226
293572
293575
293679
293938
295714
296792
297244
300264
300772
300886
301154
301623
302057
302504
302694
303740
304494
306085
307114
307258
307447
307679
307895
308663
308748
308875
308974
309933
309957
310630
310708
310966
310976
311598
312184
312674
313765
313937
314642
315643
315869
316467
316885
317288
319164
319935
321182
321312
321412
321949
321950
322318
322567
322730
323129
323386
324557
324642
325749
326039
326161
327328
327759
328187
330507
332465
332592
332979
333474
334498
335333
335973
336544
337100
338463
338717
339395
339979
340896
340972
342045
342782
344036
345866
346138
346704
349678
351202
351697
352559
352978
353261
353292
353963
357553
357736
357838
359849
359859
360317
360706
361276
361523
362135
362544
362645
364678
364978
366732
367338
368606
369299
370506
371027
374649
374852
376792
377318
377932
378021
378104
378377
378803
378835
380828
381086
381142
381250
382092
384124
384325
386759
387403
388152
388378
388446
389114
391251
392054
392115
392612
392754
393739
394885
397123
398269
398612
400151
401422
402268
402422
404346
405570
406422
406526
407984
411943
412331
413108
413989
414204
415195
415201
416079
418153
418825
419200
419430
419602
420493
422019
422068
422163
422402
422807
422894
422979
423296
424164
425888
426128
427284
429057
429274
429612
429738
430436
430766
430962
431621
431658
432236
434309
435125
435728
435924
436592
436697
437078
437307
437422
438258
438312
441306
442653
443645
443877
445101
445395
445603
446040
447008
447319
447924
448735
448751
449020
450401
452163
453150
454289
455205
455676
456024
456492
456940
457006
458100
458452
460474
460743
460915
460924
461387
461791
463265
463421
464076
464576
464778
465370
465546
466208
467701
469776
469966
471223
472001
472638
473201
473669
473871
474042
474922
474956
475219
475846
476203
476230
476616
477198
477259
479003
480548
480666
480729
481421
482771
483439
486377
487704
488021
488256
489987
490770
491849
493162
494766
497283
497569
498045
499571
499854
500057
500991
501502
502032
502183
502965
504396
504629
505042
505137
505536
505795
506832
507222
507980
508179
508745
508802
509713
510495
512386
512763
513581
514193
516214
516695
518340
518409
519324
519345
519702
520946
521043
521314
522167
522399
522664
522807
522985
524593
524915
526145
526967
527099
528286
528607
529444
529954
530405
530721
530803
530877
531210
531700
532256
532382
533057
533869
534515
535808
535960
537046
538097
538575
539207
540518
540707
541483
541718
542808
543287
545827
545843
546409
546576
548231
548244
549661
549876
551936
551982
552100
553418
554040
555034
555391
556585
557379
557809
558045
558577
558889
559842
561167
561178
561520
561834
563259
563353
564056
564889
566269
566892
567757
567785
567983
568120
568431
569071
569385
570292
571780
573083
573765
574183
576030
576957
577179
577455
577877
578142
578642
579134
580795
581303
581809
582339
583491
583755
586342
586502
589655
590432
590512
591042
592834
592974
593496
593857
595382
595750
596496
597743
598029
599089
599306
602068
603081
603561
604117
604428
604753
605791
607500
607675
609171
609393
610153
610327
610484
610728
610863
611416
611937
612237
612512
612841
613191
613396
613590
614690
616492
616776
617216
620427
620882
620938
621848
622362
622393
622619
624017
625753
626055
626693
627560
627795
627844
628073
628672
629352
629768
630016
631281
631393
631797
631808
632571
632743
634142
635475
636135
637226
639104
640957
642631
645571
647302
647474
648999
649277
650786
651703
651834
654148
654452
654605
654869
655440
655758
655814
656012
656042
656709
656896
657309
657951
658753
659217
659818
660519
661279
662913
664312
665352
666077
667922
668640
670889
671460
672397
672735
673289
673380
673887
673934
674237
674492
675448
675968
676449
676451
678912
681023
681160
682700
682994
683930
684293
685134
685836
686056
689859
690106
691223
692309
692729
696133
696873
698682
699442
700083
700452
703667
704823
704905
705671
706306
706753
707162
707330
707867
711008
711076
712216
712748
713555
714264
716410
718037
719287
719413
720532
720533
720902
724430
724559
724935
726370
727148
727330
727580
727932
729091
729646
729998
731781
732158
732547
733540
734375
734714
735516
735854
739363
741469
741963
742496
742684
743229
743826
744478
745100
746178
746557
747725
748604
748723
748849
749250
750714
751680
755602
755700
756159
757065
757215
757253
757305
758962
758977
759261
759267
759481
759731
761992
762217
762236
762358
762567
762882
763384
764184
764828
764944
766231
766404
767980
769869
770323
770582
771075
771243
771873
772488
772867
772895
773232
775211
775363
775489
776417
776439
778732
779340
779504
782283
783181
783547
784019
784562
787540
787697
788171
788437
789794
790042
792194
792437
793254
794342
795304
795973
796897
798674
799043
799781
800127
800973
802454
802764
803267
804107
804765
804831
805848
806100
807759
807801
808012
808477
809233
809382
810073
814094
814575
814901
815256
815331
815637
816651
817941
818409
818957
819284
819347
819481
820087
820126
820930
822249
823060
823514
823930
824074
824090
824108
824496
825620
826746
826779
830088
830630
830922
832423
833441
833479
834430
834704
834808
834910
835185
835261
836434
836515
838177
838718
839311
840355
840806
841389
842177
844847
845020
845232
845409
846049
846527
846617
848321
848585
848620
849157
849350
850271
850288
851632
852037
855403
855728
856188
857170
858157
858711
859219
859777
860258
860262
860343
860508
860705
861096
861164
861176
862136
865309
865378
865718
866412
866529
866752
866982
867251
867364
867904
869704
870518
873244
873584
874844
876119
876653
876667
879362
880298
880655
881007
881539
882088
882179
883426
883866
884416
885416
887930
888386
889578
890335
890811
891612
892834
893893
894556
895147
895323
895355
896210
896454
896875
897438
898196
898234
898555
900013
901256
902992
903385
904105
904286
904629
908168
908471
909560
910777
911079
911300
914134
914734
915815
917851
918814
918846
920056
920335
920389
920859
921611
923566
924222
924226
924598
924717
925138
925978
926327
927216
928278
929791
933553
933900
934119
935046
935141
935255
935760
935859
935943
937242
938071
938131
938696
938969
939136
940240
940426
940947
941015
941734
943600
943816
945098
946569
946676
947386
947511
948161
950087
951206
951446
951570
951948
953060
953622
955850
956228
956432
956444
956888
958382
958650
958825
959062
961273
962363
962440
962995
963603
965906
966843
967157
967738
967957
968100
968826
968948
970332
970728
971382
974350
974746
974877
974897
976289
976761
977273
978434
978684
980196
981146
981232
981665
981915
982356
984811
985123
986022
987772
990298
990822
991348
991749
992865
994491
996016
996042
996257
996352
997084
997233
998054
998365
998372
998425
998925
999221
999231
999553
999967
1000409
1000501
1000686
1001433
1002706
1003664
1004054
1005933
1007216
1008710
1009760
1009805
1009849
1010295
1011322
1011689
1012614
1014413
1014760
1015520
1015990
1016482
1017221
1018185
1018889
1018982
1019175
1020555
1021364
1021998
1022884
1023081
1023170
1024129
1024242
1024458
1025071
1025782
1026151
1026249
1027770
1028229
1028823
1029177
1029408
1030859
1031047
1031652
1031865
1032165
1033185
1034955
1036295
1036865
1038667
1039721
1040894
1041544
1041558
1041753
1042769
1043699
1044627
1044635
1045011
1045248
1045345
1046169
1046667
1047040
1047052
1048136
1048384
1048449
1048969
1049064
1049510
1050079
1050183
1050448
1050698
1053630
1055034
1056492
1056869
1056920
1057077
1057560
1057647
1057868
1058219
1058324
1060027
1060325
1061080
1061452
1062033
1062979
1063060
1063426
1064255
1064423
1065729
1065870
1066121
1067984
1068296
1069391
1069666
1070202
1071732
1072680
1073035
1073453
1073633
1074899
1075373
1075439
1075493
1075882
1076521
1077420
1077549
1077774
1077795
1077841
1078394
1078658
1078736
1079802
1080068
1081540
1082986
1083521
1084679
1085450
1085794
1086215
1088641
1090915
1091377
1092435
1092637
1093177
1093372
1094041
1094415
1094484
1094965
1095428
1097520
1101959
1102271
1102308
1102553
1102573
1102776
1104053
1105593
1105936
1106505
1107419
1107638
1109453
1109536
1109857
1110183
1110311
1111158
1111780
1113340
1114133
1115382
1115591
1116836
1117466
1117934
1118245
1118278
1118425
1119994
1122952
1123525
1125151
1126102
1128538
1129141
1129242
1129523
1129575
1130539
1130602
1130627
1130888
1131891
1132007
1132431
1133428
1133566
1133922
1135200
1136676
1137925
1138336
1138911
1139512
1140639
1141319
1143690
1143972
1144394
1144817
1147057
1148000
1149541
1149639
1149705
1149865
1150300
1150383
1151135
1152138
1153967
1154372
1156439
1157439
1157442
1157625
1157804
1158471
1159785
1160734
1161154
1161853
1162111
1162200
1163425
1165742
1166818
1167573
1169521
1169659
1169788
1170317
1171115
1171276
1171569
1171611
1171640
1171908
1172413
1172563
1172995
1173293
1174114
1175559
1175929
1176369
1176424
1177229
1179212
1179292
1179373
1180164
1180447
1180883
1181025
1181506
1181975
1182138
1183729
1183751
1183858
1184332
1184636
1185388
1185467
1186642
1187106
1187142
1187183
1187682
1188732
1189524
1189651
1190935
1191984
1192016
1192508
1192529
1193867
1194704
1194975
1195390
1196505
1198070
1198117
1198369
1198616
1199299
1199547
1199722
1199827
1200025
1200547
1202561
1202902
1203465
1204464
1204568
1205407
1206204
1206557
1207055
1209905
1210355
1211242
1211518
1212648
1213465
1215744
1217610
1218084
1219239
1220378
1222541
1222584
1223037
1224008
1224432
1225115
1225523
1225658
1226337
1226772
1227924
1228093
1229833
1230128
1230193
1230877
1231470
1232038
1232051
1233487
1234629
1234775
1236107
1236300
1236692
1237027
1238828
1239211
1240319
1240951
1241804
1242467
1244031
1244673
1245022
1245421
1245886
1245994
1246174
1246889
1248816
1248837
1249695
1251055
1251651
1253784
1255569
1256207
1256438
1256946
1258466
1259102
1259643
1259799
1260152
1260830
1260838
1261260
1261406
1261485
1261554
1261931
1263053
1263346
1263900
1266494
1266692
1267459
1268772
1269266
1269440
1270065
1270671
1271002
1271895
1272241
1272483
1272624
1273102
1273616
1273948
1274302
1275412
1276851
1276980
1277417
1278103
1278737
1278793
1279049
1280020
1280278
1280425
1280950
1282075
1282951
1283002
1283830
1284893
1286274
1286778
1287154
1287199
1289294
1289653
1290410
1290629
1290741
1290754
1290871
1291213
1291539
1292207
1293231
1294611
1294712
1295256
1295978
1297058
1297515
1298087
1298449
1300201
1300527
1301345
1302589
1303165
1303761
1304899
1305332
1306201
1306542
1306756
1308862
1309299
1314556
1314583
1316405
1316534
1318433
1318866
1319165
1319918
1320160
1321780
1321853
1321969
1322031
1322770
1323455
1323671
1324143
1324190
1324688
1324919
1325073
1326097
1330000
1330224
1330495
1330514
1330518
1331467
1331507
1332663
1334301
1334572
1334993
1335213
1337477
1338647
1338713
1339387
1340673
1341157
1341389
1341438
1341791
1342056
1343073
1343132
1343350
1343391
1344239
1344541
1344709
1345046
1346239
1346682
1346688
1347429
1347794
1349126
1349877
1350181
1350215
1350236
1350342
1350543
1350559
1350935
1351337
1352144
1353003
1355264
1357096
1357658
1357907
1358451
1359067
1359711
1360133
1360487
1361795
1361803
1362966
1362997
1363339
1363583
1363855
1363937
1364124
1365597
1365950
1366252
1368712
1369545
1369827
1370102
1370274
1370456
1370587
1371407
1371856
1373633
1373903
1373920
1374942
1375861
1376510
1376515
1377715
1377817
1378525
1378817
1381076
1381448
1382107
1382355
1382540
1382718
1383551
1384268
1385208
1386175
1386458
1388022
1388447
1389398
1389622
1389949
1390116
1390455
1390638
1391242
1391852
1391997
1392272
1393036
1393229
1395576
1396035
1396150
1396377
1397110
1397714
1397869
1400682
1400941
1401554
1402450
1402582
1403253
1404727
1405977
1406749
1406818
1407517
1407843
1408019
1408349
1408690
1409344
1409837
1409867
1410380
1410945
1411489
1411626
1411632
1412601
1413000
1413473
1413968
1414073
1414102
1414469
1414601
1414951
1415149
1416800
1417218
1417562
1417846
1417992
1418181
1419082
1419555
1419753
1420987
1422094
1422566
1422630
1423074
1424153
1425480
1425578
1426259
1426492
1427389
1427613
1428345
1428969
1429057
1429691
1430480
1430614
1430691
1430771
1431466
1431601
1431707
1432669
1432789
1432803
1433438
1433499
1434245
1435426
1435559
1435772
1435921
1437203
1437206
1439270
1439454
1441596
1442655
1442723
1442983
1444004
1445197
1446274
1446309
1447049
1447305
1447316
1447965
1449641
1449918
1451505
1451522
1453386
1453639
1454260
1454690
1456229
1458217
1458727
1459066
1459773
1460311
1465599
1465726
1465842
1466144
1467932
1467971
1468237
1468263
1469851
1470037
1470138
1470577
1470666
1470757
1471085
1471161
1471310
1471531
1471713
1473183
1473564
1475001
1475025
1475705
1476810
1477875
1478095
1478110
1479778
1480276
1480569
1481358
1484063
1484275
1484716
1484835
1486811
1487349
1487760
1487816
1490600
1490952
1493868
1494539
1495131
1496199
1497287
1497619
1498296
1500470
1500545
1500733
1501103
1501527
1501876
1502489
1502818
1503356
1504164
1504244
1504488
1504871
1505132
1505743
1505752
1506098
1506824
1507403
1508173
1509546
1510583
1517181
1517390
1517470
1518185
1518205
1518211
1519574
1520244
1521583
1521649
1521835
1522173
1522190
1522658
1525288
1526109
1527168
1527831
1530877
1531125
1532109
1532257
1532549
1532645
1532803
1533827
1533906
1535976
1536109
1536780
1539710
1539831
1540275
1540423
1541389
1541574
1542359
1543441
1543461
1543478
1544793
1545846
1546546
1547894
1549517
1549891
1550846
1550907
1551264
1551389
1551474
1551742
1553418
1554491
1554547
1554822
1555577
1559393
1560322
1562373
1563314
1563578
1565068
1565643
1566021
1566972
1567066
1567622
1567745
1568769
1570340
1571667
1571925
1572638
1572642
1574726
1575918
1576489
1576520
1578502
1578806
1580323
1581092
1581930
1582713
1583145
1583875
1584227
1584717
1584727
1586110
1586389
1589362
1591052
1592176
1593270
1595336
1595741
1595777
1595993
1596062
1596147
1597073
1597191
1597478
1598008
1598102
1598537
1598549
1599110
1599117
1599434
1600418
1600644
1601403
1602242
1603072
1603148
1605667
1606866
1607376
1607605
1607657
1608398
1609098
1609431
1609714
1610447
1611311
1611673
1611682
1611774
1611777
1612060
1613535
1613611
1614799
1617837
1618520
1618698
1619696
1619942
1620794
1622170
1622664
1623790
1624474
1624512
1624656
1625093
1625178
1626437
1627196
1627529
1627551
1628123
1628187
1629022
1630262
1630375
1630709
1631287
1631654
1631779
1631927
1632060
1633406
1633809
1635180
1635447
1635822
1636494
1636959
1637315
1638096
1639731
1640342
1640644
1640697
1642126
1645165
1645483
1645806
1646880
1648374
1650968
1652504
1653536
1653745
1653874
1660397
1662240
1662447
1662735
1663551
1663924
1664510
1664869
1665299
1665866
1666033
1667538
1669031
1669389
1669669
1669861
1670070
1672170
1674413
1674638
1674919
1675634
1675762
1675793
1676113
1676163
1676397
1677075
1678074
1678358
1678402
1678807
1678943
1679563
1679769
1679812
1681603
1681797
1682311
1683066
1683798
1684002
1684912
1685280
1686071
1687691
1688330
1689152
1689797
1689911
1690427
1691747
1692312
1692449
1692578
1694348
1694460
1695111
1695236
1695407
1695986
1696901
1697525
1698661
1698909
1701270
1701955
1702066
1702310
1703049
1704243
1704790
1706129
1707042
1707097
1707653
1707937
1708051
1708058
1708517
1708712
1709094
1709262
1710206
1710427
1711992
1712081
1712713
1713418
1713613
1713658
1713847
1715109
1717400
1717447
1717544
1717650
1718506
1720025
1720211
1720817
1721078
1721518
1723176
1723477
1724106
1725147
1725154
1726302
1727403
1727993
1728303
1728509
1728861
1731234
1731500
1732175
1732388
1732564
1732668
1732843
1733290
1734167
1734318
1735633
1737286
1737940
1739815
1739972
1740008
1740340
1740804
1740821
1740958
1741215
1741792
1742380
1742561
1742644
1742849
1742915
1743361
1743644
1744172
1744271
1745689
1746136
1746359
1749893
1750446
1751844
1752252
1753666
1753931
1753937
1754057
1755212
1756643
1757567
1757943
1758317
1759979
1760504
1761390
1761485
1761870
1762240
1762477
1763058
1763902
1764554
1764768
1765226
1765489
1765636
1766214
1767595
1767740
1768566
1769208
1769423
1769679
1770520
1770909
1771081
1771210
1771686
1772602
1772610
1774322
1775750
1776521
1778094
1781419
1781738
1781808
1781838
1782224
1783048
1783991
1784363
1784694
1785384
1785814
1787047
1787143
1787673
1789195
1789885
1790415
1790595
1791136
1791564
1792078
1792231
1792312
1793900
1793946
1795044
1795251
1795305
1795706
1796157
1796636
1798186
1799004
1800302
1800991
1801057
1801353
1801518
1802224
1802848
1803768
1803895
1806049
1806547
1806603
1806774
1807066
1807521
1808422
1808591
1808684
1809225
1809665
1811004
1811921
1812863
1814150
1815100
1815495
1817280
1817783
1819237
1819372
1819803
1820265
1821479
1821522
1821628
1822089
1822124
1822224
1823229
1823505
1824140
1824302
1824503
1824655
1826775
1826956
1827931
1828425
1828828
1829044
1829829
1830863
1831207
1832400
1832892
1833703
1834086
1838746
1841478
1842638
1842679
1843070
1843457
1843804
1844648
1845278
1846435
1849010
1849035
1849841
1849939
1851311
1851420
1851612
1852363
1855968
1856081
1856975
1857298
1857379
1857917
1858477
1858560
1858866
1858998
1859443
1861627
1861836
1866360
1867103
1867171
1867587
1868534
1869299
1869691
1870418
1870981
1871296
1873784
1875465
1875816
1876234
1876267
1876503
1876545
1879856
1880409
1884051
1885068
1885911
1886757
1887090
1889389
1889449
1889855
1890174
1892532
1893113
1893175
1894768
1894876
1895340
1896003
1896146
1896675
1896829
1897148
1898641
1899019
1899906
1902609
1903186
1904149
1904433
1904676
1905032
1905103
1905401
1906531
1906965
1907143
1908297
1910477
1911976
1912016
1912322
1915114
1915322
1916145
1918542
1918613
1918730
1919100
1921519
1921894
1922354
1923556
1923721
1924861
1924866
1925983
1926563
1926582
1926712
1927576
1927841
1929097
1930370
1932245
1932391
1933450
1933462
1933940
1934575
1936208
1937477
1937528
1938867
1939054
1939266
1939768
1944365
1944795
1946029
1947005
1947171
1947579
1948339
1948808
1949283
1949574
1949946
1951299
1951786
1952194
1952457
1952937
1953648
1954561
1955364
1955522
1956956
1957542
1957544
1957654
1958131
1959814
1960167
1960658
1960820
1962049
1962130
1962984
1963630
1964126
1964331
1964661
1965103
1965475
1965593
1965819
1967882
1967904
1969242
1969544
1970806
1971171
1971266
1971342
1972983
1973697
1974250
1974798
1974913
1976134
1977915
1979260
1979889
1980165
1980545
1980971
1981026
1982459
1983649
1984145
1984449
1984719
1985019
1985587
1985825
1986104
1986405
1987359
1987705
1988575
1988756
1989503
1989985
1990776
1990848
1992971
1993008
1993293
1994176
1994278
1994809
1994831
1996857
1997024
1997896
1998059
1999781
2001185
2002594
2003094
2003218
2003684
2003764
2004378
2005310
2005370
2008179
2008322
2008647
2010559
2010690
2011038
2011533
2011590
2011879
2012850
2013081
2013419
2015747
2016603
2017178
2017639
2018032
2019249
2019646
2022197
2025248
2025642
2027374
2027805
2028149
2028876
2030107
2030429
2031972
2032620
2033590
2034394
2035100
2035314
2035635
2035890
2037483
2037693
2037998
2038044
2038110
2038232
2038756
2038945
2039079
2039529
2039977
2040393
2040573
2040955
2041262
2041970
2041999
2042337
2043633
2044006
2044053
2044081
2044233
2044428
2044834
2044846
2045360
2046331
2047485
2047726
2051146
2051375
2052227
2052485
2053643
2053651
2055250
2056182
2056536
2056670
2056872
2057475
2057958
2058008
2058401
2058786
2059466
2059872
2060406
2062885
2063552
2067025
2067507
2067635
2068208
2068465
2068934
2069046
2070014
2070016
2070465
2071782
2072194
2072340
2072781
2073832
2074029
2075291
2075888
2077165
2077603
2078272
2080894
2081372
2081893
2082037
2082195
2082373
2082655
2084655
2085463
2085641
2086035
2086987
2087268
2087712
2090175
2090592
2091514
2091528
2091757
2091967
2092415
2093722
2094298
2094912
2095172
2095241
2095573
2095763
2096094
2096323
2096446
2097620
2098132
2100106
2100127
2101163
2101540
2102615
2103933
2105000
2105804
2106860
2108986
2109126
2113349
2113721
2116887
2117463
2118299
2118823
2119019
2119536
2119591
2119889
2120247
2120389
2120909
2122415
2122556
2125187
2125309
2125448
2125771
2126293
2126789
2126844
2127410
2130602
2131217
2131478
2132274
2133582
2134234
2134298
2136108
2137806
2138560
2139661
2139810
2140568
2141690
2141691
2143864
2145737
2146438
2147393
2148173
2150381
2150534
2150549
2151002
2152494
2152573
2152621
2152931
2153077
2153459
2153550
2154122
2154199
2156676
2156908
2156925
2158373
2158401
2160000
2162183
2162407
2162846
2163363
2163763
2165590
2167576
2167947
2168108
2168293
2168639
2169283
2170383
2170476
2171080
2171219
2171493
2172390
2173284
2173594
2173651
2173810
2175421
2176397
2179693
2180276
2183547
2183923
2183942
2184136
2185130
2185222
2185367
2186136
2189225
2191569
2192008
2193096
2193509
2193568
2194684
2195263
2195342
2197044
2197761
2198527
2199441
2200255
2201918
2204353
2204386
2205789
2205842
2206169
2206877
2206971
2208497
2208608
2209691
2209747
2210039
2211170
2211321
2211606
2211828
2211978
2213099
2214556
2216192
2218395
2219150
2219803
2220271
2220561
2221112
2221432
2224262
2224769
2225251
2225414
2226194
2226419
2227058
2227142
2227693
2227796
2229574
2229889
2231039
2232568
2233537
2233593
2233597
2234280
2234412
2235057
2235298
2235307
2236088
2236285
2237178
2237324
2239358
2239635
2240272
2240700
2241776
2241843
2241987
2242107
2242745
2243093
2243117
2243532
2244266
2244415
2248090
2248178
2248223
2248411
2248992
2249485
2250252
2250515
2251787
2251901
2253494
2255407
2255644
2255700
2256542
2256761
2257392
2259118
2259740
2259882
2260196
2260722
2260942
2261903
2263004
2263775
2264361
2264926
2265473
2266886
2267231
2268526
2268825
2269234
2269432
2271168
2271197
2271814
2272713
2273278
2275177
2275535
2276163
2276264
2277421
2277652
2278619
2278746
2278872
2279154
2279202
2279589
2279801
2279954
2280298
2280356
2280478
2280665
2280778
2280845
2281914
2281946
2283136
2285657
2285658
2285667
2286789
2287378
2288903
2289144
2289819
2290019
2290621
2290913
2291190
2291732
2293544
2294420
2295632
2295992
2296153
2296626
2297580
2297716
2298889
2299488
2299489
2299896
2300185
2301356
2301430
2301679
2302194
2302746
2302902
2303556
2303765
2303773
2304438
2307580
2308238
2309719
2311330
2311701
2312121
2312577
2312716
2313162
2313201
2314116
2314226
2314906
2315319
2315471
2316770
2318799
2319807
2321232
2321512
2323141
2323226
2323309
2323521
2324065
2324318
2325816
2325826
2325886
2326513
2326851
2327052
2328450
2328898
2329470
2330732
2331091
2331145
2331740
2332309
2336013
2337231
2337505
2338728
2339328
2339477
2339776
2341308
2341385
2343055
2344069
2344174
2344532
2344821
2345002
2345266
2345314
2345550
2346000
2346002
2347445
2347881
2348175
2348700
2349004
2349185
2350388
2350690
2351380
2353812
2353979
2353983
2355642
2358040
2358042
2358043
2358398
2359676
2360337
2361175
2361253
2362495
2362733
2362907
2363138
2363594
2363672
2364495
2365933
2366058
2366101
2366559
2366699
2368536
2368592
2369388
2369655
2370344
2370362
2373297
2373438
2373710
2374695
2375230
2375303
2376941
2377065
2377146
2377723
2379269
2381917
2383035
2383792
2383910
2383913
2384175
2384305
2384369
2384905
2385215
2385868
2386137
2386351
2387541
2387985
2389465
2392314
2393071
2394058
2394340
2395347
2395709
2396590
2397099
2397172
2397511
2400101
2400187
2401265
2401609
2401936
2402568
2402616
2402850
2403120
2403132
2403247
2403504
2404151
2404636
2405221
2409017
2409154
2409243
2409382
2410041
2410290
2411133
2412781
2413664
2413726
2414846
2415518
2415595
2415831
2417985
2419540
2419782
2420348
2420906
2421055
2421085
2421791
2424109
2425371
2425735
2426469
2427204
2428141
2429634
2431420
2432903
2434279
2435045
2436839
2438218
2440657
2440979
2441375
2441429
2441690
2442040
2442462
2442778
2442983
2443373
2444634
2444698
2445021
2445567
2445834
2445853
2447004
2447545
2448151
2451333
2451488
2452445
2452813
2452979
2453843
2455388
2455987
2456022
2456026
2458888
2459440
2459946
2460760
2461297
2461999
2462614
2463812
2464177
2465994
2466139
2466157
2467930
2468670
2472438
2473172
2473339
2473677
2475522
2476195
2476422
2477545
2478059
2478289
2479591
2480317
2480695
2480991
2481102
2481984
2482053
2482831
2483251
2483304
2483620
2484810
2485117
2486646
2487395
2487623
2488399
2489902
2490214
2492956
2493552
2494176
2494310
2494405
2495618
2495977
2496647
2496659
2498051
2500649
2501833
2503084
2503243
2503577
2504940
2505459
2509960
2511816
2512437
2512775
2513143
2513440
2514122
2514487
2515327
2515515
2515963
2516730
2516934
2519156
2519636
2520283
2520884
2522318
2522520
2522903
2527715
2528640
2528909
2529864
2531168
2531342
2531438
2531590
2531982
2532315
2532334
2532751
2533930
2534435
2536088
2536144
2537173
2537520
2538520
2539067
2539928
2540800
2540960
2540966
2541513
2541524
2542388
2542513
2542519
2543277
2543334
2543542
2543980
2544683
2545184
2545395
2547016
2548603
2549004
2549901
2550776
2551791
2551939
2552352
2552523
2553622
2553656
2554069
2555232
2556346
2556446
2559408
2559516
2560053
2562250
2562596
2563451
2564220
2565561
2566236
2567223
2569600
2570236
2570706
2571282
2572202
2572355
2572362
2573309
2573737
2573863
2574971
2575428
2576235
2576827
2576918
2577800
2579742
2579941
2580360
2580701
2581748
2581755
2585791
2586175
2586848
2588467
2588689
2589465
2589517
2590118
2591912
2592781
2592856
2593290
2593974
2594557
2595182
2595268
2598517
2599513
2600090
2600295
2600317
2600861
2601480
2602414
2602474
2602944
2603097
2603200
2603231
2603992
2604793
2606047
2606202
2606413
2607393
2608096
2609650
2610958
2611964
2612795
2612865
2613137
2614764
2615512
2615839
2615952
2616475
2616545
2616786
2621426
2624003
2624305
2624686
2625322
2625548
2625724
2626192
2627226
2628097
2628257
2628971
2629470
2629558
2630212
2630506
2630924
2631780
2631964
2632205
2632512
2633543
2634227
2634309
2634725
2635978
2636342
2636965
2637830
2638383
2639681
2639708
2640458
2641125
2642372
2643109
2644485
2644604
2646155
2646534
2647121
2647135
2647186
2648495
2649027
2649032
2650167
2650171
2650371
2652536
2653514
2654612
2654649
2654853
2655724
2656011
2656174
2656505
2657147
2657521
2658408
2658427
2659136
2659317
2660007
2660663
2662454
2664301
2664706
2665262
2665585
2666277
2666754
2667548
2668373
2668757
2669582
2670149
2671426
2672987
2673970
2675723
2675809
2676930
2677252
2677640
2678043
2680430
2682928
2683121
2684007
2686839
2687061
2687463
2688322
2689062
2690375
2693429
2693469
2693488
2694490
2695139
2695547
2696751
2697101
2697695
2697770
2698649
2698690
2700085
2700491
2700595
2700736
2702119
2702438
2702477
2703019
2703073
2703186
2703337
2703499
2703946
2705422
2705585
2705801
2706328
2706889
2707080
2709505
2711334
2711356
2711801
2711850
2711879
2712132
2713353
2713563
2713586
2714677
2715381
2715736
2715745
2716452
2717733
2719747
2720364
2721082
2722405
2722547
2724179
2724321
2724877
2724897
2724971
2725325
2726838
2727537
2727645
2728556
2728981
2729417
2730124
2730385
2731071
2731307
2731928
2731968
2732590
2732701
2733097
2734902
2734913
2735787
2736697
2737419
2738560
2738817
2739113
2739272
2739558
2741115
2742334
2742624
2743756
2743909
2744358
2745078
2745278
2745813
2746050
2746328
2746637
2747598
2747764
2748755
2749097
2750889
2752000
2752706
2753833
2754723
2755135
2755281
2756263
2756551
2756678
2756889
2759756
2760017
2760141
2760620
2760849
2761122
2761428
2761763
2762645
2763261
2763512
2763791
2763926
2764586
2765109
2766037
2766986
2767025
2767263
2768575
2769811
2770541
2770679
2771604
2772211
2772482
2773573
2774628
2777026
2777617
2777769
2778302
2780357
2781113
2781834
2782271
2784014
2784783
2785526
2787388
2788246
2788650
2788748
2791019
2791714
2792292
2792573
2793074
2793181
2793209
2794250
2794492
2795086
2795705
2797540
2799434
2800834
2804443
2804632
2804727
2805332
2805563
2806337
2806747
2806791
2807546
2807679
2808708
2808817
2810003
2810441
2811294
2811560
2811717
2813003
2813808
2813814
2813998
2814079
2815310
2815989
2817527
2818090
2818141
2818389
2818471
2818603
2818717
2819176
2819268
2819519
2819724
2819962
2819974
2820158
2821157
2821699
2822075
2822125
2823910
2825133
2826085
2826597
2826686
2827056
2828256
2831619
2831954
2832191
2832985
2834193
2834786
2836405
2838135
2838449
2840051
2840865
2841304
2842031
2842121
2842392
2842875
2843102
2843233
2844402
2845061
2845809
2847483
2849062
2852232
2852953
2853707
2854651
2855872
2855922
2857978
2858065
2858401
2858992
2859241
2859341
2860358
2860618
2860771
2861229
2861346
2861591
2864720
2864726
2865810
2866482
2867244
2867400
2868270
2869237
2869355
2870047
2870464
2873361
2874066
2874710
2875456
2876406
2876550
2878254
2878878
2880255
2880529
2881294
2881310
2881347
2882153
2882492
2882674
2882807
2883814
2884371
2884527
2884578
2884753
2885886
2886635
2886685
2887169
2887247
2887361
2887767
2887932
2889916
2890119
2892517
2892744
2892797
2892836
2894163
2896059
2896544
2897409
2897688
2897975
2898102
2898757
2898950
2899131
2899651
2900339
2900450
2900776
2903183
2903217
2903510
2903733
2903904
2904649
2905138
2905736
2905955
2907457
2907710
2908180
2908706
2909028
2909735
2910969
2912189
2912780
2913304
2913731
2914574
2916538
2917103
2918656
2919087
2919463
2920568
2920632
2921955
2922217
2925001
2925308
2925402
2925489
2926071
2927381
2928198
2928430
2928433
2929108
2931613
2931761
2932549
2933222
2933557
2935152
2935371
2936131
2936769
2937096
2937275
2938783
2938805
2939720
2939898
2940144
2940230
2940283
2940548
2940894
2941069
2941615
2942445
2942553
2943316
2943438
2944729
2946114
2946141
2947361
2949170
2949381
2949845
2953630
2953928
2953952
2954258
2955684
2955878
2955893
2956166
2958461
2958961
2959557
2960390
2962060
2962107
2962230
2963728
2964021
2964242
2966450
2967379
2967848
2968694
2968912
2968979
2970471
2970519
2970710
2972253
2972458
2972773
2973013
2974443
2975709
2976299
2978663
2979200
2979397
2979574
2981718
2982484
2982786
2982859
2982948
2983112
2985298
2985426
2986881
2989222
2990788
2991798
2992418
2993561
2994693
2996352
2996531
2996936
2998181
3000609
3000801
3000856
3002191
3003447
3004027
3004683
3005956
3007431
3008416
3009020
3011608
3012290
3012332
3012816
3013334
3013526
3013885
3015008
3015137
3015514
3016499
3016912
3018184
3018591
3020170
3020325
3020573
3021176
3021925
3022575
3022776
3023386
3025832
3026042
3026874
3027448
3027892
3028234
3029520
3030349
3031974
3032173
3032816
3033241
3033243
3033471
3038550
3038590
3038703
3038926
3039926
3040923
3042262
3043994
3044494
3044592
3045292
3046010
3046679
3047468
3047580
3048256
3048811
3049061
3049786
3051070
3051573
3052462
3052601
3052828
3056446
3056628
3056714
3057042
3057263
3058155
3060077
3061854
3062901
3063909
3064231
3064849
3065406
3065623
3065773
3068173
3068285
3070039
3070947
3071308
3072835
3074736
3074763
3075499
3075829
3077824
3078591
3079282
3079366
3080030
3080180
3080837
3081062
3082462
3087290
3088077
3090279
3090793
3091937
3092207
3092294
3093480
3094223
3095535
3095573
3096144
3096563
3098060
3098110
3098375
3098641
3099127
3099196
3099318
3099638
3099951
3100228
3100516
3101031
3101629
3102608
3104426
3104857
3105501
3106097
3106434
3106743
3107639
3108712
3109356
3109672
3111838
3112038
3112830
3112899
3112906
3115213
3115884
3116894
3116997
3118173
3119612
3119629
3120134
3120808
3120942
3122609
3123096
3123870
3124333
3124468
3125883
3125965
3126143
3126306
3126423
3126877
3127700
3127881
3128076
3128118
3129141
3129637
3130601
3131529
3131546
3131729
3131803
3132090
3132986
3133193
3134248
3134379
3134898
3135275
3135487
3135813
3136499
3136839
3137041
3137776
3137881
3138403
3138614
3140741
3141837
3142190
3143051
3143808
3146952
3147581
3148029
3148215
3148387
3149567
3152088
3152446
3152491
3152612
3152860
3153652
3153844
3154673
3154854
3155311
3155659
3157677
3158203
3158776
3159250
3161307
3161354
3161794
3162612
3162916
3163442
3163801
3164749
3165190
3165713
3166463
3166501
3167018
3167955
3168242
3169122
3169584
3169622
3170287
3170856
3171221
3172033
3172845
3173411
3173516
3173646
3173991
3174101
3175519
3175714
3177723
3177793
3178703
3179297
3179763
3179868
3180102
3181137
3181194
3181251
3182205
3183100
3183859
3184164
3184417
3185076
3188099
3188188
3188310
3188567
3189711
3191183
3191762
3192146
3192320
3193461
3194373
3194386
3195748
3196212
3196489
3197914
3198423
3198703
3199287
3200028
3201067
3201107
3202716
3204607
3204644
3205113
3206847
3207060
3207787
3208604
3209305
3209457
3209679
3210204
3210251
3210304
3210477
3210507
3210557
3211357
3211371
3211940
3214559
3215400
3216545
3217394
3218446
3218507
3218574
3219401
3220408
3220426
3222244
3222343
3222487
3223404
3224511
3224702
3226395
3227192
3228109
3228187
3229000
3229332
3229900
3230427
3230536
3230626
3231981
3233470
3233912
3234094
3234886
3234895
3235335
3235560
3236123
3237829
3238572
3238622
3239271
3239757
3240523
3240724
3241145
3241329
3242177
3242189
3242922
3243560
3244679
3245794
3247076
3247335
3248337
3249062
3249588
3251723
3251843
3252253
3252513
3253671
3254370
3255770
3255851
3256025
3256393
3256675
3257437
3257610
3258514
3261065
3261513
3261556
3262729
3263299
3263328
3263589
3265152
3267147
3267394
3267550
3267800
3269914
3269952
3270103
3270197
3272209
3273944
3274409
3274492
3274749
3276062
3276769
3277379
3278237
3278691
3279836
3279997
3280107
3280173
3280439
3280581
3281194
3281422
3281448
3281595
3281597
3285990
3287345
3288870
3289934
3292929
3293255
3294307
3295305
3295486
3295546
3296401
3297269
3297524
3297596
3298072
3298560
3298705
3299116
3299952
3300432
3302043
3302048
3303034
3303429
3304837
3304942
3305695
3305927
3307190
3307744
3309319
3309737
3309803
3310300
3311534
3311811
3312182
3312586
3313050
3313519
3313915
3314923
3316578
3318327
3318830
3318955
3319500
3319853
3320094
3320288
3320348
3321031
3321729
3323174
3323308
3323432
3323773
3324315
3324349
3325275
3325823
3325950
3326041
3326793
3328154
3328185
3328948
3330199
3330509
3331099
3331476
3331586
3331849
3332087
3334781
3335090
3335458
3336006
3336457
3336648
3336737
3337064
3337836
3339187
3339882
3340125
3340602
3341708
3343189
3343721
3344342
3344752
3345805
3346362
3347255
3348119
3348459
3349157
3349276
3350003
3350683
3351516
3353839
3354191
3354845
3355992
3356245
3356351
3356437
3356458
3356614
3358794
3360277
3363289
3365420
3367461
3367767
3368148
3369131
3369512
3370225
3370904
3370960
3372037
3372106
3372252
3372795
3374224
3374229
3375401
3375538
3376725
3377808
3378532
3378613
3379019
3379511
3379774
3382024
3382608
3384003
3385789
3386015
3386559
3386817
3387608
3387900
3387968
3388971
3389435
3390141
3390328
3390369
3391354
3391384
3392237
3394157
3395205
3395719
3396005
3396505
3396525
3398247
3398951
3399500
3400171
3400633
3401587
3401931
3403244
3404486
3404845
3404872
3405558
3406700
3406769
3406818
3406895
3407311
3408441
3409669
3409793
3410540
3410610
3410625
3410888
3411519
3411977
3412987
3413212
3413235
3413616
3414862
3414963
3417384
3418351
3418661
3419257
3421016
3422174
3422760
3424080
3424589
3425035
3425523
3425985
3426230
3426418
3428001
3428429
3429191
3429816
3429870
3431310
3431312
3431734
3431854
3431917
3432538
3433216
3433650
3433942
3434253
3434475
3434574
3434687
3434904
3435386
3436333
3436529
3437258
3437592
3439334
3441919
3442256
3442521
3443134
3443916
3443993
3444148
3444226
3444764
3444799
3445923
3446991
3447284
3449290
3449317
3449654
3450242
3450305
3452176
3452334
3452388
3452870
3453061
3453245
3453334
3453704
3453807
3455177
3455525
3456168
3456730
3456923
3456943
3457085
3457174
3457444
3457596
3457745
3457905
3459132
3461131
3461494
3462838
3463618
3464155
3464462
3465054
3465196
3465342
3467227
3468610
3469376
3469755
3469762
3470468
3471053
3471872
3473204
3474263
3475557
3475898
3476590
3478483
3478599
3480122
3483751
3485233
3485294
3485300
3485548
3485622
3485818
3486737
3488326
3488464
3488809
3488972
3489960
3490844
3491462
3492575
3494107
3494204
3494936
3494954
3495763
3496124
3497725
3500056
3500519
3501309
3501456
3501572
3501768
3501993
3503073
3503282
3503694
3504192
3505253
3506687
3507355
3507756
3508151
3508563
3509041
3509670
3509736
3509914
3510577
3512936
3514092
3514476
3515641
3516350
3516523
3517812
3520797
3520807
3521266
3521831
3522726
3523105
3523552
3525840
3527852
3527853
3530182
3532564
3534151
3534384
3534940
3535126
3535195
3535448
3536286
3537405
3539453
3540027
3540060
3542505
3542747
3542979
3543790
3544099
3544102
3544390
3545044
3545158
3545407
3545415
3545870
3545897
3545925
3547806
3548760
3548926
3550984
3551569
3551972
3552183
3552263
3552975
3554431
3555154
3555320
3555572
3556857
3557938
3558080
3558986
3559539
3560058
3560909
3562236
3562563
3562802
3562940
3564219
3565690
3566096
3566144
3566558
3566741
3567656
3568275
3568326
3570029
3570091
3570289
3571281
3571933
3572137
3572517
3573778
3574598
3574692
3574737
3577086
3577415
3578368
3580295
3580463
3580938
3583821
3584935
3585041
3585538
3585948
3587523
3588386
3588581
3588632
3590253
3591135
3591186
3593767
3594634
3595557
3595784
3596238
3596845
3597309
3598024
3599551
3599872
3600329
3600429
3600529
3600565
3602607
3602690
3602916
3603016
3603070
3603940
3604142
3604191
3604355
3605061
3605097
3605102
3605537
3605978
3606339
3607282
3607848
3608887
3609708
3610235
3611402
3612412
3613878
3614022
3614169
3614289
3614573
3614960
3614983
3614987
3615963
3617597
3617803
3618692
3618846
3619369
3620218
3623007
3623386
3624212
3625134
3626413
3628094
3629706
3630132
3630203
3630244
3630657
3630669
3631696
3632308
3633966
3634223
3634606
3634870
3635358
3635666
3635762
3636430
3638834
3639250
3640157
3640715
3640920
3642662
3643922
3644857
3645148
3645772
3647352
3647814
3649742
3650035
3650471
3653925
3654602
3655049
3655370
3655606
3655772
3657785
3659262
3659675
3659700
3659840
3660016
3660215
3660329
3661223
3661431
3662105
3663464
3663558
3663723
3664829
3665252
3666591
3667992
3669767
3670220
3670661
3670875
3671159
3671421
3671958
3672049
3672586
3673172
3674332
3675193
3675619
3675921
3676474
3677876
3679228
3679329
3679724
3679801
3680881
3681636
3681901
3681985
3682625
3683064
3683114
3683127
3683216
3684303
3684873
3685532
3685541
3687530
3687637
3687914
3688622
3689080
3689445
3692392
3692621
3692708
3696976
3697582
3700471
3702567
3703571
3704199
3704447
3705309
3705971
3706107
3706867
3706910
3707019
3707755
3707796
3708446
3708821
3708839
3709300
3709712
3709843
3711026
3711343
3711820
3711910
3711919
3713914
3714193
3714206
3714331
3716512
3716781
3717495
3717599
3719394
3719940
3720219
3720279
3720604
3721827
3724142
3727686
3728812
3730601
3730825
3732334
3733096
3733228
3736223
3737483
3737824
3738178
3738885
3739334
3740630
3740940
3741400
3741455
3741684
3742259
3745074
3745176
3745789
3745815
3746215
3746487
3749946
3750214
3750819
3752198
3754487
3754835
3755928
3756569
3756641
3756682
3756695
3757433
3759400
3759856
3761161
3761502
3761630
3762586
3762664
3762869
3763366
3763401
3763952
3764736
3764989
3765110
3765981
3766117
3767678
3768237
3768493
3769029
3769570
3769738
3770402
3773026
3774018
3775176
3776807
3777505
3777524
3778471
3779809
3780298
3781053
3781147
3783023
3783089
3785389
3785504
3785662
3786575
3786723
3786939
3787121
3789916
3790400
3790510
3790747
3791357
3791646
3792987
3793310
3793565
3793976
3796314
3797277
3797929
3798291
3798562
3799064
3799091
3799154
3800075
3800143
3800624
3801277
3802519
3804364
3804837
3805862
3806898
3808697
3808953
3809642
3809984
3810938
3812425
3812599
3813139
3815382
3815985
3816861
3819090
3819425
3821091
3821158
3823031
3823159
3823704
3823851
3824393
3824996
3825022
3825591
3825839
3826916
3827610
3827839
3828043
3828237
3829312
3831485
3831533
3831837
3831867
3833050
3833331
3833727
3835504
3835525
3835900
3836240
3836247
3836371
3836779
3837066
3837101
3838246
3839513
3840474
3840538
3841401
3842520
3844754
3845690
3845814
3845920
3846667
3847105
3847430
3847850
3848324
3848732
3849019
3849694
3849820
3849825
3851663
3853243
3853300
3854844
3856081
3856565
3856984
3859697
3860317
3861378
3862049
3863670
3863710
3864387
3865057
3866147
3867552
3867800
3867890
3868256
3868592
3869112
3869441
3870285
3873595
3873982
3874136
3875269
3876374
3876505
3878270
3879333
3879470
3879707
3880743
3882184
3883316
3883800
3883893
3884172
3886795
3887091
3888180
3888319
3888493
3888728
3890183
3890422
3890861
3891596
3892194
3892207
3892673
3892748
3893163
3893834
3894502
3898167
3898307
3904484
3904760
3905142
3905408
3905464
3906463
3906972
3907475
3910135
3910248
3910534
3910797
3911017
3911156
3911760
3911932
3914294
3915284
3915921
3916337
3917117
3917158
3919813
3920362
3920578
3920703
3921199
3921616
3921922
3924377
3925237
3925649
3925761
3926339
3927200
3928300
3929509
3930305
3930980
3931623
3931776
3931955
3932396
3934880
3934926
3935655
3937334
3938673
3938775
3939697
3941347
3943443
3944888
3945325
3945755
3946450
3946850
3947828
3948886
3949628
3951714
3952424
3952672
3952938
3953295
3953559
3953687
3955203
3956732
3957137
3957606
3957825
3958191
3958722
3959429
3959654
3960983
3961611
3963003
3963197
3963971
3964789
3964792
3964930
3965668
3965771
3965873
3966806
3967779
3968006
3968481
3969005
3969361
3970050
3972154
3972502
3974514
3975663
3976010
3976140
3976693
3976946
3977136
3977320
3980967
3981235
3981576
3981853
3983474
3984535
3985545
3985772
3987763
3988029
3988279
3988562
3988566
3989804
3989981
3990049
3991973
3992428
3992558
3993455
3994011
3997470
3997884
3998601
3998727
3999603
3999719
3999751
4000345
4000529
4001775
4002564
4002832
4003254
4003383
4004905
4006474
4007264
4007926
4008358
4008706
4009825
4010831
4012015
4012122
4012248
4013623
4013943
4015059
4016394
4017430
4017436
4018148
4019134
4019180
4019234
4019247
4019863
4020132
4020211
4021972
