500
591
1469
1557
2051
2270
2335
3237
3750
4345
5124
6380
7077
7555
8234
8300
8842
9313
10096
10279
10709
11195
13426
13540
14065
14721
15656
16656
18098
18719
18747
18879
18924
18971
19703
20633
20779
21466
21679
22289
22615
22903
24709
24990
25076
26426
26833
26898
27142
27255
28977
30251
30307
30783
31440
31791
34128
35711
35911
36096
36278
36348
36528
38093
39924
39968
39993
40325
41095
41283
43240
43605
44433
45111
45257
45480
46463
46871
48108
48229
48737
50066
52179
52668
52745
52983
53208
53314
53505
54195
54459
54981
55682
58981
58995
60314
61659
62003
62476
62483
63212
63863
64038
64390
67559
68321
68939
69118
70192
70442
72879
74335
75260
76308
77299
77451
77475
78974
79321
80284
80865
81117
82223
83336
87241
89224
90497
90555
92574
93875
94219
95850
98146
99288
99339
99746
100951
100978
101613
102662
102770
103920
104506
105505
106231
106301
107029
107184
107573
108451
108474
108619
108738
110329
110539
110931
112463
113826
114380
115355
115426
116053
116255
116340
116727
116782
116833
116989
118399
118837
119082
119178
120138
120246
120605
124756
125509
125776
125909
126516
130636
130751
132179
132291
132364
133545
134437
134481
135961
136032
136797
136853
137002
140013
140628
140718
141890
142357
143200
143907
144797
145010
145042
145088
146241
150963
151117
152210
153681
154920
155532
156312
156645
157196
158096
158388
158745
158930
159159
159462
159576
160623
161002
162092
162459
163005
163400
163504
163694
164782
164945
165324
166146
166823
166952
168876
169210
169305
170065
170073
170158
170370
170489
170840
171266
171486
172237
172615
173200
173339
173681
173867
173907
174126
177110
177941
178180
178500
178561
178781
179048
179643
180174
180278
180384
180835
181153
181591
181656
182366
182863
183874
184132
184493
185890
187269
188507
189315
189674
190117
190791
191754
193558
194299
195562
195657
196261
197426
198124
198275
198427
198432
199252
199313
199348
200220
200734
202416
203594
203910
204313
204937
205491
206039
206735
207939
209309
209352
209967
211333
212091
212138
212220
213076
214330
215520
217136
217323
219678
219869
219904
220547
220710
221217
222160
223113
223524
224076
224231
225226
225379
225935
226077
226537
227593
227781
228116
228596
229370
229704
230645
231757
231841
232392
232733
232900
234072
234781
235638
235918
239157
239311
239664
243094
243574
243702
244614
245109
247036
247726
248429
248830
249075
250508
250659
251726
251858
252487
254209
254881
255203
256360
256561
257005
257649
258055
259309
259596
259991
260330
261751
262185
262214
263056
264341
264484
264965
265083
265120
265148
268417
270103
270300
271639
271997
272200
273769
274233
274578
274596
275048
275314
275670
277187
277963
278820
279976
280692
281320
284334
285772
286251
287702
291425
291732
292397
292531
292969
293809
293926
293951
294034
294978
295006
295270
296409
296540
296768
297139
297659
298229
298480
298680
299864
300140
300363
301141
301507
302627
303178
304070
304218
305123
305157
305841
306410
306514
308034
308635
308878
309165
309493
310239
310791
311711
311950
312687
312861
313593
314215
314717
315499
315840
317165
318090
318770
320845
320972
322552
323468
323990
324040
324096
326210
326929
327119
328295
328529
329068
329764
330363
333092
333754
334321
335097
335502
335927
336034
337075
337742
339138
341250
341936
341940
342265
342308
342957
344075
344357
345117
345394
346461
348138
348965
349392
349570
350619
351172
351277
351307
351546
351729
351731
352897
353564
353841
354566
355985
356657
356735
357062
357541
357611
359541
361329
362131
362405
364549
364576
365652
365658
366240
366795
367075
368782
369025
369222
369227
369746
370280
371718
371811
372224
372485
373410
373950
374069
374389
375279
375762
375799
378667
380242
380423
382104
382118
382838
382846
385157
388013
388641
392024
392469
392869
393237
394561
394936
396140
397067
397986
398003
399094
399708
399760
400652
401547
401626
402144
402677
403361
404731
405263
405488
405654
405723
406992
408006
408052
409491
410408
410780
412233
413781
414122
414410
414433
414736
415451
415667
417347
418892
419149
419179
420149
421854
422169
423569
425197
425414
425951
426381
427029
428483
428513
428903
429218
429690
430208
430311
431658
433096
433467
433843
435198
435826
436075
437025
437053
437348
437506
437987
438080
438130
438899
439874
439944
442243
442427
443061
443756
444781
445199
446507
446532
447121
448326
448335
448902
448965
450345
450458
450917
451233
451510
452521
453205
453365
453526
453603
453724
454477
454720
455259
455640
456302
456375
457205
457840
458934
458944
464331
464407
464477
465598
467280
467774
468293
468339
468382
469123
469173
469498
469871
470191
470582
470740
471237
473247
475600
476226
476428
476684
477269
477382
477537
477740
478660
479951
480492
480614
480840
481626
481636
481910
483453
483857
485620
485695
485777
486844
488972
489373
489714
490216
490562
491374
492392
492524
493600
493673
493727
496709
497040
497996
498403
502674
502884
503199
504063
505119
507560
508758
509753
509970
511059
512102
512224
513043
514234
514845
514910
515036
515356
516389
518637
519642
520586
521933
522523
523721
524333
524845
525197
526497
527737
527935
528353
530079
533731
534600
534843
535427
535629
535776
538682
539534
541309
541416
542897
543309
544682
544938
544971
545418
545602
545721
547086
548200
548839
549072
549160
552796
553282
554005
554649
558229
558440
558823
559090
560300
560766
560966
561396
561660
561856
562414
562450
564593
566491
569387
569694
569928
570765
571585
572509
573222
573500
573917
575884
576319
576481
577764
578223
579127
581717
581931
582723
583381
583784
585543
586059
587241
587425
587480
588695
589417
589828
590178
590337
590738
591801
592217
592415
593910
594382
594727
594928
596075
596732
597021
597186
597451
597773
598025
598292
598325
598681
600564
600665
601315
602272
603470
604660
604718
604847
605690
605823
606380
606752
608704
609029
610819
611553
612345
612411
613874
614462
614920
615860
616095
616957
619504
620531
620534
621044
622051
622151
622348
622478
623175
623335
623438
628917
629692
630169
630295
631877
634256
634258
635153
635315
635817
636224
636235
637012
637090
637943
642301
643417
644889
644890
647040
648109
648294
648347
648776
649508
650036
650065
650079
650427
650725
652673
653860
654425
654600
655404
655513
655714
656517
657142
658490
658555
659264
660265
661224
661547
662986
663048
664843
664920
665048
665281
668825
669408
670211
670304
670512
672902
672941
673610
674079
674172
674586
674784
678591
678622
680076
680761
680847
682902
683046
683343
683765
684830
684882
685556
686194
686281
687777
689976
690425
690984
692397
693233
693268
693315
693837
694585
696175
696665
696745
696747
696764
698422
700113
700146
700196
701410
702067
702894
703397
703559
704558
705074
705134
705182
707229
707315
708396
708742
709190
710238
710584
712390
712546
712641
713834
713861
713923
715216
715818
717073
717190
718045
718694
718756
719236
719251
719335
720353
720543
721080
723228
723436
723930
724206
725949
726411
726955
727319
731931
732550
733032
733607
733756
734460
734865
736425
736721
737225
737351
737414
737780
738336
738343
738436
738729
739106
740643
742894
744792
746487
746524
747201
747353
748041
749069
749216
749238
749580
751178
752246
752490
752551
752679
753329
755121
756575
757298
757446
757574
757660
757846
759255
759294
760135
761025
762067
764097
765392
766173
767083
767609
769638
770044
770868
772018
772080
772813
775819
775966
775997
776045
777552
778550
779806
780123
780162
780221
781595
783001
783447
783849
784457
785744
786054
786684
787238
787406
787480
787558
787696
788832
790238
790301
790816
792532
794292
794905
795027
795670
796022
796329
797081
797647
798350
799002
799629
799870
802080
802412
802561
802617
804295
804743
805926
807014
807125
807631
808253
808931
811194
812703
814564
815261
816149
816339
816348
817599
819400
820691
820731
822123
822135
822903
823569
826049
826381
827404
827772
828130
830020
833250
834454
834673
834923
835954
836213
837159
837485
838570
838635
841401
842131
843443
844360
845761
846344
846459
847325
847406
847677
848223
849311
849370
849649
850645
850880
851753
851881
852104
852644
855058
855450
857929
857988
858445
859044
859207
859953
861256
861980
862653
863021
863452
865557
865910
866105
866696
866890
867588
868637
876031
876583
877153
877628
878045
878743
878842
879203
879311
879381
879491
879952
882835
882887
883125
885035
885347
885425
885782
885854
887074
887272
889108
889202
889418
890626
890862
891327
893153
894798
894839
894893
895474
896531
899514
901142
901471
901759
901992
903093
903186
903376
903988
905196
905671
907585
908572
908640
908768
908878
911234
912043
912739
914536
914799
915402
917586
917992
918175
918929
919018
921279
921680
922242
925091
926366
926604
928973
930169
930512
930881
932643
934126
934172
936065
936307
938307
940749
941688
942374
942723
943733
944571
944594
944937
945518
947108
949550
949870
950020
950142
951263
951505
952164
952651
953573
954078
954871
955459
955709
957245
958631
958822
958977
959457
960281
962291
962718
963087
963574
964305
964627
964819
965386
965659
965806
965866
967014
968183
970160
970565
970924
971297
972501
972787
973593
975046
975337
975460
975611
976563
977736
978418
979126
979609
980242
980301
981003
981634
982153
982167
983206
983638
984555
985334
986434
986577
986593
987798
987922
990357
990713
990952
991984
992628
992810
994638
994916
995056
995138
995915
996242
996558
997572
997580
997810
998217
1000463
1001757
1002010
1002991
1003193
1003443
1003690
1004192
1005279
1005536
1005766
1006356
1007236
1007280
1008514
1008895
1009408
1010878
1011579
1012259
1012475
1014020
1014024
1014793
1014891
1015474
1015598
1015788
1016244
1016587
1017904
1018445
1018819
1019418
1019774
1019924
1020598
1022389
1023739
1025944
1026052
1027874
1027959
1028746
1029267
1030597
1030623
1031913
1032012
1032284
1033314
1033387
1035944
1036839
1036896
1038124
1039235
1040944
1042109
1042330
1042844
1043155
1043470
1045534
1046054
1047761
1047877
1048056
1048059
1048282
1048731
1048958
1049012
1050614
1050646
1050684
1053584
1053755
1054843
1056118
1058006
1058560
1058588
1059496
1060341
1060388
1060915
1061453
1062626
1063381
1064378
1065729
1066771
1066894
1067549
1068401
1070197
1070355
1071012
1071184
1071465
1071745
1071890
1072359
1072686
1072738
1073500
1074214
1074219
1074786
1074890
1075849
1076104
1076291
1077265
1077305
1078274
1079075
1079947
1080100
1080216
1080649
1081409
1081772
1082689
1082790
1084114
1084250
1085506
1086220
1089359
1089378
1089426
1089781
1089844
1090308
1090712
1090768
1091140
1091141
1091373
1092510
1093009
1093730
1094911
1095068
1095362
1097375
1099365
1099945
1100214
1101873
1102895
1103976
1104075
1104745
1104760
1104803
1104836
1106631
1106839
1107309
1107317
1107434
1108208
1108797
1110691
1114847
1116094
1116472
1117901
1118361
1118699
1119719
1120997
1121266
1122606
1122784
1123142
1125053
1125648
1127379
1128436
1130832
1132672
1132730
1135059
1135287
1135703
1137096
1137114
1138411
1138868
1139620
1139668
1140780
1142393
1143319
1143328
1143369
1144765
1147324
1148412
1148670
1150152
1151382
1151466
1151575
1152091
1154148
1155521
1156237
1156923
1157177
1157924
1158474
1158738
1159743
1161965
1163257
1163948
1164482
1165844
1165913
1166266
1167050
1167259
1167361
1168548
1168587
1169517
1170477
1170492
1170760
1171864
1173233
1173743
1173886
1173948
1174313
1174417
1175700
1175791
1175949
1176262
1176498
1176792
1177074
1179518
1180975
1181054
1181156
1181219
1181341
1181706
1181716
1182817
1183617
1183999
1185773
1187433
1189663
1190461
1191055
1191104
1191377
1193405
1193438
1194090
1194502
1194687
1195070
1196385
1198535
1198593
1198681
1198693
1199642
1199762
1199774
1200518
1200656
1200666
1200667
1201524
1201931
1203422
1203742
1203952
1204749
1205301
1205465
1206253
1206665
1207541
1208135
1208175
1209019
1212162
1212301
1213021
1213327
1214680
1215689
1215795
1216883
1217354
1218249
1219198
1219819
1220544
1220846
1223053
1224684
1225201
1226103
1226519
1227162
1228218
1230502
1231172
1231661
1232932
1233088
1233242
1233799
1234237
1237629
1237636
1237677
1237971
1238567
1238792
1238866
1239809
1240454
1240630
1240878
1240989
1241411
1241660
1241971
1242952
1243652
1244144
1244413
1244513
1245148
1246212
1246662
1248290
1249449
1252756
1252831
1252971
1254549
1255339
1256019
1256084
1256266
1256553
1256773
1256820
1257321
1258871
1258907
1258942
1258955
1259813
1260340
1261400
1262439
1262503
1263307
1263463
1263523
1263717
1264720
1265324
1266058
1266247
1266762
1266882
1267831
1268266
1270310
1270677
1270986
1271059
1271069
1271303
1271480
1273409
1273592
1274695
1275410
1275752
1275779
1277195
1277526
1277613
1278049
1278116
1279514
1280565
1281522
1282305
1282579
1284930
1285277
1285438
1285982
1286424
1287821
1288918
1290419
1290668
1291816
1291889
1292559
1292580
1293317
1294052
1296124
1296134
1297131
1297742
1298120
1298324
1298470
1298496
1299511
1300112
1301572
1302401
1303694
1304037
1304435
1305782
1305847
1309864
1311757
1311920
1311955
1312171
1312554
1313721
1314315
1314672
1315339
1316216
1316881
1316922
1318106
1318638
1318905
1319080
1319106
1319167
1319275
1319382
1319754
1319823
1319858
1320547
1322000
1322294
1322460
1323774
1323966
1324464
1324877
1325727
1326626
1326698
1327449
1327783
1328573
1328731
1330869
1331030
1332445
1332912
1333069
1333343
1337084
1337137
1337456
1338084
1339062
1339392
1339555
1341024
1342958
1343059
1343064
1344130
1345126
1345829
1347105
1348043
1349666
1351070
1351374
1352418
1354283
1354476
1354911
1355202
1355264
1356727
1357051
1357089
1358051
1358255
1358814
1358912
1359036
1359428
1360201
1364080
1364188
1364463
1364508
1364528
1365588
1365866
1366479
1367088
1368418
1369429
1370144
1370474
1370618
1371317
1371673
1371706
1372681
1373030
1373284
1373595
1374713
1375615
1376045
1376642
1377057
1377715
1380110
1380884
1381207
1381663
1382592
1382876
1384482
1387352
1388662
1389996
1390289
1393508
1393702
1393964
1394002
1394274
1394312
1394797
1396095
1397064
1397620
1398092
1398449
1399059
1400472
1403004
1403010
1404192
1406771
1406837
1407029
1407318
1407763
1408494
1408791
1409480
1410289
1412511
1413156
1414091
1414530
1417065
1418877
1420642
1421379
1421725
1422015
1422153
1422780
1423319
1423787
1424246
1425540
1425968
1427484
1429742
1430976
1431299
1432599
1433088
1433221
1433776
1434693
1434779
1435056
1436212
1436874
1436946
1437149
1437594
1438458
1439036
1439535
1440505
1440877
1441398
1442137
1442819
1443221
1443841
1444417
1444750
1445743
1445811
1446619
1446778
1447081
1447186
1447550
1448215
1448473
1448923
1449226
1449502
1449786
1450911
1451023
1451439
1451820
1452330
1452526
1452592
1453524
1453772
1454662
1455858
1456351
1456853
1457517
1457822
1458402
1458602
1459270
1460532
1460958
1463192
1463710
1464576
1464894
1466771
1467921
1468291
1469583
1470490
1470767
1472247
1472927
1473063
1473427
1473544
1473635
1473880
1474819
1475405
1475568
1475588
1475797
1476141
1476163
1477567
1480397
1480533
1480842
1481459
1481770
1481877
1482539
1482552
1482731
1483301
1484599
1484667
1486106
1486271
1486508
1487181
1487698
1488895
1489725
1490699
1491371
1492621
1492743
1493227
1493414
1493621
1493771
1494846
1495625
1495962
1496183
1496804
1499270
1501099
1501593
1502460
1502485
1503865
1505644
1506570
1507597
1509930
1510748
1511310
1512976
1513374
1514314
1514462
1514949
1515466
1515988
1516909
1517595
1519741
1519909
1520117
1520524
1523032
1524719
1525262
1526300
1526464
1526987
1528563
1530431
1530796
1532519
1535699
1536021
1536132
1537553
1538141
1538180
1539569
1539687
1539872
1540149
1540163
1540524
1541759
1542427
1542460
1542574
1543005
1544569
1544746
1544778
1545029
1545280
1545717
1546371
1548780
1549044
1549616
1551575
1552000
1552606
1552718
1554318
1555231
1555672
1555835
1556329
1556449
1557055
1557368
1557666
1558158
1559227
1559259
1559345
1559628
1559956
1559997
1560105
1561269
1567087
1567808
1568416
1568428
1568913
1570598
1571618
1572925
1573772
1573914
1575788
1575949
1576613
1579107
1579568
1579663
1580504
1580805
1581215
1582074
1583164
1584700
1584743
1585634
1586239
1586628
1586691
1586765
1587176
1587809
1589257
1589957
1590212
1590338
1590473
1590646
1591012
1591325
1593323
1594056
1594482
1594643
1595333
1596308
1596762
1596913
1597805
1597982
1598356
1598694
1600686
1600766
1601489
1601777
1602079
1602649
1603029
1603058
1603206
1603668
1603829
1603874
1604999
1605952
1606011
1606530
1606806
1607158
1607341
1607343
1607388
1607963
1608123
1608896
1609624
1610020
1610431
1610737
1612007
1612237
1612589
1612790
1613002
1613501
1613860
1614705
1615180
1616017
1616173
1616328
1617725
1618131
1618443
1619436
1620947
1621494
1622124
1622263
1622662
1623440
1623449
1623792
1624458
1625969
1626417
1628344
1628665
1628971
1629727
1629882
1630237
1630712
1633408
1633582
1634783
1635652
1635840
1636393
1638034
1638316
1639811
1640740
1640741
1641017
1641188
1641410
1642388
1642616
1642626
1642643
1643172
1644248
1644514
1644869
1646089
1648216
1648509
1649653
1650010
1650774
1651312
1651572
1653947
1654765
1656872
1657447
1658431
1659351
1660151
1660836
1661432
1662071
1662153
1662643
1664098
1664534
1664800
1665387
1665492
1666420
1667162
1669753
1670309
1670340
1671064
1671604
1671969
1672594
1672655
1673078
1673502
1673703
1674102
1674429
1674439
1678119
1678502
1679893
1682203
1682947
1683022
1684030
1684665
1685662
1686611
1687204
1687219
1687480
1687611
1688372
1688976
1689095
1689664
1690650
1691593
1691766
1692917
1696859
1697209
1697588
1698255
1698532
1698978
1699434
1699966
1700027
1700029
1700758
1701198
1702062
1702292
1702362
1702614
1703219
1705504
1705558
1705891
1706579
1706859
1707164
1709316
1709643
1710139
1711015
1711044
1711945
1712593
1712716
1713136
1715157
1717154
1717215
1718456
1719837
1720572
1723297
1723574
1723925
1724646
1724898
1725573
1729569
1730361
1731141
1731254
1732073
1732911
1733178
1733268
1734806
1735003
1735428
1735496
1735510
1736008
1737663
1738033
1741191
1741474
1742869
1743264
1743864
1744036
1744114
1744680
1745499
1745570
1745883
1748412
1749365
1749504
1749811
1750148
1750661
1750826
1751189
1755519
1755733
1756781
1756876
1756996
1757480
1757939
1758839
1759062
1759129
1760460
1761595
1763294
1763527
1764045
1764271
1764569
1764829
1764893
1766856
1769078
1769717
1770282
1770580
1771643
1771844
1775663
1775707
1775884
1775961
1775978
1775994
1776187
1780841
1782861
1783588
1784219
1784318
1785066
1786110
1787572
1788050
1788162
1788237
1788749
1789502
1789904
1790885
1791162
1792549
1792682
1793057
1793081
1793189
1793990
1794156
1795295
1796280
1796596
1798895
1800330
1800352
1800525
1800715
1801136
1801356
1801381
1801896
1802702
1802866
1803094
1803167
1803185
1804263
1805081
1805743
1807168
1807428
1807529
1808631
1810686
1810882
1811030
1811283
1811636
1814548
1815120
1815193
1815696
1815724
1815970
1816914
1818483
1819164
1819196
1819720
1820040
1820184
1820237
1820779
1820963
1824562
1825336
1826539
1826891
1827168
1827380
1827382
1827985
1828686
1828741
1829270
1829551
1829888
1829941
1832329
1833455
1833709
1835601
1835814
1836789
1836892
1837001
1837274
1837357
1837645
1838071
1838296
1839620
1839880
1840595
1841393
1841678
1842710
1842833
1844853
1845794
1845975
1847394
1847827
1848857
1849142
1849661
1851580
1855120
1855143
1857552
1857930
1858479
1858757
1858948
1859304
1859381
1860505
1861601
1862476
1862674
1864438
1865492
1866036
1866391
1867164
1869444
1869765
1869882
1871529
1873047
1874337
1875457
1876674
1877996
1878144
1878370
1878739
1879135
1879745
1881413
1881653
1881754
1882901
1882908
1882934
1883175
1883705
1884488
1884690
1884912
1885328
1885708
1885796
1886757
1887472
1888275
1888979
1889452
1889704
1890026
1890494
1894997
1895746
1896169
1896532
1896717
1897671
1898790
1899456
1900796
1901736
1902740
1902822
1904827
1905232
1905281
1906061
1906624
1907139
1908329
1908653
1909249
1910273
1912057
1914863
1916461
1916599
1916635
1916743
1916907
1917146
1917412
1917889
1918131
1920362
1920855
1924763
1926021
1926064
1926768
1927292
1927312
1928407
1928738
1930062
1930924
1931078
1932722
1933510
1934720
1935153
1935522
1937262
1938161
1941843
1943860
1943947
1944608
1945433
1946722
1946748
1946883
1947045
1947271
1950326
1950407
1950415
1951067
1951336
1951984
1952004
1952268
1952469
1952880
1956112
1956263
1957214
1958080
1959236
1960743
1962193
1963305
1963488
1963687
1964239
1965371
1965384
1966649
1966711
1966953
1967045
1967748
1969401
1969771
1970640
1971276
1971853
1972013
1973512
1974035
1974056
1975182
1975199
1976930
1977105
1977311
1978817
1980128
1981321
1981813
1982067
1983494
1984328
1984909
1985224
1985638
1986108
1986287
1986442
1992034
1992166
1992390
1992766
1993093
1996145
1996406
1996779
1997347
1998252
1998673
1999411
2000455
2000666
2000800
2001695
2003938
2004284
2005912
2007871
2008032
2008193
2008298
2008714
2010345
2010724
2010897
2011035
2011137
2011541
2013239
2013444
2013797
2013934
2014770
2015006
2016113
2016208
2017090
2017804
2017960
2018396
2018701
2019258
2020464
2020544
2021772
2022937
2023389
2024311
2025946
2027050
2027574
2028090
2028785
2028842
2030506
2033039
2034191
2034220
2037498
2038437
2038589
2040208
2041244
2041590
2041790
2041849
2042196
2043118
2043434
2043805
2044043
2044095
2045269
2045619
2045711
2049781
2050275
2050370
2050976
2051358
2054504
2054848
2055203
2055287
2057561
2057657
2058181
2058639
2058899
2060311
2060496
2061523
2062657
2064193
2064253
2064967
2065699
2066244
2067015
2067243
2069355
2071787
2071870
2072783
2072845
2072999
2073689
2075007
2075382
2075400
2075644
2076406
2076874
2077131
2077609
2079478
2080106
2080220
2082734
2083907
2084116
2085617
2087143
2088214
2088545
2088892
2088973
2089176
2089841
2091102
2091670
2091698
2095600
2097786
2097954
2101121
2101317
2101686
2101751
2102266
2102905
2103190
2103977
2104662
2105653
2105768
2107379
2107397
2107520
2109107
2110002
2110048
2110394
2110621
2111667
2112440
2112626
2113236
2116894
2117539
2117837
2117965
2119124
2119769
2120701
2121297
2121741
2124415
2125353
2125446
2127327
2127743
2127901
2129705
2129889
2130421
2130827
2131284
2131338
2131606
2131619
2132674
2132863
2134081
2134748
2134774
2136229
2136638
2137237
2137396
2138076
2138510
2138636
2138901
2140112
2142362
2143510
2144365
2145167
2146558
2147985
2148034
2148669
2150594
2152052
2152267
2154497
2154815
2155562
2156202
2159144
2159166
2159451
2160383
2160509
2160537
2161312
2162574
2163176
2163233
2165091
2165258
2166844
2167395
2167866
2168173
2168264
2170421
2172114
2172588
2172646
2173721
2174610
2174680
2174750
2177336
2179063
2179085
2179473
2179801
2180006
2180615
2181342
2181343
2181665
2181818
2183916
2184391
2185703
2185911
2187429
2187584
2188496
2188828
2189124
2189409
2191799
2193978
2194846
2195931
2199509
2200572
2200746
2200944
2201056
2202344
2202540
2202717
2203055
2203716
2203956
2203987
2203988
2204351
2205368
2205730
2206230
2207182
2209062
2209296
2209643
2209696
2211514
2213974
2214092
2214866
2215548
2215634
2215687
2216660
2216861
2217082
2219560
2219756
2220334
2220607
2220745
2220933
2221320
2221483
2222483
2222546
2223749
2223834
2224034
2224092
2224256
2224501
2225546
2225763
2226128
2226284
2226310
2227300
2227589
2228034
2228424
2228790
2229030
2229943
2230880
2230970
2231544
2231922
2233513
2233848
2233944
2236837
2237307
2237317
2238445
2240723
2240796
2241409
2241873
2241928
2244565
2244918
2246086
2246825
2247152
2247660
2248650
2248688
2249447
2249526
2251147
2252793
2253175
2253293
2253619
2253832
2254177
2257375
2257785
2258502
2258764
2259828
2261907
2261913
2262491
2262592
2263054
2264593
2265097
2267189
2267439
2268298
2268699
2270466
2270691
2271574
2271686
2271895
2271951
2272703
2272877
2273184
2273571
2274496
2274687
2275399
2275731
2275788
2276023
2276378
2279138
2281278
2281675
2281709
2282499
2284573
2285164
2285651
2286845
2287309
2287647
2291023
2292122
2293065
2293632
2293737
2294516
2295254
2295684
2296047
2296070
2296567
2297271
2297745
2299336
2299836
2299923
2301647
2302188
2303903
2304225
2304317
2304618
2306741
2307353
2308309
2308761
2308774
2308970
2308999
2311022
2311690
2311869
2312462
2312785
2312795
2312945
2314523
2315148
2315495
2315722
2316380
2316885
2317899
2318214
2318868
2319090
2319351
2319423
2319597
2321228
2322346
2322775
2323409
2323848
2325300
2325402
2326358
2327373
2327707
2328294
2329170
2330466
2333646
2334053
2334215
2335354
2336034
2336284
2336819
2338670
2338954
2339692
2340609
2341586
2342267
2342453
2343175
2343428
2343903
2344180
2344746
2347417
2347508
2347899
2348334
2348445
2348518
2349102
2349186
2349316
2351597
2351733
2352904
2353821
2353856
2354914
2358923
2360025
2360420
2361450
2361571
2361663
2361915
2362135
2362907
2364780
2364798
2364831
2365351
2365417
2365530
2366554
2366903
2368294
2368587
2369636
2369729
2370529
2371442
2372485
2372613
2372823
2373530
2373581
2373675
2374468
2375321
2376120
2376344
2376579
2376883
2377183
2377702
2377776
2378083
2378362
2380099
2380264
2381284
2383540
2384819
2385816
2386120
2386719
2386985
2387005
2388438
2389042
2389359
2389605
2389637
2391179
2392284
2392854
2393101
2393745
2394518
2394552
2394887
2397303
2397320
2399987
2402106
2402495
2403322
2403458
2404398
2404542
2404836
2406356
2406627
2406842
2407460
2408577
2408579
2410653
2411746
2412506
2413119
2413372
2413848
2414006
2415206
2415247
2415643
2416538
2417073
2417131
2417667
2417884
2417975
2418117
2419389
2421003
2421331
2421598
2423270
2424221
2424753
2426126
2426148
2426593
2426667
2427349
2427815
2428151
2431298
2434411
2434623
2436068
2437460
2438480
2438505
2439535
2439763
2439865
2441230
2441709
2442217
2443807
2444792
2444972
2445908
2446672
2447161
2447307
2447992
2448950
2450094
2450261
2450350
2452005
2453395
2453619
2453796
2453960
2454803
2457052
2458951
2459483
2459705
2459926
2461239
2462535
2462545
2462715
2463622
2464057
2464495
2465054
2465964
2466425
2466812
2467324
2467796
2470985
2471255
2472206
2472587
2473076
2473158
2473966
2474265
2474347
2475474
2477554
2477749
2478181
2478268
2479680
2479730
2482133
2483324
2483810
2484373
2484604
2485152
2485902
2486391
2487788
2488123
2488281
2488599
2489298
2490481
2490530
2490665
2490813
2491190
2491669
2492927
2494057
2498016
2498723
2499001
2499880
2500249
2501189
2501312
2501640
2502953
2503671
2504274
2505321
2506534
2507744
2508262
2510466
2511761
2512033
2513141
2514904
2515191
2515264
2516462
2517221
2518099
2518627
2518777
2519287
2519775
2519850
2520351
2520362
2521091
2522311
2523050
2523504
2524232
2524286
2524402
2524911
2527085
2527993
2528010
2528382
2528401
2528699
2528721
2529312
2530686
2530707
2531128
2531834
2531910
2532920
2535365
2536283
2537096
2537413
2538605
2541749
2542454
2544056
2545709
2546011
2548052
2548143
2548408
2549215
2551088
2551144
2551994
2553046
2553190
2553878
2554942
2555579
2555850
2555973
2556491
2559297
2560434
2561223
2563285
2563359
2564085
2564338
2564588
2564684
2569080
2569100
2570957
2571375
2571670
2572102
2572638
2572729
2573348
2573770
2575071
2575747
2575981
2576691
2577840
2578732
2578763
2578876
2579265
2579833
2579864
2580438
2581612
2581920
2582775
2582879
2583033
2583199
2583452
2584712
2585267
2585814
2586079
2586125
2587216
2588012
2589269
2589408
2591194
2591595
2592471
2592494
2592942
2593190
2594221
2594628
2594680
2598041
2598278
2602241
2603691
2603744
2603956
2605036
2605379
2605490
2605550
2605985
2606036
2606095
2606216
2606644
2607356
2607976
2608595
2609437
2611020
2611959
2612267
2613185
2613587
2614018
2614098
2615307
2615376
2616910
2617830
2618146
2618302
2618487
2618493
2618721
2619373
2619417
2619778
2619782
2620434
2621195
2621433
2621567
2622437
2622590
2622985
2623466
2624361
2624630
2624978
2625061
2626348
2626507
2626671
2626715
2627455
2628461
2630784
2631521
2631662
2632161
2633305
2634678
2634856
2635813
2635974
2635992
2636423
2637729
2637916
2637938
2637965
2642628
2643341
2644613
2645001
2646142
2646847
2647855
2648387
2649078
2649754
2649981
2650585
2651072
2652588
2652610
2656220
2656834
2656910
2657123
2657439
2658073
2659567
2659987
2660340
2661175
2663121
2664616
2665144
2666652
2668501
2668894
2670309
2671143
2671145
2671432
2672024
2673452
2673926
2674728
2675430
2675609
2676416
2676772
2677472
2677793
2680233
2681760
2683972
2684393
2685151
2685172
2685238
2685682
2686957
2688231
2688428
2689372
2690175
2691747
2693087
2693981
2694528
2695135
2696676
2697237
2697254
2697795
2698094
2698796
2698925
2699337
2700783
2701576
2702893
2703143
2703892
2703894
2704145
2704720
2704750
2705899
2706068
2706410
2706533
2708238
2708329
2708652
2708753
2709322
2709682
2710378
2710911
2711155
2712859
2715632
2716942
2717625
2718139
2718479
2718487
2718700
2719453
2720418
2722158
2722269
2722492
2724453
2725137
2726699
2726727
2727821
2728539
2728925
2728935
2729585
2730283
2730325
2731202
2731296
2732370
2734175
2734461
2734745
2735927
2736602
2738588
2739379
2740199
2741157
2741191
2741313
2741582
2742569
2743715
2744241
2744719
2745036
2745270
2745383
2747058
2748321
2750829
2750869
2751004
2752069
2752804
2753288
2753908
2753956
2755102
2755296
2756115
2756219
2756321
2756381
2756552
2757073
2757220
2758117
2758505
2758675
2758847
2759523
2759974
2761097
2761555
2762429
2763341
2765632
2765663
2765837
2767201
2767359
2768946
2769742
2769788
2771022
2771040
2771364
2771722
2772458
2772728
2772980
2774768
2775312
2775555
2775864
2777339
2779465
2779810
2780171
2780427
2780818
2781169
2781694
2783335
2783435
2784455
2785217
2785618
2787250
2788853
2789132
2790445
2791092
2792028
2792412
2792518
2793725
2795338
2795547
2795808
2796566
2796942
2796984
2797332
2797598
2799960
2800233
2800242
2800922
2801713
2801931
2802546
2802575
2803120
2805002
2805374
2805526
2805710
2806176
2806340
2806505
2807693
2807772
2807819
2808129
2808527
2809007
2809534
2810873
2811637
2814607
2815231
2817477
2817570
2818636
2818985
2819005
2819741
2819785
2819926
2819979
2820439
2820542
2820937
2821162
2822112
2822134
2822757
2822942
2823207
2823444
2823947
2824546
2824761
2825098
2826538
2827955
2829101
2832719
2832793
2833158
2834126
2834660
2835334
2836432
2836476
2838330
2840244
2840332
2840935
2840986
2841666
2841875
2842435
2842506
2842573
2842667
2842698
2843813
2843814
2844528
2844544
2844603
2844949
2846826
2847694
2848814
2849394
2850868
2853044
2855563
2855891
2855985
2858089
2858128
2862105
2863671
2865368
2865884
2866646
2868429
2868506
2868982
2869056
2869944
2869955
2870455
2871425
2871592
2871843
2873442
2873995
2874131
2875076
2875715
2877178
2877564
2877767
2878580
2878788
2878969
2880220
2882230
2882957
2883026
2883660
2884553
2886427
2888455
2889626
2890120
2893514
2893893
2894037
2894133
2894477
2895228
2895362
2895734
2897660
2898570
2899388
2901711
2902583
2903275
2903940
2903963
2905550
2909099
2911399
2912460
2913199
2913362
2913485
2913617
2913807
2914806
2915342
2915721
2917471
2919125
2919590
2919596
2920374
2920789
2921070
2921406
2921502
2924277
2924725
2926781
2927087
2927094
2927173
2927838
2928773
2928938
2929218
2930646
2931301
2931877
2932046
2932975
2934229
2935643
2936089
2936500
2937036
2940446
2942127
2942148
2942843
2944909
2945668
2947084
2948587
2949289
2949823
2949924
2950397
2951855
2952247
2952869
2954202
2955034
2955881
2960055
2961392
2962487
2963122
2963909
2965174
2968522
2968655
2970277
2970933
2972360
2974160
2975263
2975502
2976135
2977101
2977288
2977520
2978139
2978190
2979056
2981440
2981895
2982148
2982614
2983451
2984402
2984975
2985202
2985764
2985947
2985958
2987428
2988117
2988806
2989003
2989408
2990813
2991151
2991448
2992206
2992287
2993418
2993645
2994321
2996274
2996644
2997006
2997082
2997455
2997715
2997803
2997882
2998362
2998742
2999106
2999124
2999489
3000541
3001591
3002198
3003834
3004278
3004296
3005366
3005879
3005969
3006949
3008085
3008092
3008720
3009926
3010762
3010969
3012589
3013438
3013678
3013861
3014335
3015613
3017007
3017204
3018473
3018814
3018999
3019101
3021000
3021488
3023357
3023496
3023741
3025216
3025306
3025519
3025735
3025889
3026280
3027589
3030077
3030128
3030263
3031946
3032870
3033400
3033544
3035735
3036330
3037758
3038059
3038334
3039118
3039296
3039887
3040104
3040523
3040905
3040949
3042279
3044983
3045014
3045775
3045870
3046199
3046849
3047649
3047724
3047833
3047873
3047978
3048014
3048301
3048310
3048621
3050207
3050517
3050650
3051100
3052845
3053268
3054265
3055822
3056455
3057051
3057069
3057197
3057215
3059134
3059270
3060330
3060540
3060623
3060729
3060759
3062640
3063083
3063674
3064542
3064984
3067762
3068285
3069004
3069392
3071365
3073663
3074224
3074567
3075661
3075721
3079080
3080718
3080766
3081244
3081382
3082037
3084377
3085145
3086000
3086743
3086822
3087009
3087112
3088048
3090562
3091243
3091503
3091594
3091879
3093236
3093683
3094139
3096475
3096633
3097479
3098033
3098463
3098949
3099428
3099842
3100054
3100816
3101152
3101363
3102179
3104046
3104055
3105992
3107166
3107259
3107803
3108267
3108354
3109781
3110202
3110545
3111466
3113129
3114412
3114526
3115128
3115611
3115711
3115713
3116137
3116380
3118431
3118579
3118595
3120226
3121808
3122519
3122929
3123156
3123464
3123703
3124698
3125375
3125681
3127434
3127581
3128029
3128046
3128095
3128743
3129065
3130043
3131340
3131642
3132545
3133450
3134235
3134396
3134997
3135512
3135541
3135841
3136726
3136939
3137180
3137745
3139887
3140173
3140414
3141691
3142822
3143565
3143891
3143898
3145423
3146985
3148350
3148581
3148806
3149075
3149112
3150612
3152829
3153349
3155483
3155514
3157820
3158712
3158763
3160723
3161263
3161756
3162828
3164529
3165032
3165242
3165770
3166099
3167271
3167295
3167591
3167725
3167980
3168697
3168945
3171222
3172391
3173421
3173442
3173463
3173827
3174647
3175002
3175118
3177382
3177528
3178082
3179188
3179761
3180010
3180456
3180625
3181024
3182094
3182968
3183355
3183759
3184182
3185646
3186794
3186821
3187545
3188573
3190005
3191273
3191758
3192988
3193337
3194717
3195405
3197435
3198380
3198382
3198389
3199648
3199943
3200109
3200965
3201424
3202232
3202433
3204667
3205037
3205144
3206067
3206074
3206818
3207394
3208443
3209484
3209656
3210964
3212042
3212056
3212682
3213447
3213543
3215933
3216047
3216423
3218490
3219110
3219459
3219532
3219919
3220052
3220663
3220765
3221248
3221709
3222465
3222561
3222919
3223352
3223814
3223815
3225340
3225722
3226193
3226846
3228463
3228498
3229035
3229309
3229383
3229603
3229735
3229933
3230660
3230694
3230940
3231033
3231185
3231473
3233261
3234886
3234964
3237061
3237261
3238223
3238765
3239876
3239882
3240626
3241139
3241436
3241537
3241541
3241731
3243374
3244356
3245390
3245673
3246598
3247059
3247158
3247986
3248143
3248207
3248999
3249742
3249876
3250276
3250371
3251537
3251832
3252878
3253726
3255920
3257130
3257922
3258854
3258984
3260075
3260846
3262067
3262116
3262941
3263014
3263746
3263944
3266514
3266890
3267117
3267863
3268022
3269006
3270093
3273665
3274253
3275048
3275148
3275841
3276655
3276769
3277769
3277900
3278651
3279850
3280007
3280203
3281688
3282024
3282504
3283498
3284113
3285107
3285187
3287065
3287480
3288706
3289598
3289879
3290808
3292029
3292601
3292980
3293157
3294834
3297060
3297293
3297726
3297770
3300071
3300161
3300217
3300884
3301010
3302561
3302789
3304219
3306324
3307145
3309001
3309039
3309360
3311161
3311548
3312289
3312671
3313113
3313154
3313213
3314022
3314378
3314500
3314804
3315487
3316313
3317332
3318126
3318269
3320360
3320415
3320575
3320631
3321632
3323110
3323397
3323448
3323713
3324397
3325235
3325933
3326270
3328960
3330285
3330981
3331622
3332203
3332205
3332611
3333521
3334898
3334929
3334994
3335245
3336910
3341304
3341815
3342093
3342660
3342936
3343694
3343811
3345125
3345422
3346568
3346897
3349201
3349213
3350423
3351998
3352227
3352257
3352374
3352850
3355074
3355217
3355961
3358348
3358650
3358927
3358942
3359362
3359625
3359829
3361327
3361663
3363906
3364429
3364947
3365277
3365459
3366386
3366923
3367092
3367240
3367489
3367844
3368688
3369046
3369205
3369538
3374056
3374155
3374599
3375279
3375284
3376209
3376618
3376676
3377135
3377848
3378799
3379121
3380050
3380125
3380407
3380626
3380668
3381173
3381664
3381957
3382387
3382421
3384523
3384549
3384675
3385073
3388049
3388121
3388179
3388952
3391636
3392087
3392446
3392466
3393236
3394927
3395454
3396673
3397041
3398327
3398737
3400364
3401503
3402013
3402130
3402517
3402543
3402832
3402906
3403816
3404546
3404877
3408366
3408606
3408646
3408970
3409135
3409250
3409664
3409967
3411897
3412693
3413363
3413413
3413743
3414055
3414814
3416409
3416579
3416585
3416673
3416886
3418044
3418544
3419295
3419593
3419846
3421586
3421709
3421785
3421887
3422056
3422231
3422275
3422339
3422481
3424846
3425426
3426017
3426649
3427520
3427717
3428087
3428304
3429301
3431473
3433291
3435145
3435350
3436479
3436980
3439607
3439941
3440915
3441276
3442671
3442890
3443386
3445047
3445714
3445850
3448147
3449630
3449876
3451088
3452425
3453109
3453830
3454015
3454329
3454508
3454509
3457823
3459195
3459431
3460798
3462131
3462347
3463054
3464756
3465023
3465932
3466178
3467594
3468887
3471054
3473077
3473612
3474244
3474503
3474889
3475657
3477591
3478876
3478877
3480530
3482122
3482517
3483402
3483855
3483875
3484036
3484563
3485117
3487034
3487076
3487819
3488077
3488459
3489193
3489242
3489382
3491101
3491263
3491458
3491578
3491726
3491750
3491875
3492157
3492186
3495929
3496320
3496687
3497607
3499030
3499499
3499888
3500176
3500745
3500849
3501694
3503377
3503425
3503983
3505024
3506183
3506629
3506716
3509220
3509443
3509606
3510433
3511119
3511193
3511226
3514113
3515238
3517263
3517439
3517689
3518527
3518635
3519573
3519997
3520099
3520399
3520439
3522472
3523141
3523837
3523865
3524794
3525058
3525089
3527374
3527953
3528100
3528208
3530024
3530741
3531666
3532478
3532983
3533697
3533740
3534289
3534381
3534382
3535553
3535943
3536068
3538284
3539299
3540433
3541161
3541438
3541751
3542025
3542784
3543101
3543773
3544212
3544445
3545105
3545212
3545294
3545318
3546720
3546774
3546775
3547030
3548012
3552155
3552740
3552986
3553164
3553270
3553341
3553751
3555261
3556730
3557161
3557287
3558351
3559090
3560133
3561453
3562007
3562103
3564031
3565407
3565573
3566317
3567012
3569848
3570529
3571700
3573175
3573530
3574696
3575184
3575264
3575702
3576093
3576140
3576833
3577918
3578457
3578756
3580321
3580393
3582795
3583784
3583856
3584995
3585419
3585522
3586175
3588094
3589353
3592123
3593294
3593705
3594460
3595615
3595969
3596798
3597128
3597198
3597218
3597526
3599037
3599140
3602431
3607967
3609212
3611476
3612258
3612623
3612641
3615520
3616753
3617963
3618315
3618381
3618673
3619002
3619714
3621474
3622613
3623460
3624211
3624776
3625229
3627484
3628264
3628651
3629495
3632359
3633162
3633206
3634693
3635926
3636233
3637089
3638233
3639969
3641032
3641040
3641572
3642207
3642460
3643303
3643429
3643657
3643760
3643824
3644560
3648290
3648544
3648815
3649997
3650012
3651117
3651223
3651341
3651363
3651580
3651800
3651807
3652008
3653637
3654163
3654766
3655028
3655827
3655895
3656080
3656328
3656717
3658033
3658286
3658361
3659492
3660316
3661379
3661396
3662711
3662809
3663013
3663978
3664120
3664339
3664503
3665309
3665697
3665896
3666222
3667452
3667582
3667854
3668181
3668511
3668528
3668948
3669102
3669587
3670290
3670559
3671811
3671876
3672034
3673127
3673906
3674271
3674287
3674788
3675162
3675457
3675676
3677147
3679337
3679571
3680745
3681049
3681325
3681984
3683495
3683664
3683686
3683945
3684292
3684719
3685088
3686025
3687496
3688316
3688688
3688769
3689183
3689599
3690038
3690494
3691028
3691209
3691811
3693188
3693553
3694343
3694972
3695335
3695452
3696129
3696365
3696437
3697417
3697768
3699811
3700260
3700435
3701187
3701806
3702692
3704275
3706461
3707423
3707722
3709844
3710681
3710708
3711796
3712827
3713290
3713464
3713673
3716151
3717841
3718226
3718578
3719603
3720465
3720839
3721250
3721496
3721502
3722529
3722981
3723552
3723634
3725138
3725354
3725381
3726411
3726834
3727025
3727521
3727747
3728325
3728446
3730508
3730678
3731427
3731936
3732444
3733353
3734283
3734405
3734642
3734707
3736097
3737353
3737790
3738140
3738824
3741885
3742847
3743128
3743743
3743763
3744216
3746827
3747850
3748025
3749240
3749785
3750009
3750333
3750385
3750863
3751240
3751572
3751681
3752385
3752630
3753124
3753316
3753737
3753916
3755181
3755383
3755732
3756212
3756739
3756990
3758658
3758716
3759023
3759188
3759559
3759658
3760235
3761527
3762667
3763845
3764890
3765877
3766632
3768212
3768478
3768680
3768787
3769471
3769574
3769856
3769871
3770043
3770185
3771921
3772572
3773192
3773941
3775254
3775590
3775845
3776510
3779003
3779363
3779752
3779779
3780539
3782133
3782139
3783096
3783318
3787375
3788831
3788957
3789083
3789947
3792432
3792446
3792817
3792983
3793314
3794721
3796175
3797310
3797730
3797823
3799260
3799743
3800684
3800730
3801437
3802821
3802883
3803892
3804266
3804571
3805745
3806230
3807102
3807609
3807664
3808050
3809735
3812052
3812222
3812534
3812625
3812792
3813466
3814341
3815447
3815519
3816277
3816412
3817141
3817603
3819278
3819737
3820050
3821279
3821607
3823283
3823421
3824560
3825249
3825349
3828138
3828646
3829516
3829877
3831413
3832538
3832681
3832868
3834205
3835663
3835918
3836012
3837446
3838543
3839105
3839289
3840022
3840438
3841438
3842284
3842431
3842666
3844276
3844547
3845231
3845488
3845736
3846685
3849224
3851055
3851202
3852585
3852646
3854849
3855524
3856279
3856578
3858645
3858739
3859692
3860387
3861590
3861779
3863150
3863893
3864073
3864645
3865015
3865522
3865578
3867243
3869306
3869772
3870063
3870103
3870707
3871368
3872210
3872789
3873647
3874574
3875496
3875691
3876171
3878266
3878472
3879897
3880591
3882500
3883178
3884244
3884784
3885441
3885764
3886090
3886328
3886551
3887119
3887957
3888113
3888851
3888883
3888985
3890221
3890268
3891783
3892096
3892582
3893595
3893770
3894074
3894182
3894296
3894370
3894810
3895625
3895835
3897010
3897374
3897925
3898197
3898371
3898689
3898969
3899127
3899153
3899929
3900505
3900532
3900810
3901505
3901827
3902303
3902357
3902884
3904631
3905783
3906079
3906799
3908319
3912215
3912316
3912413
3913052
3913053
3914363
3915008
3915553
3915696
3915751
3915888
3915932
3916343
3918260
3918738
3919193
3919635
3919896
3920718
3921213
3921305
3922169
3922328
3922413
3922732
3923902
3928245
3929541
3930063
3930832
3930902
3931398
3937249
3937647
3937658
3938711
3938974
3939878
3940305
3940732
3941049
3941332
3942380
3942787
3943369
3944307
3944492
3945040
3946143
3946844
3947989
3948692
3950524
3950838
3951418
3951828
3951932
3952056
3952350
3952650
3953533
3953856
3955570
3955953
3956040
3958526
3958649
3959196
3959895
3960360
3960756
3961128
3963120
3963251
3963977
3965692
3965736
3966707
3966743
3967228
3968316
3968404
3968777
3970401
3970730
3971231
3973500
3973868
3974090
3974301
3975156
3975869
3976157
3976414
3976417
3976445
3976932
3977805
3979051
3979523
3979623
3979867
3980073
3980304
3980405
3980459
3981278
3981452
3981726
3983120
3983817
3984238
3984396
3984397
3985048
3985610
3986850
3987274
3987379
3988308
3989002
3989005
3990599
3991657
3992841
3993167
3993434
3993508
3993733
3994097
3994359
3996340
4001629
4003113
4003272
4003898
4005187
4005787
4005868
4005872
4006492
4008654
4010064
4010245
4010717
4011618
4011674
4011863
4011942
4012324
4013214
4014101
4015201
4015247
4016234
4017115
4017523
4017617
4018170
4018196
4018224
4019049
4019352
4021780
4022085
4022101
