902
910
929
1198
1647
3748
5664
6983
7178
7182
9191
9519
10158
11889
13007
15121
16972
17035
19028
21429
22178
22317
23135
23180
24458
24665
24722
24824
26137
26142
27410
28039
28256
29393
29938
30993
31987
33000
33120
34508
34849
35149
35210
35442
35521
36263
37050
38061
38602
39704
40386
40761
41245
41349
41624
42677
43756
44007
46729
48242
48501
48885
49977
50972
51890
51910
51996
52810
52851
56675
58807
58978
59229
59654
60235
62521
62597
62643
62839
63103
64789
65053
65189
65351
65386
65865
66545
67714
68478
68982
68995
69068
69681
69844
70041
71151
71197
74990
75677
75791
79963
80900
82366
82794
83047
83082
83522
83652
84311
86122
86714
86853
87213
88208
88842
88993
89941
90286
90459
91257
91364
91744
92493
92617
93531
94320
94725
95108
95289
95710
96567
98058
98189
101525
103358
104400
104549
105012
105473
105898
106430
107112
107226
107385
108175
108747
108868
109345
110000
110128
110403
110432
110603
110832
110890
111839
112225
112273
113032
115434
116612
116712
117948
118236
118897
120080
120277
120872
122147
122593
122852
123758
124077
124384
124608
124936
124941
125393
126076
127530
127753
128140
128431
129330
129361
129503
129733
131343
133018
133024
133704
134467
135315
135447
135471
136245
136610
136939
137892
138050
139273
139888
140358
140489
140707
141829
143266
143574
144452
144596
145777
146098
146332
146997
148747
148783
149002
149421
149580
149669
152345
152877
153470
153529
154931
155123
156257
157448
157845
160091
160663
160683
162888
162979
163175
163484
163658
165608
166362
166429
167665
167852
169388
169839
170409
170669
171020
172722
173267
173407
173635
173962
174116
174288
174978
175160
175227
176914
177211
177446
177916
179062
179391
180431
181019
181022
181628
181911
182487
183695
183732
183805
183839
184502
186094
186172
186549
186625
187063
187111
187150
187313
187895
190203
190519
190953
194521
194711
195257
196443
196474
196725
196959
197441
198087
198718
198906
199002
199413
199937
200780
201005
202678
202686
202792
202800
203408
203801
204089
205827
206156
206733
206960
207639
207859
208005
208253
208846
210926
210943
212020
212698
213305
214283
214373
215343
215871
217230
217476
219870
221506
222593
222657
223347
223847
224186
225538
225601
228397
229500
230486
231828
232822
233058
233429
233805
233912
234644
235133
235926
237408
237670
238239
238839
239662
239981
241379
241774
241927
242991
244801
246214
247988
248157
249613
249682
249740
250310
250984
251531
252838
255604
259140
259321
261327
261459
261488
262674
262864
262960
264283
264305
265071
266858
266971
267331
269409
271042
271048
271408
272323
272964
274291
274509
274622
274686
275757
276098
277304
277880
278922
281260
281571
281579
282538
282943
284036
284927
285570
286127
286159
286206
286799
287187
287848
287963
288214
288888
290016
291166
291814
291847
293226
294049
295006
295345
295913
296850
298068
298708
300081
300696
302062
303020
303029
303183
304271
304651
304995
305333
305352
306992
307323
308522
308738
309227
309511
309967
310325
310331
310421
310500
310704
310800
312116
313751
313854
313922
315189
317160
317560
317707
318033
318076
318327
319124
320249
321021
321163
321266
321322
321719
322431
323104
323680
323796
324212
324601
325339
327283
327993
328759
328791
330220
331014
332358
333143
333809
336336
336895
337020
337582
338371
338557
339109
339311
339640
339885
342659
342722
343210
345663
347389
348594
348979
349799
350040
352487
354783
355414
355546
356205
356358
356392
356577
356664
356800
357244
358084
358237
358599
359139
359189
359267
359437
360133
360223
360300
360522
360860
361011
361192
361881
363615
364444
365773
366473
367294
370362
371120
372351
372963
373670
374310
374663
377083
377523
377736
378199
378806
379636
379894
380145
380492
381614
382092
382643
382791
384251
386255
386537
386841
388044
389021
389786
390260
390404
391106
391810
392296
394073
394445
395986
398430
398763
399732
400644
401002
401878
402311
408405
408415
408591
408831
408834
409792
411104
411512
411607
413179
413320
414398
415403
415882
417281
417451
418087
418274
418650
419579
420256
420546
420985
421691
423157
424289
425571
425614
425820
425864
426138
426414
427043
427633
429077
429273
429719
430320
431012
434744
437412
437509
437610
438221
438255
438756
439905
440800
440960
441614
442524
442801
443395
444357
444694
445433
446614
447692
448324
448395
449242
450473
450838
450931
451210
451348
451473
452173
452261
452522
452649
453278
453403
453558
453625
454088
455089
457429
457506
458368
458385
463391
464089
464493
464849
464973
465613
465786
466888
467040
467227
468650
471327
471332
471823
473743
474219
474927
475200
475719
477264
477444
477717
478144
479076
479997
480897
481181
481362
483023
483603
484291
484755
485566
485907
485954
486325
486919
487015
488322
488672
489470
490308
490584
490597
490691
491135
491336
491709
492147
493697
494783
495093
495117
495780
495971
497019
497234
497552
497843
500665
501328
501394
502077
502100
504197
505905
506114
506859
507617
507727
508068
508758
508818
509869
511138
511705
512509
513220
515058
515242
515627
515881
516718
516951
517651
518984
519138
519152
520416
522512
522562
522661
524663
524692
525221
526194
527129
528932
529261
529348
529667
530184
530567
531296
532189
533020
535028
535583
536383
536437
538860
540190
540734
543046
543325
543755
545145
545216
545693
545878
545960
546139
546174
547490
547673
547686
547864
548244
548569
548764
552804
555347
556940
558961
559202
559615
560502
560915
560981
560998
561637
562274
562575
562780
563784
563800
564253
564886
565712
565909
566353
566848
568012
568195
568400
568761
569186
569415
570636
571626
571733
575105
576711
576979
577749
577774
577833
577989
578417
578951
579161
582275
583571
583823
584174
585697
586547
588694
591007
591027
591898
593688
595039
595057
598443
599161
599496
599920
600002
600165
600463
601129
601486
602410
603066
603870
604176
604425
606009
606322
606768
607547
607668
608549
610278
610791
612273
612477
612909
613520
614079
614199
614248
614562
616283
618373
619335
619721
620730
621663
621840
622997
623286
624012
625824
626043
626639
626973
627185
627874
628992
629005
632033
632202
632848
633086
634647
634663
635711
636144
636509
636817
640639
640705
641545
641719
642431
643721
644032
644779
645530
645946
646142
646861
647177
647778
649327
649369
649554
651139
651305
651390
652091
652110
653685
653828
654292
654576
655055
655382
656942
657404
657517
657563
658115
659423
660738
662104
662694
663675
663928
665373
665948
667424
668029
668283
668578
668970
669353
669599
669876
670456
673225
673377
674094
675234
676265
676705
677280
677902
678616
678704
679831
680607
680879
681919
681920
682297
683341
683953
685246
685376
686763
687644
689330
690628
691754
696653
697233
698186
698842
698863
699262
701127
701802
702136
702988
703813
707321
709707
710079
710342
710728
711133
712431
712664
714318
715045
717269
718133
718273
718920
718977
719015
719279
720881
720950
722843
723123
723129
724784
725238
726056
727027
728007
729370
730348
730986
731029
731045
731159
731812
732155
732217
732491
732684
732903
733275
734804
735685
736022
736107
736198
736653
737003
738602
739269
742794
743033
743936
744122
744742
745676
745879
750646
751253
751804
753054
753421
754416
755153
755215
757512
757995
758207
758992
759178
759507
760192
760430
761832
761922
762533
764300
765024
768364
768865
768980
770032
770645
770910
771118
772485
772757
772832
772858
773625
773771
775602
776742
778419
778723
779585
780575
782436
782509
782549
783036
783895
784497
784815
785056
785539
785651
785745
787035
787132
789821
790207
791397
792973
793116
793961
794397
794416
794612
795761
796885
797397
798089
798566
799008
799997
800845
801055
801119
801940
802836
803134
803282
804263
804614
805046
805253
805610
805834
806055
808701
808825
809259
811815
811835
812254
813366
815261
816867
816957
817195
818043
819842
820218
822318
822851
823386
824024
824065
825088
825258
826182
826238
826838
827370
828060
829395
832335
832513
833917
834989
835651
837301
838134
838616
838779
839456
839476
839894
839909
841163
841583
841996
842948
843510
843694
845311
846349
847339
848241
848648
848734
849500
849524
849694
849959
850346
850447
850451
850453
850720
851121
851244
851365
852503
853707
853832
854547
855097
855191
855715
856214
857378
857583
857654
858122
858914
859622
859832
862580
862942
863335
863600
863665
864434
865355
865408
866889
867048
867244
867308
868191
869176
871831
871958
872638
873199
873644
873719
874242
874606
874904
875238
875577
876482
876918
877388
877571
877939
880166
880454
880976
881107
881582
881704
882630
883323
884177
884388
884738
885525
885674
886209
886372
886509
887145
887701
888361
888584
888742
889421
889823
892242
892911
893787
894261
894302
896421
896640
898413
899041
899379
899639
901470
902040
902577
902862
904458
905774
905783
906387
906801
907849
908202
908243
908588
910292
911026
911696
912571
913645
914352
915675
915740
917588
918236
918312
918366
919152
920053
920492
921415
922925
923688
923963
924105
925021
926022
926357
926448
926513
927171
927711
929051
929855
930150
930363
931152
931286
933672
933879
934308
934982
936191
936273
936581
937080
939021
939048
939172
940907
941369
941769
941821
942576
942600
944326
945913
946491
947766
947964
948147
949000
949895
950657
951341
952294
952334
953079
953337
953462
954350
954684
955679
955811
956642
957449
957663
959054
959068
959381
960139
960466
961356
961987
962774
964157
964622
965587
967269
967662
968267
968861
969001
969746
969859
970108
970195
971895
972593
972671
973059
973898
974084
974940
975184
975661
975841
976496
977317
977408
977857
977896
977940
978608
979704
980160
981205
981343
981515
981938
981976
983015
983346
983672
984401
986339
987312
987773
988242
988751
989255
989422
989448
992494
993263
993779
993968
995657
995915
996044
996348
997904
1000429
1000595
1000604
1002859
1002866
1004500
1006060
1007308
1007534
1008032
1009586
1010527
1010863
1011028
1012334
1012786
1013679
1013823
1013950
1014619
1014861
1014987
1016922
1017300
1017802
1017969
1018012
1018145
1018265
1019249
1019972
1020746
1021611
1022504
1023324
1023752
1023760
1024272
1026973
1027034
1027798
1028909
1029411
1029438
1031162
1031698
1031772
1033119
1033266
1034974
1035857
1036593
1036798
1037968
1038250
1039789
1040772
1042265
1044385
1046385
1046512
1047465
1049556
1050317
1051052
1053366
1055931
1056182
1056995
1060408
1060985
1061712
1062007
1062187
1062259
1062270
1063305
1063473
1063662
1065105
1065275
1067100
1068158
1068776
1069061
1069204
1070183
1071237
1071276
1072797
1073846
1073870
1074406
1074483
1074645
1075187
1075382
1075798
1075994
1077328
1077383
1078376
1079166
1081310
1081696
1082226
1084116
1084841
1087160
1087916
1088674
1089045
1089526
1090202
1091517
1092163
1092685
1092890
1093135
1093929
1094584
1094618
1095057
1095327
1096135
1097451
1100852
1101718
1101915
1101964
1102039
1103591
1103592
1104099
1104539
1105280
1105623
1106482
1106507
1108228
1108999
1109302
1109799
1111059
1112694
1112943
1113420
1114243
1115127
1115548
1116846
1117494
1117909
1119301
1120207
1121375
1122226
1122380
1123334
1125269
1125679
1126282
1127043
1127596
1128704
1128740
1129573
1130312
1130450
1130595
1131176
1131246
1131572
1132316
1133795
1135175
1135289
1135513
1136552
1136867
1139200
1143740
1144663
1145208
1145455
1145759
1147548
1149636
1150243
1150379
1151352
1152187
1152482
1152834
1152835
1154033
1155763
1156836
1157438
1157493
1159843
1160149
1160625
1162568
1164789
1165145
1166814
1166898
1166952
1167206
1168900
1169137
1169353
1170622
1170700
1173301
1173900
1174228
1174275
1174599
1175372
1176131
1176297
1176749
1176905
1177327
1177455
1177562
1177919
1177929
1178308
1180132
1180441
1181140
1181316
1181375
1181851
1183703
1184133
1184306
1184534
1186562
1188488
1189733
1190154
1190507
1191524
1191554
1192394
1192938
1193393
1194515
1194760
1194769
1194999
1195004
1196939
1196968
1197646
1197864
1198502
1199384
1199831
1200323
1200327
1200390
1201256
1202458
1203644
1204442
1206437
1206772
1209307
1209404
1209476
1209701
1210400
1211181
1211979
1213406
1214063
1214445
1216172
1216937
1217070
1217074
1218592
1219611
1219714
1220124
1220930
1223089
1225272
1227672
1227875
1228060
1229304
1229603
1229984
1230918
1231016
1231041
1232265
1232606
1233258
1233536
1233881
1235145
1236317
1236670
1239276
1240725
1241383
1241680
1241810
1242608
1243770
1245150
1245466
1245709
1245964
1246094
1246318
1246707
1247554
1247722
1248230
1251557
1253143
1253769
1253987
1254370
1254969
1255110
1256700
1258010
1258079
1258495
1258892
1258923
1259044
1259670
1261154
1261786
1262398
1262590
1262795
1262796
1262923
1263136
1263352
1263513
1263746
1263877
1264292
1264341
1264578
1264754
1266613
1268849
1269135
1269628
1270069
1270199
1272659
1273175
1273196
1273237
1273277
1274416
1274446
1276257
1276531
1278054
1278317
1278497
1278513
1278883
1281204
1282808
1282888
1283526
1285163
1285164
1286597
1288280
1290882
1290972
1291096
1293269
1294189
1296106
1296504
1297388
1298007
1298171
1299227
1299241
1299690
1300004
1300199
1300471
1300854
1301262
1301267
1302833
1303044
1304532
1304558
1304710
1305006
1305287
1306758
1307227
1307492
1307794
1309110
1309550
1310747
1311400
1312690
1312968
1313167
1314503
1315605
1315704
1315748
1316495
1318148
1318645
1319270
1319666
1320231
1320669
1321352
1321400
1321620
1323324
1325541
1326911
1327436
1328024
1328949
1329510
1329592
1329659
1330007
1330397
1331323
1332185
1332355
1332761
1333333
1333895
1334366
1334937
1335457
1335875
1336279
1339429
1339877
1342642
1343221
1343580
1344045
1344592
1346011
1347531
1350027
1350214
1350233
1351168
1351392
1352481
1352571
1352775
1353209
1353891
1354177
1354736
1355485
1355660
1356089
1356951
1357444
1358436
1359100
1359517
1359580
1359628
1360469
1361525
1361586
1361900
1362106
1362503
1363241
1364019
1365131
1365412
1365447
1368875
1370200
1371057
1371599
1372764
1372780
1373935
1374562
1374735
1375042
1376541
1376922
1377443
1378394
1379255
1379279
1379886
1380638
1381478
1382063
1382432
1383198
1383949
1384313
1385506
1386901
1388809
1389809
1390491
1391379
1391499
1393375
1395293
1399223
1399243
1399412
1399948
1400200
1400394
1400698
1401262
1401352
1401632
1404064
1404299
1404359
1405445
1407792
1408260
1408830
1409038
1409317
1409332
1409352
1409709
1410190
1410742
1411202
1412237
1413535
1413640
1413982
1414516
1414766
1414848
1415546
1415689
1416550
1418898
1420144
1420227
1420810
1421159
1421468
1422045
1422468
1422586
1422774
1424149
1424453
1424753
1425397
1425637
1425681
1426141
1427061
1427153
1428713
1429952
1429981
1430338
1430639
1433071
1434860
1436321
1436688
1437441
1439533
1439748
1440302
1440333
1442567
1442878
1444037
1444061
1444519
1444759
1445557
1445865
1445963
1446471
1446501
1446928
1447135
1447698
1447927
1448488
1448902
1449075
1449292
1450624
1451694
1452013
1452781
1453030
1453423
1454787
1456159
1456809
1457430
1459439
1459781
1461040
1461516
1461541
1461919
1463703
1464246
1464641
1464886
1464927
1465718
1466006
1467051
1467181
1467315
1467498
1467677
1468164
1472014
1472552
1473633
1474248
1475701
1476086
1476883
1477146
1478424
1479021
1479775
1479792
1480533
1480943
1481121
1482517
1483153
1483483
1483645
1483715
1484188
1484441
1486485
1487413
1491095
1491362
1491507
1491559
1495915
1496172
1496941
1497653
1497988
1499135
1499658
1499684
1500234
1500650
1500757
1501981
1502711
1502835
1504269
1504477
1504774
1505161
1505453
1505745
1505757
1506068
1506277
1506306
1508136
1509112
1509354
1511698
1512426
1512771
1513176
1513400
1514253
1514866
1515379
1516041
1519603
1520024
1520482
1522047
1522258
1522412
1522706
1524076
1525275
1525904
1526180
1527766
1528308
1529100
1530145
1530930
1531298
1534394
1536216
1537122
1537127
1538495
1540263
1540334
1540689
1541665
1542527
1544758
1545733
1546324
1547189
1547784
1548251
1548383
1549463
1551258
1551340
1552590
1553810
1554095
1554933
1556386
1557401
1558566
1561527
1561732
1561819
1562231
1562361
1562706
1564383
1565239
1565312
1565537
1565883
1566300
1566357
1567236
1568952
1570416
1570485
1570676
1571600
1571651
1572189
1572317
1573706
1574692
1575630
1575806
1576046
1578523
1579012
1580092
1580171
1582293
1583215
1584285
1587062
1588075
1588216
1588778
1588948
1589251
1589714
1589771
1589876
1590978
1591121
1591474
1592084
1592223
1593648
1593719
1594295
1594303
1595213
1598641
1599026
1599411
1600559
1600797
1601112
1601891
1602371
1602701
1603065
1603143
1603273
1604016
1604510
1604941
1605255
1605616
1606031
1606595
1606702
1607847
1608650
1609718
1609928
1610786
1610882
1611085
1616531
1616722
1617709
1617838
1618238
1619448
1619727
1619760
1620514
1621320
1621906
1622802
1623118
1623709
1623855
1624228
1624829
1625276
1628323
1628910
1628941
1630062
1630519
1631563
1632544
1632998
1633194
1634581
1635077
1635250
1637183
1637439
1637977
1638304
1638413
1638682
1640223
1640360
1643038
1644320
1645029
1646111
1646803
1647085
1647163
1647269
1647365
1647513
1648564
1648907
1650870
1651249
1651684
1652458
1652964
1653105
1654028
1654874
1655022
1655480
1656472
1657096
1657876
1658281
1661849
1663225
1663329
1663508
1664983
1666104
1666532
1667454
1669263
1669698
1670518
1670521
1670620
1672381
1673022
1674544
1675282
1675492
1676467
1678240
1679024
1680228
1680446
1680774
1680928
1681950
1681962
1682133
1684576
1684617
1685669
1685711
1685910
1686680
1687234
1688143
1688914
1688962
1689090
1689477
1689605
1691540
1691835
1692354
1692377
1693187
1694262
1694466
1694643
1695055
1695200
1696321
1697287
1697665
1699325
1699603
1700402
1700422
1700807
1701088
1701251
1701797
1701872
1702434
1702607
1704450
1705018
1705057
1705839
1706185
1706985
1707364
1708079
1709442
1709483
1710454
1711542
1711674
1712566
1712832
1713384
1713659
1714069
1714433
1714888
1716567
1716725
1717196
1717356
1717438
1719200
1719432
1720410
1721582
1722807
1722873
1723346
1724300
1724329
1725196
1727362
1729506
1730189
1730233
1731129
1731820
1732211
1732786
1733458
1733920
1734687
1736283
1736996
1737698
1737840
1739120
1740472
1740866
1743404
1743662
1744438
1744935
1745724
1746329
1746453
1747802
1748343
1748651
1749345
1749757
1753303
1754360
1754364
1754365
1754712
1755270
1755813
1756296
1756815
1757175
1757739
1758056
1758433
1758578
1759128
1759630
1760761
1762046
1762437
1762645
1762679
1762817
1763484
1763639
1765013
1765572
1765858
1766705
1767905
1770588
1771117
1771276
1771313
1771483
1774048
1774409
1774973
1775897
1777159
1777646
1778043
1778623
1780640
1780823
1780989
1781762
1782042
1782793
1783873
1784105
1786957
1787301
1788448
1788797
1788878
1789227
1789528
1790528
1791290
1791967
1792517
1793134
1793200
1793241
1793497
1794922
1795006
1795066
1795476
1795538
1795863
1796819
1797232
1797316
1797794
1798422
1799435
1799663
1800546
1801116
1801199
1801605
1803915
1804279
1804821
1804859
1806303
1806792
1806920
1809060
1809277
1811046
1811474
1811527
1811921
1812303
1812821
1813146
1813756
1814411
1816282
1816728
1817710
1818258
1819147
1819167
1819327
1819623
1819971
1822117
1822153
1822439
1822859
1825043
1825365
1825377
1825586
1825694
1826531
1827886
1828445
1829035
1829037
1829226
1829513
1829526
1829895
1829925
1830044
1830495
1830699
1830780
1831396
1831548
1831877
1832730
1834458
1834663
1834779
1836878
1837030
1837395
1839649
1839931
1840205
1841119
1841266
1842891
1843750
1844920
1846865
1847999
1850464
1850529
1850639
1850821
1850924
1851755
1852211
1854042
1854546
1854560
1855294
1855815
1855869
1856201
1856912
1856986
1857085
1857644
1857650
1858331
1862194
1862519
1862543
1863215
1865969
1866501
1866803
1868493
1868757
1870147
1870252
1873626
1874721
1874833
1877447
1878239
1878378
1878928
1879585
1879685
1880076
1880795
1880882
1881462
1881999
1882237
1882675
1883096
1883664
1884355
1884793
1884922
1887907
1888196
1888201
1889218
1889456
1893186
1893289
1894688
1895863
1896401
1896628
1896669
1897366
1897873
1898209
1898464
1898700
1900159
1900717
1901011
1901350
1901697
1901804
1902523
1903377
1903626
1906015
1906707
1907022
1907193
1907808
1909024
1909419
1909449
1909477
1909978
1910582
1910759
1911435
1911716
1911733
1912053
1912361
1912993
1915077
1915233
1916837
1917466
1917732
1919010
1919018
1919036
1919503
1921927
1922117
1922868
1923568
1923732
1924561
1924972
1925382
1926007
1926231
1928337
1929397
1929448
1929895
1930210
1930428
1930842
1931111
1931375
1932264
1932957
1933096
1933190
1933207
1933423
1933470
1935277
1935464
1935744
1936629
1937034
1937894
1938061
1938131
1938138
1938565
1939783
1939978
1940459
1940982
1941317
1942042
1942283
1943425
1944202
1945040
1945391
1945420
1945947
1947633
1948182
1948267
1949073
1949765
1949926
1950556
1950904
1951400
1952029
1952114
1952737
1954063
1954310
1954596
1955037
1955840
1956210
1957562
1958296
1960017
1960222
1960277
1961763
1962287
1963878
1964086
1964700
1965463
1965714
1966656
1967562
1967951
1967969
1969055
1970160
1970162
1970474
1971052
1972005
1972096
1973548
1974426
1974815
1975517
1976243
1976973
1977399
1977437
1978227
1978673
1979215
1979892
1980063
1980103
1982730
1983649
1987745
1988378
1989664
1992633
1993227
1994007
1994165
1994188
1996247
1996438
1997133
1997139
1997981
1998524
1999470
1999942
2001058
2001614
2003337
2003840
2004490
2007651
2007833
2011063
2011497
2012234
2012458
2012768
2012776
2012954
2013345
2013358
2013699
2013768
2013847
2016070
2016294
2016392
2016811
2020917
2021182
2021588
2021590
2021795
2023947
2025348
2025730
2026086
2026529
2027411
2027510
2028471
2028865
2028927
2029365
2029432
2030624
2030999
2031154
2031239
2031396
2031913
2033038
2033899
2034966
2035280
2035862
2036937
2037026
2040613
2041345
2041491
2041826
2043010
2043841
2043984
2044231
2044809
2045128
2045309
2046226
2047279
2047856
2048138
2048247
2048777
2052119
2053182
2054471
2055673
2055862
2057322
2058349
2060588
2061047
2062373
2062902
2062943
2063528
2064631
2065168
2065624
2065986
2067344
2068683
2068721
2070332
2072164
2072942
2073167
2073210
2073982
2074208
2074371
2074752
2074991
2075238
2075428
2076126
2076530
2078203
2078236
2080301
2081802
2082189
2082655
2085105
2085326
2086902
2087009
2087447
2088181
2089540
2091979
2093070
2093129
2093786
2094308
2094746
2095520
2095872
2096566
2097673
2098034
2098151
2098173
2098283
2098305
2100946
2102931
2103044
2104547
2106465
2106734
2107222
2107659
2109011
2109248
2109284
2112723
2114914
2116035
2116252
2117035
2117130
2117837
2117916
2118266
2119587
2119650
2121294
2121873
2122927
2123812
2124649
2124707
2125131
2127695
2127901
2128052
2128886
2129158
2129656
2129662
2130123
2130620
2133083
2133272
2133689
2134173
2134272
2135082
2136931
2137644
2138775
2139700
2139773
2139824
2141451
2142833
2142937
2143128
2144079
2145821
2146169
2146885
2147748
2149116
2149317
2149573
2150649
2150668
2151334
2151451
2152067
2153447
2155931
2156740
2156794
2157314
2158089
2158918
2159520
2160590
2160715
2161108
2161980
2162388
2162626
2162759
2164544
2165072
2165729
2168161
2169687
2169871
2170087
2170263
2170347
2170449
2170995
2171527
2172220
2172392
2172520
2173108
2173482
2173996
2174197
2174259
2174544
2174776
2175887
2176601
2176953
2177712
2178100
2178248
2178369
2180105
2182109
2182441
2182818
2185245
2185347
2187433
2188664
2188685
2191133
2191430
2191797
2192061
2192444
2194048
2194898
2197147
2197517
2198483
2199215
2200176
2200739
2201132
2201305
2202134
2203132
2203657
2205600
2206000
2206981
2208818
2208896
2210513
2211960
2212712
2212904
2214221
2215355
2215590
2215739
2216020
2216546
2217545
2218525
2220736
2222357
2222612
2223183
2223799
2225365
2225371
2226103
2226639
2226675
2227002
2227704
2227741
2228044
2228395
2231085
2231241
2232272
2232700
2234010
2234766
2234909
2235005
2235370
2235375
2237238
2237332
2238995
2240648
2241911
2242327
2243818
2244479
2246872
2246916
2247124
2247231
2248064
2248430
2248447
2250495
2250585
2251112
2251948
2253675
2253726
2255915
2256010
2256076
2256169
2259648
2260902
2261007
2262027
2263104
2263634
2264291
2264296
2264500
2264698
2265062
2265869
2267015
2267742
2267887
2268385
2269506
2270612
2270936
2271046
2271362
2273369
2273505
2274118
2274600
2276249
2276368
2276411
2276783
2277024
2277744
2278093
2280495
2281597
2281683
2282306
2282734
2282932
2283366
2283495
2284153
2284577
2286180
2286851
2287074
2287538
2287841
2290742
2290944
2292542
2292799
2295377
2297804
2300840
2301230
2303248
2305405
2306906
2307433
2311105
2311590
2312066
2312767
2312776
2312864
2313176
2314001
2314448
2314548
2315876
2315879
2316464
2316846
2317143
2319422
2322235
2322401
2323353
2324108
2325162
2325324
2328948
2329404
2329909
2332098
2332636
2335113
2335838
2337238
2338396
2338600
2340927
2341587
2342067
2342435
2343998
2344566
2344653
2344992
2346919
2347337
2347400
2347422
2349268
2350267
2350778
2351532
2351659
2351915
2352165
2352525
2352972
2354788
2355479
2355656
2355734
2357325
2357615
2358536
2359438
2359789
2360723
2361021
2361178
2361188
2362246
2362410
2364074
2365002
2366052
2366904
2367593
2367651
2367970
2368346
2368436
2369382
2369426
2369962
2371875
2372017
2372492
2372936
2373167
2373437
2374091
2374208
2374629
2378777
2378828
2379018
2379568
2379693
2380045
2380956
2381591
2381980
2382544
2383218
2383238
2384487
2386363
2386479
2387195
2387206
2388150
2388234
2388997
2390146
2390643
2390716
2391344
2392421
2392463
2392526
2392726
2392780
2393107
2394317
2394638
2394982
2395638
2395844
2398378
2399678
2400212
2401081
2401807
2403534
2404796
2406294
2408137
2408435
2410174
2410349
2410540
2410548
2411091
2411114
2411584
2413779
2414268
2414566
2414895
2415201
2415274
2415355
2416867
2417164
2417180
2417576
2417967
2418335
2419422
2419553
2420335
2421042
2421146
2421395
2421550
2421903
2423410
2424273
2424493
2424859
2425509
2425920
2426095
2426644
2427340
2427804
2428932
2429107
2429230
2429504
2429550
2429714
2431439
2432051
2432259
2432389
2433875
2434725
2435681
2436627
2437532
2437914
2437997
2438280
2438499
2438558
2438674
2439129
2439460
2439791
2440840
2442656
2446441
2446608
2446729
2446891
2446949
2449044
2449159
2449415
2449668
2450024
2450464
2450471
2452590
2453207
2453239
2453399
2453412
2453791
2455165
2455334
2455404
2456695
2457078
2459345
2459725
2459867
2459996
2460504
2461239
2462045
2462075
2462591
2463365
2464391
2464499
2465077
2465783
2466742
2467078
2467966
2468211
2468488
2470363
2470532
2471061
2472053
2472125
2473076
2476922
2477712
2477847
2481054
2481974
2482360
2482979
2485093
2485174
2485739
2486356
2486731
2487076
2488034
2488222
2488578
2488742
2489372
2489456
2491107
2491432
2491537
2492122
2492265
2493592
2494109
2501069
2501611
2503015
2503254
2503558
2504165
2505432
2505546
2505932
2505972
2507301
2507532
2510779
2510903
2511023
2511104
2511107
2513397
2514801
2515685
2516082
2516764
2516915
2517981
2519505
2521192
2521514
2523029
2524024
2524048
2524217
2524311
2525804
2525956
2526914
2526949
2527024
2527512
2527911
2528476
2528813
2530039
2531243
2531678
2532363
2532590
2534660
2535025
2536135
2536242
2538670
2542167
2543384
2543737
2544959
2545195
2545333
2547160
2547828
2547853
2548955
2549548
2549571
2550040
2551178
2551555
2552401
2552496
2552820
2553711
2553891
2556251
2558568
2560064
2560387
2560454
2561088
2562804
2564065
2564787
2565082
2565501
2566223
2566379
2566621
2567695
2568725
2569339
2569425
2569741
2569895
2570231
2570897
2572996
2574560
2575386
2576379
2576389
2577873
2577889
2578046
2578665
2579387
2582355
2582663
2583306
2583438
2583575
2585623
2587000
2587076
2587474
2588781
2590218
2590249
2590934
2591716
2591813
2592002
2592474
2593441
2593717
2594149
2594392
2595855
2596138
2596875
2597145
2597486
2597661
2597815
2598100
2599837
2604203
2606671
2606794
2608646
2608842
2609450
2609708
2609928
2610901
2611302
2613322
2613620
2614157
2614333
2614362
2616945
2618021
2618845
2618997
2621303
2621485
2621698
2622785
2622799
2623441
2623486
2623846
2624356
2624422
2624901
2625281
2626957
2626995
2628405
2631350
2631615
2632308
2633104
2633515
2634280
2634686
2635351
2635968
2636372
2636696
2637998
2638842
2639473
2640764
2642409
2643307
2645279
2645680
2648488
2649034
2649140
2649928
2650375
2651011
2653504
2654267
2655779
2659774
2660548
2660756
2660844
2662851
2663693
2663706
2663760
2664286
2665578
2667102
2667725
2668752
2668806
2669505
2670803
2672337
2673169
2673276
2675181
2675561
2675801
2676241
2677634
2679881
2680222
2680374
2680918
2682022
2682338
2682350
2682573
2684017
2685269
2685285
2686243
2687854
2688151
2688697
2688841
2688962
2689658
2690436
2690553
2692183
2692505
2692532
2693487
2694396
2694477
2695649
2695680
2696739
2696826
2697228
2697279
2697893
2701001
2701784
2702710
2703661
2704654
2704743
2706143
2706663
2706763
2707217
2707366
2708035
2708126
2708557
2709079
2709104
2709367
2709380
2709965
2710089
2711067
2711830
2711963
2712259
2713208
2715300
2715741
2716449
2716771
2717202
2719314
2719604
2719863
2720572
2720949
2721045
2721571
2722144
2722445
2722979
2723863
2725151
2726166
2726354
2726383
2726993
2727139
2727142
2727214
2728541
2728764
2729639
2729728
2730532
2730573
2730944
2731077
2731890
2731939
2731961
2732823
2733318
2735732
2735995
2737978
2738519
2738616
2739490
2739607
2740167
2741397
2741947
2742013
2742706
2743416
2743617
2743709
2744514
2745379
2746580
2747046
2747172
2747260
2748374
2748432
2749065
2749782
2751018
2753060
2754163
2755766
2758338
2758417
2758434
2758894
2760953
2761489
2761809
2762044
2762415
2762710
2763421
2763615
2763741
2763861
2764454
2765490
2766231
2766588
2767817
2767884
2768026
2768385
2768849
2769843
2770234
2770722
2771338
2771993
2772184
2772312
2772518
2772752
2773786
2773851
2774249
2774841
2775346
2776304
2776510
2777250
2780348
2781039
2785908
2786288
2788008
2789248
2789446
2789629
2790664
2791413
2791878
2793090
2793691
2797599
2798424
2799266
2799561
2799676
2799759
2800220
2800624
2800680
2802616
2803403
2803722
2803979
2804506
2807299
2808784
2809536
2809795
2809843
2810981
2811034
2811362
2811864
2812367
2812373
2813159
2814119
2814290
2814511
2815139
2815685
2816790
2817141
2818178
2818507
2818526
2819678
2820435
2820837
2820926
2821257
2821457
2821914
2822710
2822944
2823574
2824214
2824907
2825209
2825550
2825725
2825979
2826248
2826508
2827134
2829846
2831808
2831860
2832977
2833238
2834240
2834336
2834995
2835254
2837150
2837604
2838520
2839138
2840149
2841595
2841769
2843201
2844382
2844415
2846233
2847135
2847366
2847703
2847996
2849130
2849545
2849989
2851024
2852787
2853913
2853948
2854754
2855177
2856347
2856512
2858034
2858222
2858279
2858477
2858491
2858998
2859365
2860062
2860325
2860783
2861851
2862665
2862772
2862960
2864479
2864686
2865157
2865388
2865979
2865982
2866281
2867638
2867873
2868336
2869728
2869941
2870222
2871778
2872047
2872734
2873656
2874410
2877331
2877371
2878054
2879809
2880515
2880725
2880922
2881472
2881759
2882812
2882860
2883205
2883303
2883926
2883941
2884369
2884690
2885085
2885129
2886124
2886680
2886768
2887284
2888345
2889428
2889521
2889665
2890685
2893071
2893680
2894889
2894982
2895015
2895065
2895849
2897562
2898524
2899472
2900913
2901218
2901376
2901440
2902544
2902995
2903019
2907175
2907401
2907457
2907936
2908261
2908450
2908734
2909327
2909780
2910053
2910639
2911093
2911232
2914499
2914685
2916464
2916539
2916628
2917844
2918781
2918819
2919332
2919397
2919756
2919829
2921732
2923325
2923904
2924579
2924868
2925447
2926613
2928036
2928568
2928943
2930206
2931293
2931379
2931724
2933484
2933961
2935059
2935806
2936340
2936550
2937222
2937416
2938176
2938535
2939416
2940207
2940521
2940937
2941314
2941487
2941888
2941919
2942700
2943203
2943764
2943784
2944478
2944748
2945298
2945343
2947515
2947817
2948470
2948676
2949015
2949581
2950200
2951485
2951601
2951889
2952182
2952287
2952314
2952450
2952577
2953750
2953830
2954000
2954231
2955691
2955845
2956072
2956785
2956992
2957369
2958566
2959063
2960698
2961012
2962485
2963051
2964478
2964479
2965627
2965714
2965766
2967274
2967595
2968059
2969453
2970029
2970307
2970750
2973090
2973520
2976524
2976543
2976554
2977362
2979393
2980520
2981026
2981084
2982561
2985221
2985551
2986041
2986335
2986414
2987290
2987295
2987876
2988315
2990354
2990497
2990579
2990849
2991365
2991488
2992143
2995143
2995906
2996084
2996426
2998666
2998800
2999901
3000577
3000642
3000819
3000841
3001066
3001460
3001806
3002289
3003482
3003553
3003990
3006223
3006813
3008090
3009646
3010587
3011370
3011517
3011539
3011925
3011939
3012820
3012961
3014529
3014733
3015079
3015498
3016318
3016403
3016797
3017417
3018027
3018115
3019554
3019791
3020199
3020306
3020607
3021149
3021508
3023595
3024596
3027294
3027641
3027651
3028260
3029074
3030659
3031424
3031496
3031867
3034131
3034845
3035355
3035517
3035860
3036348
3036677
3037313
3037340
3038741
3040146
3042052
3042985
3043285
3043792
3045004
3047203
3047231
3047272
3049239
3049812
3050909
3051372
3052523
3052774
3052892
3053734
3053933
3054161
3054729
3055496
3057982
3058778
3059450
3059452
3059702
3060532
3062749
3063231
3063466
3063646
3063683
3064143
3066182
3066563
3067721
3068316
3068861
3068940
3068953
3069225
3071740
3072697
3073401
3073461
3074572
3074780
3075223
3077333
3077679
3077918
3078006
3078702
3078740
3078912
3079131
3079922
3080098
3081088
3081299
3082011
3082404
3082717
3083122
3083346
3083448
3084904
3087023
3087978
3089106
3089834
3090454
3091474
3092061
3093132
3093157
3094703
3095963
3097028
3097451
3097834
3098437
3101268
3101314
3101561
3101681
3103253
3103583
3103773
3103964
3104083
3104660
3106522
3106847
3108426
3109481
3110011
3110318
3110331
3110961
3112088
3112103
3112213
3112521
3112608
3114020
3116158
3116178
3116486
3119053
3119410
3119684
3120416
3120657
3122152
3122203
3122931
3123459
3124325
3126109
3126289
3126892
3129274
3131838
3132950
3133991
3134380
3135946
3136484
3137553
3138461
3139184
3139827
3140856
3141583
3141642
3142202
3143343
3143930
3144476
3144543
3145006
3145302
3146203
3146953
3147597
3150084
3150604
3150823
3151277
3151885
3152123
3152214
3155867
3157678
3159336
3159452
3159560
3159600
3160830
3162792
3163165
3163194
3163702
3163867
3164131
3164803
3165727
3166985
3168644
3169224
3169413
3169660
3170182
3170322
3170486
3170635
3171199
3171548
3173409
3173825
3174287
3176852
3178134
3179033
3180492
3181479
3183408
3185039
3185303
3185470
3189016
3189659
3189745
3189913
3190045
3190859
3191470
3193736
3194613
3195061
3195315
3195764
3196336
3197496
3199877
3200223
3200752
3200920
3201183
3201280
3201495
3201915
3202458
3202619
3202766
3203995
3206971
3207645
3209974
3211605
3213617
3216960
3218029
3218773
3219603
3219606
3220035
3220168
3221113
3221160
3221224
3221580
3221683
3222229
3223801
3224212
3224895
3225092
3225510
3227165
3228385
3228401
3228548
3228763
3229367
3229825
3230007
3231227
3231417
3231566
3232549
3232746
3232817
3235185
3235310
3235491
3236891
3238485
3239754
3240024
3242169
3242575
3243895
3244067
3244737
3245655
3248670
3248715
3248875
3248930
3249922
3250783
3250942
3252494
3253444
3253513
3254328
3255204
3255565
3255790
3257250
3257348
3258395
3259504
3259806
3260847
3262165
3263848
3264014
3265832
3266915
3266996
3267510
3268237
3268642
3270617
3270887
3271335
3271482
3271786
3272006
3272646
3272699
3274989
3275561
3275856
3276470
3276612
3276654
3277215
3277570
3277578
3278303
3278396
3278524
3278588
3279248
3279427
3279742
3280408
3280947
3280975
3281509
3282141
3282345
3284539
3285728
3285899
3286392
3286427
3289470
3289660
3290214
3291293
3291300
3291450
3292424
3294338
3294987
3295525
3295723
3295756
3296206
3296911
3297159
3297204
3297577
3298597
3298836
3298936
3300117
3300616
3300870
3301158
3301172
3301377
3303318
3303353
3304484
3305415
3305645
3305754
3306129
3306276
3310038
3310511
3311267
3312271
3312637
3313049
3313408
3313764
3313785
3314315
3314926
3315456
3315811
3315860
3317593
3317820
3319389
3319624
3320529
3320851
3321239
3321781
3322560
3323962
3327443
3328741
3330438
3331276
3332183
3332253
3335515
3335881
3336160
3336929
3337455
3338866
3339385
3339809
3342175
3342269
3342355
3342415
3342887
3343912
3345883
3345887
3346977
3347561
3348121
3349285
3351034
3351312
3355035
3357124
3358851
3359414
3359599
3360781
3361360
3361396
3361957
3362745
3362781
3362891
3363345
3364032
3364324
3365190
3365634
3365947
3366175
3366424
3366647
3367281
3367839
3368153
3368204
3368268
3368532
3369837
3369869
3370902
3375200
3375338
3376136
3376197
3377858
3377887
3378289
3378649
3379156
3380912
3381232
3382258
3382503
3382897
3385528
3386214
3386258
3386714
3387284
3388607
3390052
3390680
3392357
3392588
3392795
3393787
3394819
3395286
3395443
3395445
3395723
3396762
3396802
3398323
3399320
3399874
3401558
3401998
3402091
3403934
3404818
3404970
3405094
3405451
3406405
3406454
3406875
3408100
3409544
3410372
3410374
3410399
3410470
3410592
3411184
3412397
3413677
3414036
3414346
3415011
3415017
3415205
3415508
3416705
3419368
3419453
3419592
3420093
3420834
3421668
3422258
3422549
3424287
3424596
3425822
3427240
3427401
3427678
3427719
3428104
3428431
3428575
3428658
3428859
3428909
3429573
3430377
3430442
3431383
3431822
3432921
3433215
3433240
3434686
3435189
3435231
3435842
3435855
3438734
3439812
3439974
3440562
3440765
3440772
3441190
3441492
3442335
3443781
3443902
3446336
3446396
3447496
3448080
3450169
3450180
3450561
3451243
3451778
3453507
3454039
3455713
3455841
3456067
3457537
3457951
3458361
3458779
3458933
3458995
3459704
3459834
3461484
3461555
3461986
3462007
3462228
3462434
3463298
3464060
3464899
3465207
3465630
3466203
3466783
3467384
3467764
3468022
3468404
3468809
3469037
3469685
3470602
3471009
3471395
3471835
3472388
3472407
3474110
3475826
3476139
3476448
3476669
3477031
3477546
3477691
3480321
3480800
3481014
3481095
3481693
3481816
3482797
3483460
3484115
3484749
3485088
3485115
3485639
3486298
3486304
3487098
3488638
3489303
3489667
3489834
3489898
3490116
3491751
3492176
3493409
3493442
3494535
3495337
3495518
3496580
3497334
3497762
3497774
3498603
3499413
3499422
3500122
3500438
3500709
3501793
3502630
3502659
3505315
3505542
3505596
3506645
3508576
3508710
3509764
3509928
3511048
3511343
3512312
3512877
3514825
3515648
3516172
3516448
3516715
3517730
3518215
3518446
3519330
3519415
3520137
3521807
3522553
3523411
3523490
3523695
3523946
3524717
3524821
3525161
3525169
3525987
3527133
3527136
3527476
3527775
3529592
3529795
3529900
3530087
3530250
3531281
3531482
3531965
3532896
3533881
3534854
3535778
3536288
3536392
3537725
3538296
3539561
3539964
3540193
3540540
3541291
3541303
3541350
3541418
3541835
3541975
3542031
3542209
3542362
3543411
3543621
3544040
3544479
3546106
3549009
3549299
3549826
3550301
3550335
3550962
3551075
3551735
3552034
3552614
3552776
3553218
3554436
3555377
3556316
3556583
3556794
3557794
3558170
3558393
3559023
3559156
3559322
3560392
3560698
3560912
3560951
3560991
3561039
3561067
3561401
3562798
3564195
3564502
3566688
3567393
3567579
3568057
3568223
3569025
3570615
3571763
3573749
3574437
3574849
3575506
3576517
3576977
3577203
3577292
3577709
3578086
3578691
3579924
3580633
3581846
3582542
3582757
3582871
3583487
3583907
3584569
3584658
3584946
3585115
3586089
3588662
3588844
3589294
3589750
3590725
3590954
3591077
3591114
3591303
3592654
3592725
3594003
3594306
3594500
3594538
3594778
3596078
3596381
3596403
3596555
3597321
3598184
3598353
3598828
3599102
3599673
3600390
3601061
3602281
3602774
3603618
3604565
3605767
3607791
3608393
3608541
3608694
3609464
3609543
3609573
3610211
3610276
3611178
3611591
3612898
3613004
3613289
3615696
3616594
3617499
3617553
3617888
3618400
3618838
3618844
3619437
3619540
3619978
3621181
3623026
3624295
3624372
3624424
3624459
3624709
3625556
3625906
3627509
3628463
3628799
3630049
3630731
3633201
3634378
3635182
3635296
3635354
3635801
3636715
3636980
3637066
3637120
3638034
3640003
3640314
3640777
3640778
3641552
3641778
3642107
3642202
3642226
3642297
3642388
3642887
3643255
3643609
3643920
3644109
3645507
3646164
3646451
3646581
3646684
3646885
3648502
3649372
3650710
3650995
3652612
3652896
3653993
3655408
3655987
3656264
3656554
3658044
3658212
3658941
3661014
3661741
3664123
3664682
3665401
3665556
3665574
3666230
3666505
3667660
3668021
3668560
3669285
3669491
3669931
3671454
3671990
3672071
3672238
3672304
3672452
3672640
3673764
3674209
3675480
3675658
3676052
3678145
3678755
3679695
3681186
3681962
3682301
3682486
3683201
3683744
3685274
3687270
3687387
3687495
3688631
3689564
3690620
3691069
3691409
3692876
3693912
3694223
3694483
3695080
3695510
3698359
3698964
3699380
3699675
3700206
3700721
3701137
3701460
3701654
3702074
3702114
3702128
3702275
3703204
3704039
3704231
3704873
3705503
3706562
3707233
3707368
3707481
3707697
3708444
3708845
3709947
3712281
3712583
3712622
3712795
3713109
3713787
3715136
3715672
3717350
3717635
3718269
3719510
3719888
3721871
3722437
3722850
3723041
3723392
3724965
3726283
3726601
3728098
3728661
3730609
3730921
3731149
3731150
3731161
3731419
3731684
3732951
3733004
3734078
3734882
3735175
3735308
3736288
3736328
3737471
3738553
3742304
3742733
3744746
3744976
3745483
3746178
3746305
3746791
3747197
3748848
3749061
3749735
3750016
3752241
3753341
3754015
3755253
3755255
3757204
3757908
3758497
3758606
3760174
3760588
3760859
3762475
3762522
3763128
3764221
3764261
3765964
3767512
3767641
3767709
3768851
3769496
3769615
3770030
3770157
3770855
3773499
3774047
3775100
3775700
3775817
3776562
3776781
3777232
3777482
3777889
3778187
3778949
3780573
3780666
3780748
3781172
3781280
3781977
3785168
3786377
3787948
3788608
3789128
3790204
3790411
3790432
3791128
3791956
3793167
3793612
3794408
3795712
3797654
3800802
3800937
3801351
3802141
3803883
3804742
3805769
3810886
3811628
3811673
3812775
3813764
3814083
3814085
3814502
3815879
3816694
3816695
3818273
3819170
3819464
3820016
3820070
3820882
3821205
3821622
3821689
3822286
3824283
3824768
3825895
3826098
3827985
3828508
3829014
3829965
3830187
3830425
3830589
3830926
3831163
3831656
3831824
3832182
3832368
3833609
3833847
3834521
3835022
3835381
3836703
3837455
3837703
3837802
3838481
3839772
3840696
3841249
3841837
3842303
3845057
3845930
3846888
3849795
3850667
3850727
3851279
3851532
3853968
3854915
3855370
3855383
3855493
3856085
3857297
3858067
3858216
3859445
3859498
3859534
3861031
3861115
3861211
3861547
3862578
3862825
3863153
3865927
3866228
3866521
3869350
3869906
3869972
3870178
3870897
3871458
3872446
3872727
3873197
3873527
3873646
3875543
3875926
3876062
3877340
3879598
3879924
3880155
3881124
3883465
3884565
3884734
3886437
3886868
3888113
3888540
3889026
3889105
3889564
3890466
3890613
3891010
3891264
3891418
3892105
3892135
3892360
3893568
3893953
3894335
3895213
3895698
3895844
3895847
3896200
3896436
3897422
3897781
3898465
3898841
3899769
3901356
3901998
3902577
3902995
3903628
3904290
3904309
3905073
3905122
3905477
3906506
3907182
3908851
3909644
3910471
3910560
3912978
3913295
3913413
3913539
3914695
3914751
3914919
3916088
3916300
3918291
3920191
3920897
3921321
3921856
3922523
3923594
3924123
3924515
3924820
3925180
3925442
3925464
3925941
3926244
3928403
3929267
3929684
3930609
3930626
3930909
3931771
3932829
3933515
3933521
3933844
3933987
3934650
3934707
3935475
3935926
3936057
3937366
3937620
3937770
3938475
3939013
3939067
3939139
3939917
3941501
3941816
3942469
3942519
3946677
3946870
3949085
3950601
3950966
3953305
3953321
3953761
3954259
3954560
3954973
3955217
3956347
3958761
3960109
3960345
3960396
3962258
3962269
3962525
3963922
3964150
3964268
3965185
3965828
3966597
3966684
3966752
3966888
3967848
3968070
3969086
3969113
3970396
3971699
3973718
3974036
3974292
3974985
3975769
3976496
3977159
3977952
3978086
3979250
3979891
3980006
3980100
3980308
3980708
3980822
3981258
3981336
3981594
3981617
3981873
3982524
3984313
3984941
3987777
3987892
3988119
3988412
3988883
3989733
3991063
3992687
3994535
3994572
3995568
3996763
3996893
3997278
3998239
3998816
3998884
3999076
3999638
4000540
4001524
4001866
4001895
4001981
4002458
4002658
4003079
4003963
4004139
4004951
4007368
4007660
4008075
4008279
4008703
4009242
4010220
4012283
4013371
4013510
4013766
4015648
4015877
4016233
4021127
4021693
4021732
