397
1828
2296
2388
2440
2664
3213
3405
3783
5364
5391
5994
6383
6773
9196
9350
11501
11816
13337
14052
15711
16194
16225
16253
16790
17440
18650
19266
20361
20576
20871
22190
23495
23645
24660
24888
25432
25608
27026
28025
28047
29072
29998
31149
32668
33437
33700
34547
35969
36276
37305
37340
37652
37971
38011
38076
38679
39030
39404
39627
41524
42262
43154
43722
45248
45647
46206
46367
46439
47301
47524
47579
47757
47773
48170
48175
48758
48990
50088
50416
51471
51813
52732
52857
54573
54644
55734
57375
61101
62608
62816
63042
63246
65127
65152
65227
66204
66521
66874
68357
69884
70121
70682
71470
71553
72647
72674
72793
72840
73538
73720
74262
74368
74705
75522
76038
77116
77241
77894
79106
79398
79868
80490
80941
80993
82765
85038
85335
85885
86970
87323
88615
88863
89069
89791
89863
90027
90474
90988
91477
91556
91559
91574
92245
93909
94206
94839
95353
95660
97391
98424
98871
99274
99502
100093
100131
101331
101855
102780
102926
103313
103383
103393
103810
104485
106665
106926
107752
107756
109061
109062
109660
111593
111952
112315
112726
112763
113159
113905
114533
114550
114671
114781
115706
117229
118025
119441
119569
119724
120008
121068
122138
125168
125512
125718
126817
128605
131663
133374
133912
134319
134601
135080
135101
135771
135895
137584
137638
138041
138310
139262
141013
141702
144002
144514
145312
145387
146552
148665
151470
153573
154222
155249
155448
155610
156377
156474
157637
159514
160156
160659
161563
163456
163629
164510
164543
164697
165351
166164
167413
167728
170491
170555
171498
172150
172299
172752
172880
175373
175586
175982
177802
178087
178272
180925
180972
181534
181557
182492
183223
183227
183680
184730
185220
185396
185925
186728
186802
189813
191101
191361
192811
193338
194137
195423
197483
198527
198616
200519
203321
203907
211023
211339
212288
212781
214134
214149
214704
215331
215674
216188
217385
218865
220020
220353
220856
223773
223989
225284
225291
225716
225932
226801
227112
227299
227874
228022
228144
228189
229837
230281
230496
230812
231266
231442
231465
231900
232089
232856
233436
233593
234675
237212
238126
238174
238192
238641
241013
241283
242567
242697
243512
243546
243893
244530
244886
245958
246459
247272
248030
248163
248474
248832
248941
249607
250060
251059
252802
252927
253429
254642
255190
255509
255756
256385
258509
259207
261276
261466
261496
261570
261658
262323
262473
262542
262834
262933
264101
264934
265491
265591
266140
266833
266906
267001
267362
267765
268400
269420
270090
270715
271138
271743
271972
273508
274840
275562
275669
276568
277274
278550
279122
279502
279931
281501
281700
284096
285064
286354
288123
288199
288448
290471
290549
290711
291366
291605
291714
291958
293043
294723
294935
296607
296944
297577
297820
297971
297975
297981
298944
298973
299192
299852
299871
300243
300556
301349
301536
301569
302050
302365
304474
307138
308282
308955
309821
310216
310244
311547
311755
313705
313824
314359
314732
315624
315785
318213
318327
320034
320064
320097
320338
320392
320401
323036
323763
323837
324304
324732
325135
325746
326075
326906
326907
327809
329368
331625
331695
332131
333198
339170
339348
340822
341002
341281
342458
343586
346302
346527
347339
347810
349448
350215
350922
351107
351644
351691
351701
351751
352873
354481
354661
355436
355854
355898
356525
356894
357914
358466
359613
360488
360941
361203
361398
362026
363320
363797
365169
365985
369360
369829
370646
371285
371831
372054
372853
372884
373100
373419
374219
374261
375772
378239
379315
380305
380392
381849
382746
383772
384972
385421
387560
387687
387934
388903
391010
391430
391870
392804
392906
393069
393197
394065
394307
396023
397876
398025
398046
399409
399535
399724
400165
400188
400571
400627
401119
401133
401597
402252
402889
403193
404300
404441
404578
405573
406295
406531
406857
406935
406942
407559
407823
408487
408821
409305
409997
411003
411223
412107
412488
412652
413484
414847
414881
417067
417160
417279
419350
419626
421669
422310
422807
424503
424587
425895
426320
428742
429464
430294
430348
430408
430451
430573
430936
431336
432191
432338
433643
436007
437044
437045
437870
438277
439760
439777
440231
440291
440590
441796
442309
443194
446031
447211
447825
448408
448772
449577
449710
452099
452367
453698
453831
453959
454496
455458
457486
457703
457943
458365
458629
459736
459985
460220
461581
461970
462164
462328
465090
465223
466581
468903
469934
470543
471347
471656
473014
473542
473914
475396
475849
476188
476573
476745
477906
478716
480128
480804
481758
482708
483258
483361
484140
485105
485247
486512
486666
486912
487029
487895
488177
488989
493939
494953
495049
495052
496030
496051
496213
496386
497208
499423
499470
500210
502496
504358
504401
504977
506370
506691
507743
508291
508380
512566
513026
513565
513950
514391
516054
516221
516276
517122
517372
518695
518869
519460
519722
520337
520390
520613
520661
520718
521428
521554
523550
524009
524663
524702
525800
526459
526713
527042
527194
527378
527663
527869
527968
528481
528943
528975
529004
529569
531229
531389
532081
532193
532616
532781
532813
535340
535415
537715
537980
538030
538836
538937
539188
539216
541090
541530
541805
542776
545304
546882
547221
547367
548163
549679
549758
550394
550410
550497
551041
551679
552467
552573
553497
553813
554260
554744
555584
556836
557415
558731
559401
559800
559814
560042
560298
560679
562706
563458
563992
565642
565745
565828
566865
566927
567134
567257
567279
567984
568213
570506
571292
571533
572410
573379
575491
575701
575719
576177
576552
577098
577271
577565
577665
578144
579638
579747
579930
580133
580498
583196
583228
584097
584327
584392
584673
585597
586581
588445
589464
589475
589780
590856
592204
592805
593413
593982
594874
594927
595424
595994
596055
596910
599737
599885
600415
600907
601255
601422
601561
601822
602768
603218
603420
604113
604227
605560
606185
607322
607501
609321
611617
611798
612292
612575
612856
614146
614978
615028
617545
617730
619388
619619
619908
620064
620230
620974
622248
622974
625557
627278
629587
631800
631867
633198
633813
634329
635153
637291
637307
637721
638701
638971
640285
641449
642949
643642
644062
645146
646175
646659
647608
648449
649294
649532
650754
650755
651004
651065
651480
653088
653352
653456
653579
654722
654808
656089
656389
656628
657113
658576
659015
659126
659250
659473
659551
660091
661251
661860
663188
663289
664555
664606
665109
666842
667849
668136
668467
668747
669200
670037
670346
671150
671522
672182
673569
674580
675695
678364
678637
678655
678751
680057
681229
683919
684028
686336
686919
687471
688634
688914
689846
690641
691445
692405
692586
693565
694216
697131
697605
697758
698835
698872
699889
700268
700666
701861
702263
702683
704714
706734
707223
707473
707988
708202
708225
708404
711915
712656
713223
713946
713957
715346
718531
718738
719331
719551
720024
723127
723976
724684
725048
726769
726970
728694
729598
730709
730723
732125
732331
732447
732573
733239
734280
734324
735287
735574
736457
737210
737231
739606
739715
739827
739954
741044
744073
744687
745243
745999
746583
751398
751451
752722
753614
753628
753795
755280
755490
756007
757690
758563
759701
759808
759965
760107
761365
761636
763791
763815
763990
765703
766176
766262
767200
767369
768442
768699
768997
771102
771602
772211
772229
772359
772742
773486
774816
775018
777222
777383
777733
777831
778649
779043
779464
779935
780557
781310
781429
782340
782810
783476
783520
784440
787355
789095
792607
792863
793700
794662
795409
795693
796144
796188
796465
797135
797241
797840
799396
799470
799640
800287
800551
800658
801700
802077
802233
803640
805126
805760
806519
807116
807350
809003
811836
812382
812391
812495
813482
813781
814313
815291
815392
816762
816778
817332
818363
818675
819241
820858
821574
821924
822139
822524
823259
825417
826143
828242
828659
828771
829298
830942
831497
831905
832253
834134
836959
838527
839208
839623
841191
842379
843823
844338
844361
845082
845573
846114
846730
847197
847718
848559
848568
848697
851221
851438
851529
852291
852363
852478
855584
856020
856222
856242
856497
856712
858989
860912
861487
861753
861830
862448
862667
862690
863658
864174
864577
865195
865904
866422
866558
867294
867775
868256
868531
868571
869093
870782
870950
871001
872517
872719
874328
874358
875842
876787
879224
880124
881816
881996
882189
884116
884653
884895
884908
885009
885434
885859
886649
887411
887642
887852
888298
888464
888876
892017
893335
893550
894311
896444
896446
896779
899201
899395
900386
900896
901086
901468
901935
902416
902628
903146
903501
903808
904685
905722
905972
907671
908769
909011
909169
910505
911045
911656
911797
913783
914614
914767
915310
915878
916470
916496
916980
918113
918800
918931
919185
920508
921483
921686
921946
922787
923023
923318
923408
923988
924529
924545
925123
926922
927819
929035
929352
930003
930510
930865
934424
934502
935747
935892
936360
936775
937898
938068
938092
938185
940261
940565
941691
942601
943000
943262
943269
944620
944843
945354
945515
946339
946511
948995
949957
950225
953072
953175
955484
955715
956053
957142
957361
958441
959817
959842
960042
960518
960613
960772
960891
961613
963462
965422
966243
969345
969934
970276
970702
972754
972949
973851
974095
976048
977527
978671
978707
980488
980791
981634
981747
981803
982748
983660
983989
985175
988035
988703
988886
989316
989797
990146
990680
991262
991925
992055
993582
994342
994653
995385
997257
997501
997727
997839
997995
999562
1000277
1000442
1001476
1001506
1002235
1003725
1005063
1005318
1005716
1005806
1006870
1009600
1010766
1010887
1011135
1011987
1012037
1012463
1014023
1015632
1015830
1017846
1018221
1018242
1018335
1018812
1018843
1020180
1021195
1021657
1022033
1022401
1023091
1023645
1023946
1024569
1025680
1026567
1027498
1029548
1030331
1030987
1031647
1031980
1032135
1034861
1035215
1035614
1035750
1036937
1037236
1037315
1037718
1037904
1038159
1039076
1039415
1039479
1041699
1041918
1043592
1044653
1044747
1046904
1047073
1047439
1048484
1050302
1050536
1052048
1053239
1054908
1055244
1055500
1056030
1056471
1057070
1058855
1059829
1059830
1059869
1060501
1060955
1064549
1066262
1066303
1066487
1066601
1066749
1066978
1067031
1067363
1068803
1069099
1069974
1069986
1072313
1073039
1074086
1074555
1074598
1074834
1075792
1076410
1077441
1077532
1078170
1078460
1078505
1079252
1079527
1079534
1079909
1079931
1080704
1081618
1082841
1083713
1085119
1086210
1088683
1090674
1091501
1092422
1092693
1095098
1095863
1097259
1097605
1098009
1098461
1098544
1099143
1099211
1099290
1099905
1100594
1100878
1100977
1101547
1101960
1102932
1103173
1104511
1104516
1104907
1105947
1106107
1106402
1106614
1106917
1107866
1108361
1108392
1108840
1110635
1112516
1113340
1113564
1114094
1114271
1114339
1114647
1114677
1115814
1115852
1116081
1117724
1118054
1119707
1120330
1120479
1120650
1121207
1121524
1121657
1124362
1125302
1125443
1125772
1126923
1127493
1131446
1131600
1131856
1132259
1133419
1134378
1134561
1135615
1135921
1135998
1136447
1136522
1136596
1137022
1137107
1137369
1137476
1138047
1140586
1140939
1141007
1141629
1142466
1143188
1143572
1143785
1143795
1144235
1147035
1150096
1152210
1152938
1154221
1154671
1154716
1154961
1156569
1157415
1158564
1158687
1158919
1158965
1159094
1160285
1160691
1161165
1163086
1167779
1168586
1169867
1170397
1171473
1172576
1172592
1173942
1174197
1174628
1176262
1176505
1176761
1176763
1177706
1177754
1177888
1182643
1182947
1183799
1183839
1184125
1184623
1185855
1186294
1187155
1187164
1187599
1187612
1187754
1189212
1191991
1192922
1193648
1193780
1196198
1198014
1199036
1199052
1199967
1199971
1200458
1200647
1201383
1201772
1201940
1203171
1203757
1204340
1204724
1206620
1207388
1208346
1208431
1210608
1212146
1212536
1213460
1213694
1214839
1217313
1217443
1218106
1219746
1219780
1222226
1222668
1222766
1224217
1224899
1225296
1225742
1226128
1227201
1227363
1228048
1228711
1231795
1232573
1233231
1233281
1233612
1234054
1236142
1238784
1238922
1239284
1240285
1240483
1241068
1242034
1242062
1242738
1243051
1244017
1245765
1246173
1247398
1247571
1247674
1248282
1249260
1249328
1249356
1249643
1251227
1251801
1252294
1252974
1253607
1255398
1256063
1256176
1256585
1257360
1257980
1258617
1259291
1259514
1259893
1264366
1264641
1265073
1265183
1265291
1265373
1266289
1266444
1266537
1266561
1267020
1267314
1267320
1267492
1268941
1269582
1272196
1272455
1273361
1274087
1274811
1275421
1275817
1276354
1277288
1277559
1277715
1279774
1280109
1280366
1280638
1281102
1282014
1282065
1282229
1282277
1284467
1285923
1286394
1287059
1287378
1287447
1289707
1290162
1290871
1290966
1291150
1291684
1292174
1292524
1293594
1293671
1294341
1295106
1295608
1296261
1296306
1297750
1300078
1301926
1303828
1306682
1307047
1308264
1309500
1310075
1310147
1310858
1311154
1311159
1311898
1312214
1313008
1313281
1313384
1314952
1314976
1314982
1315208
1316078
1317467
1319938
1320437
1321248
1321887
1321943
1322508
1323549
1324658
1324952
1325235
1326454
1326513
1327042
1328948
1328951
1329574
1329651
1331415
1331826
1334767
1336245
1337065
1337314
1338038
1339429
1340828
1340982
1341482
1342042
1342807
1343398
1344210
1344686
1345008
1346663
1348325
1349241
1350285
1350867
1351063
1354403
1354946
1356053
1356263
1356374
1356993
1359263
1360894
1361382
1362660
1364650
1364858
1364966
1365106
1365858
1366192
1366667
1367594
1367994
1368293
1369367
1369565
1370890
1371796
1372307
1372741
1374019
1374177
1374922
1375839
1375843
1375894
1377573
1378092
1378958
1379298
1380425
1381973
1382694
1383145
1383748
1383782
1384018
1384805
1384880
1385146
1385209
1385915
1386183
1386876
1386978
1387110
1387741
1388321
1389530
1390950
1392613
1393282
1395537
1396992
1397407
1397676
1397896
1398568
1398603
1399288
1399585
1400100
1400327
1402233
1403009
1403960
1404296
1406534
1408307
1409083
1410424
1411335
1411623
1411972
1412099
1413095
1413811
1414634
1414664
1416457
1416905
1418398
1419668
1420335
1421135
1421416
1421491
1421643
1423020
1423386
1423489
1423628
1424225
1424277
1425052
1427296
1429415
1429466
1429948
1430536
1431848
1431921
1432458
1434444
1434550
1434644
1434984
1436071
1436195
1436404
1436412
1436432
1436884
1437019
1438717
1439680
1439828
1440650
1441837
1442949
1443243
1443405
1444487
1447040
1447066
1449536
1450374
1450591
1452781
1452816
1452871
1453146
1453239
1455067
1455642
1455711
1458346
1458778
1459349
1462102
1462420
1463514
1463515
1465820
1466315
1466406
1466953
1468291
1469078
1469690
1470728
1471151
1471437
1471552
1472586
1473218
1473739
1474028
1474041
1475220
1475528
1477074
1477341
1478448
1479332
1479776
1480324
1480546
1481423
1481586
1481844
1481907
1482511
1482622
1484024
1484151
1484574
1484612
1485566
1485735
1485837
1486835
1487039
1487099
1487393
1487743
1487845
1488623
1488872
1489458
1491096
1491450
1495168
1495345
1495411
1495584
1495616
1496166
1496866
1497083
1497337
1498884
1499247
1499655
1500401
1500914
1501193
1502209
1502537
1503337
1503472
1503755
1507133
1507518
1507951
1508608
1510067
1510361
1514241
1518107
1518868
1520436
1522131
1522648
1522939
1523372
1524237
1524716
1524723
1525056
1526317
1526484
1527494
1528752
1529375
1529886
1530662
1531043
1531263
1531937
1533319
1533541
1533773
1534342
1534363
1537898
1538746
1540016
1540188
1540355
1540879
1541191
1541407
1541625
1543502
1543711
1543788
1544335
1548035
1548647
1548948
1549000
1549134
1549238
1549841
1549992
1550329
1550373
1552074
1552581
1553036
1553891
1553893
1554150
1555226
1555655
1555985
1556494
1556966
1557746
1558167
1558695
1558946
1559924
1560654
1560656
1561194
1563080
1563683
1564186
1564536
1565424
1565847
1566719
1567723
1568506
1569399
1569530
1569560
1571673
1572707
1574191
1575036
1575179
1575340
1575365
1575529
1575535
1575741
1575887
1576886
1577149
1577383
1577558
1577736
1578101
1578680
1581246
1582365
1582451
1584053
1584599
1586760
1586846
1587836
1587951
1588781
1589761
1590130
1590380
1592663
1592680
1593424
1594593
1594639
1594711
1595614
1595949
1596091
1596394
1597915
1598103
1598355
1598769
1599890
1600345
1603594
1604114
1606663
1607126
1608278
1611069
1611998
1612363
1612713
1612919
1613077
1613230
1613483
1614534
1614982
1616610
1617044
1617452
1617613
1619510
1619968
1622154
1622272
1622461
1625393
1626480
1627491
1628755
1629202
1629259
1629452
1629849
1631322
1631651
1631753
1632374
1633349
1634158
1635976
1637101
1637292
1637772
1637872
1639045
1640107
1640169
1641074
1641363
1641596
1642175
1642437
1643193
1643420
1644172
1644815
1646517
1647543
1647932
1649748
1650016
1650269
1650854
1650856
1650890
1650980
1651301
1651802
1651853
1653120
1653307
1653678
1654454
1656824
1657319
1657455
1659338
1659448
1659665
1660127
1660522
1661171
1661182
1661942
1662281
1663020
1663347
1663722
1664192
1664536
1664695
1665084
1666675
1667352
1669098
1669824
1670430
1671137
1671184
1671749
1673163
1674463
1678369
1679479
1680264
1680274
1680410
1680810
1680812
1681152
1681495
1681958
1681988
1683465
1684220
1685308
1685616
1685661
1686571
1687287
1687840
1689377
1690748
1691986
1692993
1692997
1693024
1693469
1693546
1693690
1694198
1694510
1695175
1695415
1697812
1698060
1698120
1698290
1698805
1698882
1699390
1699477
1699673
1702788
1702795
1704946
1707270
1708415
1709193
1709270
1710703
1710727
1712886
1713951
1714407
1715096
1715220
1715467
1715499
1715560
1716593
1716790
1717920
1719513
1720074
1720575
1720660
1721245
1721460
1722077
1722094
1722118
1722187
1722441
1722748
1723039
1723175
1723312
1723443
1723764
1725060
1725594
1725817
1726743
1727044
1728583
1730383
1731086
1731099
1731161
1731309
1731996
1732100
1732651
1732685
1733746
1735269
1735482
1736491
1736708
1737324
1738017
1738193
1739197
1739999
1742317
1743263
1744021
1744494
1745433
1745439
1745530
1745601
1745843
1746466
1746526
1747057
1747835
1748066
1748125
1748466
1748673
1749565
1749915
1750209
1752565
1753538
1753910
1754080
1754342
1754844
1756805
1760832
1761568
1763818
1764539
1765148
1765175
1765205
1765372
1765427
1765590
1766192
1767279
1767461
1767624
1767712
1768023
1768339
1768477
1768866
1768890
1768892
1769522
1770253
1771591
1771778
1773146
1774584
1774636
1775129
1775188
1775600
1775751
1777606
1779118
1780801
1781135
1782048
1783089
1783096
1783097
1784879
1785482
1786202
1786407
1787112
1787890
1788056
1788493
1788649
1790770
1790830
1791518
1792114
1792568
1793751
1796129
1796586
1798864
1799111
1802683
1803016
1804139
1804839
1805065
1805183
1805417
1805685
1806322
1806450
1807290
1808457
1809034
1810185
1811582
1811985
1812146
1814332
1815103
1815370
1816307
1816434
1817871
1819005
1819699
1819942
1820276
1820777
1821518
1821690
1822537
1822900
1823503
1823753
1824187
1824330
1826115
1826547
1826859
1826946
1827690
1830553
1830748
1831293
1832357
1832835
1832883
1833306
1834031
1834294
1834373
1835920
1836234
1836326
1836673
1838740
1839397
1839744
1843064
1843146
1844515
1844528
1844530
1845492
1846351
1846637
1846656
1846872
1847121
1848077
1848249
1848352
1848353
1849799
1849808
1851520
1851577
1852713
1854321
1854323
1854734
1855122
1855751
1856395
1858198
1858386
1858780
1858855
1859154
1859997
1861106
1861465
1862033
1863889
1864616
1865453
1865556
1867243
1868736
1869761
1870920
1872108
1872986
1874574
1874775
1874906
1877334
1878975
1879221
1880505
1880973
1881433
1881946
1883725
1884005
1884302
1886801
1887220
1887443
1888560
1889128
1889637
1890975
1891084
1891365
1892246
1892730
1893268
1893935
1894462
1894531
1894608
1894865
1895100
1896057
1896959
1897825
1898698
1898820
1900839
1901106
1902181
1903766
1907018
1908088
1911068
1911107
1913637
1914271
1914776
1915119
1915736
1917208
1917808
1919269
1920436
1920605
1920803
1921320
1921596
1922116
1922512
1922810
1923820
1924515
1924737
1925459
1925795
1926612
1928375
1928538
1928788
1931478
1931901
1932508
1932898
1933099
1934242
1934832
1935490
1935664
1936071
1936511
1937426
1937796
1938617
1940683
1941974
1942949
1944053
1944237
1944588
1946043
1946480
1946765
1946774
1947930
1948081
1948670
1948939
1949788
1950451
1951804
1953736
1954404
1956115
1956670
1957257
1957773
1958568
1958626
1959176
1959337
1959495
1960067
1962647
1962993
1965337
1966096
1966880
1967064
1967921
1968546
1969194
1969359
1969604
1969995
1970369
1972293
1973097
1974109
1974227
1974278
1974365
1974410
1975013
1975116
1975907
1976117
1977853
1978161
1978397
1978890
1979462
1980734
1980903
1980975
1981018
1981722
1981790
1983540
1985601
1985977
1986082
1987345
1987402
1988127
1988386
1988765
1988967
1990286
1990372
1991079
1991285
1991961
1991964
1993063
1993149
1993353
1993394
1994101
1994983
1995146
1995182
1995611
1995925
1995950
1996384
1996914
1996970
1997002
1997429
1997775
1997870
1998707
1999401
2000375
2000402
2000484
2000625
2000823
2000987
2001394
2001739
2003931
2004594
2005567
2006512
2007348
2007966
2007998
2008237
2008383
2008721
2009885
2010015
2010356
2011460
2011640
2011973
2012232
2012711
2012854
2015840
2016171
2016196
2016208
2016829
2017022
2017503
2017549
2019445
2019536
2019997
2020028
2020841
2021234
2021284
2021449
2022189
2022590
2022874
2023274
2023551
2024310
2024319
2024380
2024423
2025418
2027184
2027235
2028037
2028091
2028206
2028217
2028682
2029374
2029656
2030314
2031065
2031136
2031635
2031868
2033108
2033455
2033741
2033965
2034330
2034360
2034531
2034751
2035171
2036514
2037427
2037667
2037776
2038271
2038628
2040108
2040348
2041863
2041912
2042415
2042475
2043425
2043753
2044050
2044581
2044608
2045313
2045573
2046065
2046419
2046857
2047099
2047130
2047508
2047857
2048493
2049150
2049737
2050448
2050683
2050832
2051911
2052264
2052877
2053589
2053922
2054340
2055052
2056459
2057472
2058177
2058751
2058887
2059597
2060791
2061270
2061568
2061601
2061602
2062318
2063046
2063657
2064069
2064245
2064446
2065364
2066609
2067171
2069272
2069423
2070369
2071003
2071060
2071735
2072279
2072547
2072560
2073050
2073616
2073651
2073661
2074714
2078176
2078354
2078617
2080104
2080679
2081319
2082268
2083394
2083949
2084978
2086587
2086618
2087097
2088606
2089185
2089489
2090026
2090494
2090497
2091816
2092165
2092546
2092815
2092888
2093340
2093570
2094189
2095067
2095470
2095802
2095973
2096204
2096481
2096585
2096865
2097200
2097410
2097598
2097717
2098826
2099137
2099266
2099436
2100907
2101101
2101174
2103356
2103576
2103796
2104222
2105244
2105286
2105386
2105608
2106667
2107021
2107438
2107879
2108215
2108898
2111873
2113069
2114333
2114644
2115352
2115757
2116961
2121022
2121027
2121227
2122034
2122673
2122762
2123559
2124896
2125061
2125778
2127317
2128806
2129464
2129834
2130644
2131266
2132130
2132997
2133436
2134529
2135440
2135478
2136152
2136756
2137911
2138239
2138515
2140344
2140939
2141397
2142281
2142630
2143708
2143999
2144027
2144127
2144305
2144623
2144802
2144846
2145401
2145689
2145901
2146589
2147248
2147984
2149159
2152379
2153115
2153406
2153447
2154165
2154429
2155183
2158980
2159781
2160887
2161471
2161476
2162081
2162536
2163392
2163485
2163513
2164159
2164802
2164987
2166797
2166925
2167462
2169236
2169447
2169468
2169899
2170042
2170146
2170675
2170772
2171786
2171855
2173956
2174168
2174810
2175436
2175595
2175678
2176048
2177296
2177488
2178216
2179676
2180136
2180878
2182672
2183547
2183695
2185147
2185158
2185202
2185316
2186004
2186609
2186665
2187837
2188096
2188370
2188585
2188633
2188856
2188869
2189042
2189301
2190465
2190594
2191842
2192428
2193129
2193354
2193765
2194258
2195410
2196341
2198458
2200205
2200302
2200823
2202208
2202267
2202301
2202574
2202737
2206142
2207467
2208462
2208907
2209063
2209249
2210440
2211119
2211392
2211442
2211558
2212251
2212532
2213609
2213701
2213827
2214309
2215085
2217437
2217526
2217849
2218764
2218863
2219103
2219742
2219906
2221957
2223056
2223663
2224014
2224113
2224114
2225681
2226560
2226671
2227032
2227143
2227196
2227508
2227632
2227696
2228638
2228679
2229782
2229918
2230321
2230934
2232172
2232203
2232938
2232987
2235871
2236410
2236861
2237819
2240810
2241316
2241501
2241660
2242762
2243280
2244573
2245348
2245960
2246251
2246455
2246630
2246941
2247590
2248090
2248155
2248373
2249512
2249838
2250665
2250881
2253641
2253973
2254404
2254758
2256001
2256631
2258236
2258290
2258393
2258733
2261411
2262714
2264128
2264789
2266170
2269148
2269309
2269499
2269585
2270066
2271015
2271216
2272082
2272100
2272217
2272226
2273004
2273351
2273397
2273659
2273733
2274886
2276386
2276806
2277562
2278427
2280131
2280241
2281211
2282694
2283021
2284181
2284549
2285331
2287306
2288117
2288498
2288594
2288745
2289357
2290516
2290543
2290964
2292223
2292608
2292948
2297407
2298270
2298355
2299089
2299152
2299331
2301453
2302574
2304034
2304611
2305957
2306056
2306104
2306578
2306717
2307188
2308493
2309410
2309749
2310019
2311959
2312153
2313275
2313672
2316929
2317548
2318036
2318288
2318427
2318500
2319875
2322906
2323031
2326515
2327075
2327299
2327447
2327854
2328444
2328781
2328820
2329221
2329269
2330405
2330727
2331048
2333809
2334391
2334577
2334775
2334965
2335559
2336004
2336749
2336893
2337002
2340576
2341276
2342026
2342033
2342494
2343379
2343847
2344197
2345641
2346543
2346755
2346967
2347567
2348019
2348998
2349355
2349522
2350065
2352403
2352900
2352926
2354012
2355424
2355574
2356070
2356341
2356497
2356522
2356524
2356682
2358686
2358858
2359329
2359458
2359470
2359728
2360520
2360564
2361207
2361582
2361827
2361924
2362176
2363248
2364608
2364990
2365353
2365532
2366345
2367998
2368822
2369717
2370529
2372529
2372586
2372691
2373332
2373605
2373868
2373926
2374257
2374333
2374595
2375112
2375325
2376210
2378748
2379534
2380357
2382103
2382781
2383694
2383969
2384425
2384487
2384548
2386146
2387240
2388703
2389500
2390197
2390251
2390838
2392021
2392683
2393054
2393825
2394918
2395620
2396043
2396711
2398581
2400520
2400572
2400678
2401076
2401282
2401396
2401684
2401795
2403461
2404628
2405255
2405566
2406478
2407576
2407984
2408314
2408735
2408976
2410616
2410650
2411643
2414012
2414499
2415799
2416258
2417091
2417435
2417580
2417937
2419373
2419856
2419995
2420940
2421347
2423306
2423352
2423538
2424594
2424754
2425079
2425355
2426393
2426968
2427570
2428735
2429072
2429906
2429968
2430282
2430865
2432476
2433331
2433869
2435716
2436269
2436676
2438052
2438540
2441743
2442600
2442758
2443285
2444455
2444575
2445276
2446016
2446294
2447500
2448237
2448623
2449192
2452065
2452372
2452393
2452441
2454242
2454315
2454978
2455097
2455769
2457963
2458611
2458826
2458960
2459272
2460331
2460349
2462222
2462557
2463101
2463951
2464210
2464512
2466242
2466928
2467237
2468160
2468309
2468768
2468943
2468960
2469220
2470015
2470033
2470688
2471074
2471979
2472681
2473022
2473502
2473577
2475177
2475403
2476087
2476505
2476553
2477340
2478550
2478880
2479526
2479659
2480491
2480524
2482393
2483309
2483873
2485274
2486914
2487677
2488327
2488969
2489075
2490584
2490645
2490706
2492343
2494802
2496010
2496350
2496459
2498168
2498606
2498907
2498980
2499724
2501059
2502103
2502200
2502516
2503903
2504385
2504553
2504698
2504899
2505891
2506258
2507095
2508149
2508201
2508615
2509153
2509303
2509670
2509778
2509843
2511138
2511433
2513909
2514198
2514785
2514861
2515543
2516519
2517034
2518843
2519859
2520278
2521429
2522047
2522260
2522289
2527103
2529286
2530377
2530583
2531445
2534163
2534421
2534584
2535175
2535962
2536187
2538517
2539902
2540210
2540914
2541407
2542507
2542616
2542736
2542741
2542949
2543526
2543654
2544326
2545986
2547385
2547676
2547839
2549078
2549519
2550439
2552360
2552570
2553306
2553882
2554751
2554796
2556598
2556703
2556820
2557221
2557261
2558071
2558694
2559567
2560247
2560347
2560377
2560431
2560538
2561362
2561637
2561727
2562890
2563670
2564041
2564523
2564772
2566317
2567487
2567792
2567995
2568755
2569771
2570163
2570400
2572668
2573014
2575361
2575998
2576153
2576198
2576557
2579077
2579107
2580209
2580380
2580622
2580748
2580934
2581085
2581328
2581591
2581696
2581813
2585193
2585383
2586940
2587179
2587308
2587446
2587544
2587883
2588947
2589722
2589787
2589911
2590198
2593608
2593633
2594433
2595081
2595947
2596274
2596519
2597400
2598378
2599246
2599435
2600933
2602684
2602900
2604183
2604273
2604494
2605744
2606094
2606675
2606731
2606922
2608796
2610045
2610162
2610331
2610817
2612608
2615621
2615791
2615856
2617003
2617700
2618501
2618924
2619738
2620554
2620575
2620609
2620924
2622194
2622730
2623356
2624648
2625328
2625718
2626026
2626225
2626247
2626406
2626497
2627507
2628870
2629028
2630689
2631663
2631904
2632765
2633518
2634640
2635020
2635860
2636142
2637006
2638210
2638530
2638978
2640044
2641641
2641661
2642504
2643746
2644073
2644581
2645636
2646095
2647517
2650684
2650865
2651608
2652309
2653455
2653576
2654288
2655655
2656215
2656556
2656853
2657025
2657321
2659831
2660673
2661249
2662298
2666617
2666792
2667198
2667891
2668828
2671700
2672606
2674130
2675574
2675872
2676002
2676297
2677637
2677747
2677906
2679234
2679848
2681110
2681404
2681559
2681739
2682104
2682137
2683033
2683242
2684015
2684927
2685476
2685523
2686262
2686743
2688085
2688545
2688865
2690330
2691534
2691627
2691774
2692656
2693110
2693116
2693386
2693828
2694184
2695564
2695800
2695891
2696018
2696023
2696437
2697423
2698356
2698444
2698687
2699576
2699769
2699963
2701373
2703786
2704100
2704394
2704594
2704726
2704804
2704914
2704996
2705079
2706528
2706802
2706867
2706898
2707346
2707725
2708274
2708358
2708856
2710848
2711709
2711758
2711914
2712215
2713565
2713638
2713728
2715479
2715752
2716715
2717187
2719727
2721126
2721310
2721955
2722188
2722386
2722970
2724055
2724898
2725379
2725478
2726382
2727158
2728003
2728957
2730187
2730721
2730850
2731335
2732421
2732509
2732556
2733180
2734530
2734870
2734891
2735069
2735766
2736244
2736675
2737288
2737611
2737874
2737978
2738146
2738350
2738805
2739520
2739920
2741001
2742346
2742670
2742838
2743324
2743779
2745423
2745770
2746058
2746216
2746393
2746649
2747641
2747703
2747745
2753288
2754177
2754340
2755957
2756322
2756927
2757350
2757473
2758934
2759540
2760365
2760909
2761432
2761734
2762581
2762902
2763914
2764017
2764172
2764416
2764890
2766634
2766742
2767512
2768251
2768901
2769041
2769790
2770061
2770352
2771565
2772572
2773748
2773855
2774308
2774528
2774627
2775677
2776029
2779362
2779912
2780001
2780203
2782400
2782559
2784359
2784613
2784696
2785639
2786273
2787758
2788585
2788728
2790626
2790978
2791232
2792719
2793176
2794258
2795441
2795790
2796366
2796639
2797047
2797702
2797957
2798024
2798119
2799133
2799320
2799345
2799549
2800255
2801358
2801720
2801846
2801990
2803390
2803976
2804797
2804959
2806073
2806106
2806532
2807500
2807604
2808493
2808834
2809655
2810627
2810663
2810986
2811241
2812242
2813271
2813993
2815077
2815727
2816363
2817717
2818473
2819269
2820200
2820369
2820877
2821583
2821954
2821965
2822379
2823465
2824354
2824554
2824989
2825514
2825737
2826385
2826548
2826575
2826812
2826932
2827220
2827711
2827730
2828618
2828710
2828932
2829067
2831279
2832504
2832720
2834540
2834965
2835364
2835959
2836265
2836358
2837381
2838146
2838178
2838647
2839634
2839927
2841935
2843109
2844176
2844300
2845667
2847375
2848395
2850415
2850440
2850480
2850530
2850802
2850921
2852208
2852662
2853098
2853556
2854204
2855483
2856269
2856504
2856988
2857825
2858800
2859441
2859781
2860065
2860898
2860930
2861892
2861937
2862247
2862837
2863908
2864278
2864388
2864572
2865156
2866569
2867143
2868295
2868596
2868614
2868921
2869685
2870006
2870197
2870596
2870626
2870654
2871223
2871387
2871592
2871785
2872395
2873192
2873747
2873933
2874420
2875065
2875522
2876917
2877073
2877312
2877570
2879010
2879843
2881725
2882109
2882732
2883778
2884008
2884079
2884623
2884879
2885520
2885842
2886134
2886724
2886996
2887939
2888954
2891253
2892342
2894319
2894360
2894776
2895795
2898500
2898785
2899116
2899482
2899753
2901062
2901428
2901684
2901833
2902116
2903641
2903918
2904407
2905151
2905470
2906244
2907542
2907655
2908066
2908816
2908889
2909044
2909470
2910783
2910970
2912336
2913652
2914398
2914974
2915096
2915173
2915884
2916390
2916990
2917575
2919467
2919529
2920098
2920229
2921364
2922048
2923506
2925146
2926263
2927049
2928108
2928809
2930158
2930273
2931374
2931451
2931968
2933049
2933414
2934750
2934883
2935953
2936242
2937216
2937666
2937747
2938368
2938660
2939579
2940883
2940927
2941665
2941830
2944942
2946064
2946642
2949404
2949509
2950759
2950914
2950963
2951435
2952272
2953111
2953895
2953915
2954072
2955139
2955722
2956960
2957332
2957407
2957612
2958019
2959469
2959619
2960274
2961302
2962030
2962954
2963432
2965535
2965765
2968259
2968570
2970025
2970554
2970681
2971619
2972108
2972859
2973292
2974025
2974154
2974216
2975247
2975875
2977795
2977998
2978304
2978426
2980982
2981891
2984079
2984260
2984320
2985540
2985931
2985958
2987688
2989365
2992133
2993138
2993417
2993748
2994324
2994342
2994619
2995362
2996499
2996513
2997034
2999656
2999967
3000413
3002113
3003367
3003968
3005005
3005052
3006261
3007745
3007792
3008626
3009022
3009282
3009877
3009965
3010413
3010661
3011155
3012975
3013315
3014246
3014357
3014885
3015650
3015944
3016238
3016867
3016936
3017405
3017780
3019015
3019627
3020273
3021458
3022887
3023584
3025204
3025552
3025623
3026602
3026775
3027146
3027153
3027430
3027444
3027666
3029042
3029361
3029645
3030037
3030556
3030804
3031962
3032284
3032469
3033717
3034143
3035196
3035795
3035989
3036232
3037909
3037993
3038973
3039115
3039442
3039837
3040268
3040322
3040576
3041094
3041890
3042613
3042885
3043183
3043923
3044589
3045031
3045890
3045928
3046415
3047260
3047420
3048764
3050070
3050487
3050876
3053364
3056935
3057007
3057676
3057857
3058426
3059640
3059942
3061699
3063070
3063249
3065122
3065408
3065630
3066405
3068791
3068852
3069742
3070455
3072184
3072416
3072871
3073344
3073778
3074074
3074627
3075204
3075515
3075624
3075658
3076093
3076300
3078784
3079958
3081037
3081372
3081418
3081588
3081910
3083573
3084702
3085122
3085419
3086231
3087098
3087133
3087554
3088346
3088754
3089964
3090082
3090861
3091402
3092360
3093278
3094155
3094251
3094846
3095695
3096804
3098004
3098628
3098835
3099007
3099068
3099199
3100227
3101052
3103211
3105077
3106098
3106847
3107076
3107285
3107522
3107714
3108042
3108651
3108850
3109103
3110110
3111951
3115053
3115652
3118646
3119502
3120750
3120844
3120873
3121341
3121983
3123055
3123472
3123722
3124058
3124292
3124499
3127646
3127650
3127710
3128251
3129973
3131001
3131081
3131265
3131529
3133720
3134371
3134387
3134396
3134755
3135272
3136787
3137587
3138278
3138729
3138832
3139177
3139529
3141135
3142470
3142843
3143292
3143507
3144519
3144596
3145416
3145439
3145505
3145621
3145985
3146284
3146425
3146683
3148581
3148700
3148941
3149385
3152805
3152886
3153123
3153187
3153645
3153693
3153762
3153820
3154345
3154691
3154821
3154855
3156563
3156700
3157565
3158636
3159193
3159223
3161088
3161880
3162567
3164400
3164431
3165379
3165840
3165843
3168393
3168626
3169234
3169713
3170440
3170631
3172337
3172377
3173044
3173682
3173699
3173819
3174069
3174137
3174941
3175125
3175222
3175507
3178697
3178905
3179219
3180178
3180708
3181281
3183591
3184675
3186286
3186301
3187947
3188118
3189035
3189821
3189909
3190554
3191095
3191102
3191696
3191963
3191984
3192900
3193903
3196098
3197306
3198810
3199285
3199623
3199813
3202720
3203366
3203956
3205109
3206437
3206799
3206956
3207849
3209684
3209821
3209953
3210654
3210700
3211062
3211142
3211147
3211220
3211610
3211814
3213348
3215047
3215463
3215912
3216021
3216485
3217537
3218279
3218501
3219069
3219366
3221206
3221647
3221757
3223189
3223366
3224088
3224442
3224713
3227582
3227746
3228205
3228498
3229176
3231109
3231223
3231381
3233332
3234164
3234265
3234272
3235728
3236392
3237632
3237927
3238798
3240768
3241766
3242881
3242951
3243223
3245110
3249154
3250135
3252029
3252188
3252832
3252938
3252940
3253016
3253541
3253623
3253664
3253670
3253682
3253706
3253716
3254318
3255949
3256709
3256992
3257893
3257917
3258120
3260021
3261881
3263436
3265272
3266809
3267426
3268122
3268764
3269430
3270099
3270620
3271467
3272012
3272377
3272540
3272832
3273162
3273323
3274400
3274949
3275529
3275910
3276091
3276851
3276909
3279497
3279601
3279826
3280065
3280640
3282321
3283681
3283962
3284879
3286707
3286995
3287360
3287971
3288102
3288391
3289253
3289349
3289430
3289622
3289702
3289796
3292299
3294287
3295011
3295383
3295888
3296080
3296721
3298225
3298929
3299045
3299657
3300467
3300550
3302990
3303995
3307806
3308718
3309253
3309704
3309905
3311843
3312053
3312409
3313007
3313928
3314822
3315140
3315674
3316349
3317737
3318590
3319069
3319495
3320378
3320999
3321070
3321159
3322312
3323108
3323330
3323504
3324491
3325681
3327299
3328508
3329019
3329655
3330043
3330115
3330729
3331192
3331231
3331446
3331998
3332568
3332570
3333231
3333291
3334334
3335747
3335904
3338902
3339046
3341674
3341832
3343526
3345009
3345728
3345924
3346787
3347003
3347158
3348469
3349235
3350107
3351261
3352846
3352858
3354193
3354595
3358411
3358510
3358945
3359623
3361191
3361270
3361979
3362020
3362058
3362398
3362730
3363652
3363737
3364206
3364444
3364717
3365486
3368495
3369194
3369561
3370482
3371821
3372109
3372452
3373172
3373404
3373508
3373770
3373995
3376138
3377836
3378801
3379142
3380450
3380963
3383128
3384291
3384296
3385254
3385761
3387367
3387891
3388132
3388809
3390140
3391441
3393006
3394908
3395567
3396813
3397256
3397486
3397937
3398135
3400093
3400098
3400941
3402270
3403939
3403984
3405022
3406055
3406279
3406533
3408156
3408239
3408607
3408770
3409337
3411204
3412624
3414001
3414065
3415190
3415531
3416024
3416380
3418038
3420422
3420876
3420916
3421856
3422083
3422107
3422465
3423178
3423529
3423908
3424280
3424676
3428322
3429128
3430484
3431662
3432319
3432451
3432967
3433035
3433699
3435658
3435674
3436576
3437533
3437980
3438308
3438499
3438885
3440983
3442005
3442554
3442609
3442941
3443111
3444495
3448479
3448771
3449030
3450042
3451308
3451451
3452522
3452914
3453067
3453167
3453660
3454443
3455307
3457879
3458158
3458159
3459108
3459291
3459991
3460572
3462069
3463468
3464441
3465144
3465276
3466159
3466744
3466892
3467447
3468162
3468239
3469004
3469203
3470079
3470801
3470909
3471529
3471672
3472259
3473112
3473813
3474069
3474387
3474488
3474680
3475028
3475162
3475803
3476698
3478775
3478781
3478867
3479915
3480175
3480306
3482766
3484662
3484957
3485479
3487352
3487703
3487864
3488271
3489301
3490230
3491881
3492497
3492856
3493130
3494176
3495004
3495025
3495734
3495902
3498905
3500676
3501056
3501837
3502291
3505056
3505425
3506044
3508684
3508792
3509581
3511811
3512434
3513165
3513678
3514739
3515114
3516043
3516168
3516566
3516849
3516901
3517004
3517750
3518292
3518538
3518860
3519550
3519562
3519634
3519735
3521216
3522410
3522505
3522835
3523253
3523446
3525236
3526175
3526611
3527519
3529263
3529327
3529465
3530008
3530166
3530462
3531060
3531467
3533186
3533195
3534281
3535358
3535783
3536153
3537890
3538176
3538511
3538600
3539070
3539098
3543557
3543970
3544088
3544393
3544613
3544815
3545010
3545544
3546493
3547114
3547600
3547774
3548828
3549348
3549868
3551338
3551358
3551533
3552019
3552421
3552780
3553151
3553569
3554967
3557472
3558247
3558320
3559431
3560104
3560119
3562801
3562978
3563614
3564285
3564394
3564561
3564568
3565424
3565788
3566526
3566962
3569825
3570267
3570401
3570655
3571327
3572878
3573937
3575049
3577333
3578618
3578749
3579043
3579234
3580075
3580149
3581055
3581707
3582345
3583601
3583898
3585108
3585301
3585772
3586011
3586488
3587466
3587947
3587966
3587971
3589044
3590385
3592333
3592704
3592728
3592922
3593089
3593810
3594470
3594547
3595400
3595953
3596364
3596529
3597726
3597862
3599115
3600858
3601002
3601738
3603100
3603302
3604164
3604364
3604903
3605053
3605915
3606554
3607185
3607501
3609119
3609477
3610121
3610587
3610684
3610693
3610759
3611616
3612624
3612716
3613193
3613449
3613803
3614343
3614363
3615599
3616345
3617121
3617435
3617585
3619039
3620440
3620530
3620552
3620559
3621208
3622110
3623860
3623951
3623955
3624129
3624586
3625173
3626127
3626608
3626665
3626716
3627066
3627159
3627473
3628515
3629639
3629956
3630317
3632274
3632332
3633052
3634223
3634384
3634669
3634948
3636087
3636769
3637115
3637589
3638478
3638559
3639608
3639807
3640240
3642232
3642591
3643331
3643367
3645895
3646420
3647316
3648042
3648147
3649543
3651006
3651449
3651647
3652245
3654220
3654351
3654562
3657183
3657838
3658046
3658493
3659403
3660265
3660464
3660823
3661415
3662038
3662476
3662847
3663575
3664163
3664177
3665577
3665840
3666289
3666347
3667360
3667398
3668750
3670083
3670445
3670580
3670593
3670835
3671698
3672167
3672740
3673438
3673742
3674846
3674972
3675071
3675978
3678114
3679265
3681023
3682962
3683538
3685238
3686469
3687406
3687693
3687892
3687935
3688377
3688727
3688919
3688958
3689561
3689718
3690470
3690936
3691295
3692927
3693481
3693559
3693632
3693805
3694391
3694534
3695022
3695702
3696135
3696297
3696617
3697754
3699231
3699501
3702036
3702403
3703690
3703718
3705148
3705188
3705310
3705316
3705601
3706029
3706061
3706143
3706266
3706573
3707478
3708703
3710904
3712010
3712055
3713285
3713746
3713938
3714273
3714381
3715586
3716162
3716421
3718014
3718106
3718628
3719485
3721576
3722328
3722332
3722611
3723717
3723918
3724844
3727009
3727271
3729728
3730379
3730748
3731513
3731768
3731897
3733794
3733862
3734028
3735456
3736173
3736230
3737188
3737693
3739029
3739449
3739488
3740029
3740290
3740397
3740707
3740971
3742709
3742711
3743111
3743232
3743469
3743578
3744214
3745112
3745680
3745842
3746464
3746905
3747639
3747889
3748521
3748660
3748691
3748943
3749779
3749782
3751556
3753457
3753722
3753894
3754272
3754904
3755802
3755970
3756435
3757181
3757485
3757537
3758733
3759196
3762552
3762958
3763632
3764752
3765805
3766437
3766772
3767320
3767845
3768214
3769263
3772114
3772139
3772660
3773057
3773791
3773833
3775412
3777072
3778404
3778673
3778894
3779923
3780339
3780382
3780440
3780823
3780934
3781334
3783132
3783577
3783604
3785002
3785172
3785331
3785654
3786175
3787708
3788647
3789094
3789524
3790815
3791440
3792802
3792972
3793999
3794442
3795453
3797070
3797704
3797889
3798722
3798925
3799073
3799093
3799776
3800130
3800981
3801551
3801713
3803441
3803763
3804211
3804350
3805052
3805617
3805931
3807700
3807855
3809251
3809796
3810193
3813750
3814604
3819902
3820557
3821946
3822957
3823722
3823885
3824085
3825211
3826114
3828426
3829635
3830901
3831055
3831496
3831645
3832471
3832488
3833478
3834079
3834516
3835079
3835581
3835852
3837618
3837811
3839332
3841928
3842511
3842986
3843536
3844138
3844650
3844965
3845275
3845954
3846031
3847989
3848896
3849348
3851498
3852021
3852302
3853270
3854017
3854084
3854106
3857225
3857824
3858696
3859211
3859817
3860911
3860970
3861174
3861691
3862232
3864958
3865000
3865203
3866434
3866744
3870438
3870738
3871260
3871789
3871801
3871917
3873283
3873444
3874370
3874794
3875580
3876423
3877161
3877466
3878180
3878507
3880118
3880393
3880912
3881671
3881680
3883147
3884142
3884536
3884810
3885989
3886189
3888666
3890584
3890724
3891493
3891555
3891627
3891735
3894250
3894315
3894437
3895760
3897523
3898726
3898968
3900137
3900224
3900406
3901942
3902817
3904136
3904420
3905244
3905931
3906359
3906503
3907627
3908552
3908893
3909149
3911262
3911334
3911431
3912284
3912811
3913398
3913769
3914070
3915742
3915774
3916610
3917138
3917204
3917415
3918281
3919213
3921488
3922023
3922081
3922158
3922187
3922934
3922979
3923912
3924282
3924332
3924617
3924924
3926167
3928086
3928178
3928993
3930198
3932155
3932865
3932907
3933426
3935749
3936250
3936269
3936405
3936598
3936835
3937082
3937585
3939776
3940140
3940295
3940524
3940863
3941316
3942709
3943137
3943665
3944536
3945316
3945514
3946205
3946647
3947305
3948052
3948231
3949427
3949450
3950829
3951071
3951170
3951782
3953876
3954297
3954907
3955035
3955735
3956709
3957157
3958307
3959154
3959710
3960028
3962886
3962944
3963629
3963969
3967468
3971626
3971771
3973857
3974495
3976385
3976699
3976916
3977267
3977834
3977979
3978180
3978388
3980808
3980993
3981751
3981952
3984008
3984050
3985261
3985807
3987410
3987609
3987777
3989102
3989373
3991649
3992188
3992491
3993238
3993284
3993360
3994119
3994154
3995172
3995767
3995894
3997612
3997664
3997745
3997904
3998149
3999832
4002179
4003336
4005012
4006455
4006510
4009975
4010617
4011128
4011140
4011306
4011482
4012375
4012748
4012985
4013527
4014708
4014769
4015977
4017087
4017185
4017231
4017558
4019019
4019061
4019848
4020465
