56
426
696
907
3041
3223
3663
3745
4246
4255
4366
5294
5760
5822
6484
6998
7788
7975
8758
9454
10943
11052
11759
12779
13621
13843
14514
14954
15332
15869
16218
16522
16585
16921
17135
17404
18770
18830
19234
19519
19670
21132
21578
22856
22884
22933
23882
24373
24462
25561
26023
26071
26142
26767
27372
28188
28309
28639
29466
30277
30557
30679
31104
31112
31338
31351
31883
32468
32921
33153
35652
35860
36014
36186
37103
37112
37411
37464
37764
37893
37912
37983
38395
38504
39167
39173
39730
39821
40828
41500
41505
42356
44561
44725
44995
45302
46071
46485
46911
47465
47607
47708
48573
50243
50269
50656
52702
53059
53986
54669
55110
55599
55637
56420
57247
57265
57573
58176
58537
58671
59590
59775
59776
63045
63740
64164
64812
66153
67767
67793
68443
69308
70365
70653
71667
72281
72996
73004
73370
73385
74320
74672
75791
76801
76904
77047
77113
77486
77854
79925
79930
80963
81011
81266
81707
83154
83867
84270
85350
85623
86345
87157
87431
87663
87719
88110
88200
88552
88700
88875
89587
89611
89640
90226
90235
91130
91219
91424
91430
91592
91855
92278
92378
93193
93346
93353
93886
94129
94462
94668
95227
96002
97547
97609
97967
98171
98345
98363
98476
98521
98601
98832
99672
99942
100913
101115
101337
101947
102939
103545
103791
103985
104346
104451
105247
105569
105611
107239
107248
108508
109042
109790
109816
111605
111608
111616
111733
111736
112012
112994
115428
115693
115718
116145
116696
116856
117163
117376
117754
117897
118968
119489
119513
119890
121336
122062
122316
122609
123944
124255
124542
124744
125434
125466
125714
126354
127470
128730
128977
129341
129379
129737
130796
130798
132282
132611
132726
133136
133479
133677
133868
133909
135406
136116
136276
136294
137187
137431
138053
138091
138176
138601
138916
139169
139707
140060
140210
140571
140747
140796
141003
141161
141411
141727
142289
144238
144316
144450
145028
145419
146134
147102
148683
149754
150938
151459
152913
153239
153398
153452
153570
153782
154232
154238
154735
155206
155458
155605
156536
156626
158408
159042
159347
159750
160789
161723
161958
162270
162856
163138
163920
164465
164634
165399
165690
165822
165903
167010
167241
167697
168906
169115
169664
172230
173688
173818
174063
174297
175039
175329
175596
175607
176451
176917
177602
178121
178552
178577
178626
179663
181539
181695
181779
181918
182287
182416
183506
183594
183615
183969
184372
184966
185270
185298
185451
186294
186853
187203
188059
188185
188299
188717
190867
191038
191236
191519
191791
192285
193268
193361
194471
194538
195354
195505
196544
196712
196898
199393
199955
200903
200929
201806
201825
202335
202480
202981
203306
203718
204445
205039
205749
206578
207074
207204
207522
209401
209670
209930
210508
210655
210816
211040
211190
212612
214478
214537
214808
215006
215125
215315
216458
217060
217677
217766
218018
218310
218777
218985
219339
220059
220914
221287
221778
222283
222406
223173
223573
223671
224393
225010
225337
225746
225955
226045
226936
227734
228165
228575
228596
229181
229588
229659
229702
229982
230706
230817
231427
232749
233084
233455
233931
234238
234846
235071
235527
235713
236586
236735
236958
237970
238058
238299
238530
238912
239754
239822
240107
241155
241534
242331
242488
243093
243484
244293
244901
246065
246487
246856
246898
248869
249251
250555
250613
251009
251501
251777
252024
252400
253406
253577
253827
254194
254440
254719
255769
256764
256991
257004
257035
259053
259445
260002
260013
260319
260494
260512
261264
261591
262291
262773
262909
263657
264245
264952
265638
265702
265723
265910
266321
266355
267637
267922
267989
267997
268421
268666
269609
269861
270003
270501
270741
270809
271028
271561
272032
272064
272636
272790
272839
274011
274016
275053
275227
275921
276055
276239
276248
276302
276811
276881
277339
278285
278672
278923
279661
279682
279699
279898
279904
280338
280708
280988
281171
281879
282123
282642
283300
283440
283501
283529
283901
283944
286043
286837
287118
287781
288680
289928
290426
290474
290792
292721
294341
294594
296768
296830
297948
299136
299614
299652
300235
300432
300626
300887
300922
301037
301583
302084
302112
302181
302267
303949
304952
305164
305481
305781
305958
305983
306581
307083
307434
307798
308625
308694
308721
309264
309405
310066
310226
311350
311476
312071
312933
313695
313709
313885
314118
314120
315691
316095
316491
317576
317676
318300
318322
318569
318995
319687
319752
319935
320945
321286
321499
321836
322282
322582
322686
322900
323095
323485
323548
324038
324365
324880
325135
327688
327956
328111
328406
328455
328830
329125
329167
329514
329757
330107
330288
332212
333016
333156
333214
333604
334368
335687
335761
336834
337161
337310
338389
339073
339242
339708
339911
339954
340193
340360
340495
341095
342162
344065
345678
346448
347212
347355
347456
347652
348383
349294
349305
349404
349492
349795
350236
350460
351755
351991
352391
354171
354307
355665
355882
356192
356201
356240
356304
356310
356373
356529
356819
356908
357348
358254
358453
358503
358843
358928
359914
360656
360668
360773
360790
361135
361738
362133
362415
362905
362972
363534
363625
363869
364107
364682
366434
366951
367385
367546
368030
368933
369055
369273
370572
370856
371246
372262
373620
374126
374345
375016
375423
376621
377466
377598
377672
378857
378954
379186
379728
380170
380885
380922
381017
381467
382323
383773
383789
384649
385225
386317
386399
386426
386450
387222
387308
387520
387608
387732
389073
389351
389693
389826
392099
392852
393346
393880
394445
394701
395074
395098
395133
395296
395521
396066
396705
396931
397512
397605
398056
398484
398496
399388
399689
400912
401392
401916
402011
402196
402739
404673
404735
405163
405840
406065
406363
406853
407526
407633
408608
408892
408927
409036
409341
409833
410215
410557
410801
410813
411050
411600
411622
411640
412260
412875
415445
415797
416012
416125
417103
417138
417172
417441
417614
417769
418279
419133
419478
419847
419880
420156
420343
420763
420768
420820
420958
421132
421248
421547
421999
422233
422871
422900
423721
423784
423922
424211
425064
425387
425701
426143
426327
426593
426795
428211
428841
428861
428987
429184
429326
429546
430366
430376
430474
431154
431231
431328
431747
432255
432450
432636
432947
433442
434114
434709
436666
437332
437390
437656
437923
438427
439351
439810
440800
441330
442670
442702
443980
444116
444132
444144
444324
444667
444735
444826
444963
445461
445674
446835
448332
448432
449050
449155
449224
449457
449474
449693
449828
450205
450708
450812
450884
451362
453566
453636
453742
455143
455304
455963
456227
456890
457574
458365
458532
459179
459474
459967
460216
461039
464288
465248
465725
466708
467280
467310
467364
468467
468684
468692
469647
469915
470059
471333
471966
472086
472455
472513
472524
474504
474515
475289
475367
475579
475950
475996
476265
477945
478450
478593
478823
479127
479161
480578
480778
480871
481867
481941
482474
482518
482857
483716
484427
484572
484619
484967
485347
485596
485705
485706
486137
486901
486995
487215
487407
487899
488280
488415
488455
488458
488620
488727
489064
489089
489829
489895
490267
490296
490547
492113
492503
492621
492704
492807
492864
493011
493014
493809
493858
494485
495279
495396
495412
495911
495954
497150
497357
498057
499034
499084
499395
499696
500200
501029
501045
502464
502522
502676
503716
503809
503857
504550
505388
505826
506151
506226
506255
506300
506736
507051
507137
507259
507921
508681
508925
509144
509213
509479
509621
509895
510186
510256
512163
512488
513318
513332
513684
513727
514169
514606
514756
515014
515446
516230
516869
517028
517403
518461
518611
518678
518743
520583
521156
521158
521841
521908
521993
525228
525596
525788
526130
526378
526397
526422
526428
526957
527234
527799
527973
528496
529435
529801
529827
530102
530188
530283
530837
531298
531386
531451
531823
531994
532356
533026
533227
533535
534251
535609
535793
536401
536418
536523
536757
536820
536853
537005
537058
537120
537606
537822
538058
538242
538257
538341
538558
538705
539886
540442
541527
541564
542195
542784
542975
543099
543250
543545
544870
545402
547057
547728
547878
548198
548226
548341
548515
548695
549431
549906
550203
551781
554135
554674
554914
555822
556187
556320
556375
556393
556627
557404
557847
557863
558130
558159
558245
559209
559744
559786
560235
560704
560800
560822
560902
561116
561483
561528
562300
562737
563094
563962
565834
565846
567039
567056
568019
568112
568619
568632
569150
570199
570537
571723
572495
572719
574697
574699
574723
574863
575164
576074
576365
576638
576695
577438
577569
577662
578019
578497
578910
579120
579842
579870
580620
580639
581568
582343
582353
582409
582906
583755
585171
585465
585624
585673
586140
586376
586636
587401
587639
589028
589067
590293
590855
591035
591136
591328
591337
591808
592379
593353
594037
594521
594656
595070
595181
595571
596154
596846
597144
597192
597262
598529
599226
599734
601640
601657
602047
602151
604231
604566
604713
604935
605318
605786
605807
606188
606221
607024
607921
611473
613115
613245
613368
613487
613675
614175
614534
616932
617506
617818
617829
618209
618287
618412
619039
619279
619613
620392
621203
622093
622836
623580
624001
624178
624368
624695
625271
626485
626742
626956
627319
627630
628312
629557
630284
630493
630567
630640
630902
631152
631462
631612
632061
632193
632540
633530
633654
634352
634368
634372
634757
636066
636371
637158
637305
637567
638993
639062
639317
639726
640187
640641
640988
641832
642669
643028
643334
643426
643590
643978
644789
645994
646895
646996
647421
647475
648787
648888
649332
649550
650020
650029
650056
650149
651756
652011
652079
653174
653350
653537
653750
653963
654201
654985
655117
655275
655840
656659
657183
657533
657879
658071
658663
658956
659278
659372
660106
660138
660250
660384
660531
660922
660937
661005
661055
663490
665069
665113
665946
666734
666937
667258
667366
667548
668990
669504
669722
669805
669891
669893
670751
671104
671565
671622
671929
672131
672390
672577
672618
673823
674280
675034
675087
675159
675419
676612
676858
676890
677192
677263
677972
678564
679087
679091
679390
680260
680890
681198
682501
682581
683296
683935
684100
684135
684715
684968
685385
685450
685709
686618
686716
687642
687861
688317
688928
689374
689409
689648
690803
691108
691235
691243
691447
691621
692268
693017
693137
693505
694156
694309
694428
694609
696277
696298
697345
697711
697990
698063
698097
698453
698963
699611
700160
700564
700759
701052
701065
701144
702143
702627
703110
703267
703359
703371
703530
703898
704990
705293
705336
705524
705876
706136
707134
707298
708051
708597
708806
709907
710079
710783
710996
711359
711642
711777
711928
712025
712306
712493
712527
712943
713062
713164
713215
713252
713323
715301
716191
716310
717385
717869
718106
718236
718581
719236
719943
721151
721484
721535
721713
723095
723171
723232
723852
724260
724367
724781
724899
725142
725681
726148
726457
727336
727708
728224
728417
728439
729003
729377
730162
730239
731103
731216
732246
732822
733176
733331
733576
733766
734489
734624
734728
735987
736019
736653
737291
737319
737877
737956
738422
739247
740239
740335
740595
740688
740740
742027
742384
742585
742787
742794
742888
743083
743262
743423
743546
744728
746301
746417
746494
746859
748270
748329
749012
749044
749158
749803
750527
752315
752970
753111
754136
754978
755858
755871
756220
756308
756757
756944
757098
757960
758644
758726
759159
760308
760528
761412
761678
761737
762588
762927
763422
764098
764369
765308
765807
765957
766033
766062
766304
767785
767816
768166
768717
768819
768997
769013
769326
769339
769555
769965
770063
770380
771649
771659
772226
772284
773090
774179
774591
774867
775509
776694
777441
777450
778208
778308
779352
779496
779670
779734
779835
780136
780703
781276
781497
781588
782310
782950
783109
783482
783569
783629
785359
785481
787582
787943
788751
789851
789933
792880
792967
793885
794911
795227
796336
796863
797086
797248
797396
798194
798634
798783
799183
800727
800870
800985
801623
801676
802426
802688
802994
803077
803362
803640
804411
805143
806258
807352
807376
807841
808026
808415
809054
809138
810109
811087
811097
811513
811752
812527
812811
812916
813116
813282
813947
814738
814792
814883
815381
815392
815791
815815
816167
816284
816439
816918
817011
817581
819143
821150
821386
821475
821944
822109
822242
822799
822904
822951
824252
825082
825628
826470
826853
827022
827027
827047
827067
827712
828898
829205
829361
829713
829992
830447
831201
831392
831638
832760
833651
833850
835308
835774
836778
837665
837887
838013
839430
839826
840172
841550
841798
841843
842864
844548
844561
845517
845607
845825
847370
848273
848972
849335
849421
849679
849761
849839
849878
850391
850762
851095
851195
851463
851977
852265
852608
853270
853939
854500
854916
855235
855317
855943
857083
857135
857376
858084
858596
859021
859475
861733
862038
862167
862355
862755
863431
863986
864104
864151
864171
864184
864247
864345
865309
866763
867153
867488
868511
868815
869455
870005
870919
871326
871578
871939
872231
872998
873165
873920
874040
874530
875060
875421
875669
876259
877120
877993
878051
879809
879839
880069
881247
883005
883033
883665
884174
884973
885023
885257
885901
886199
886245
886294
886410
886772
886915
887468
887528
888317
888999
889659
889878
891255
891801
892530
892630
892688
892762
892964
893204
893801
894092
894604
894674
895083
895234
895239
895402
895572
895977
896365
896656
897319
898067
899404
900028
900174
900225
900522
900701
901146
901318
901360
901439
901488
902255
902634
902781
903063
903852
904341
904949
905285
905906
907222
907458
907698
908232
909231
909529
909755
909920
910111
910573
910747
910988
911186
911402
911531
911597
911731
912354
912722
912826
912895
913857
914210
915526
916510
916586
916730
917456
917475
918381
919201
919258
919508
919953
920259
920508
920805
920903
921708
921944
922158
922363
923264
925042
926221
926615
926758
926806
927734
928189
928391
928548
928969
929050
930609
931845
931899
932593
932787
932961
932987
933267
933541
933685
933763
933850
935432
935466
935827
935989
936700
936766
937386
938750
939097
939225
939384
939426
939427
940872
942419
943010
943887
944167
944450
944488
944718
945190
945507
945583
945756
945922
946233
946392
946687
946998
947145
947239
947291
948013
948030
948353
948595
949220
949509
949519
949560
949878
950711
951366
952033
952396
952931
953249
953685
953759
954521
955061
955282
955425
955637
955798
955903
956050
956920
957048
957368
957415
958171
958219
958277
958292
958730
959021
959634
959688
959960
960013
960103
960151
961915
962022
962036
962305
962554
963184
963315
963736
963805
964204
964867
965514
967792
967873
968287
968460
968640
968665
968908
969380
971637
971726
971888
972772
973002
973375
973942
975502
975992
977375
978192
978513
978884
979231
979805
979822
979973
980141
980840
981226
981480
981528
981888
982203
982271
982292
982315
983277
984293
988243
988463
988694
988729
989341
989413
989900
989962
990627
991327
992542
993748
993844
994011
994020
994656
994786
995301
995305
995802
995852
995875
996009
996876
997208
998321
998465
999726
999838
1001109
1001803
1002376
1002469
1002535
1003535
1003545
1004608
1004771
1004898
1008807
1009329
1009590
1009647
1010174
1010508
1010676
1010956
1011227
1012220
1012277
1012364
1012426
1012434
1012447
1012467
1012844
1013880
1014082
1014299
1015326
1015935
1016281
1017639
1018041
1018829
1019180
1019452
1019613
1019626
1019781
1021467
1021690
1022032
1022054
1022114
1022171
1022381
1023613
1023736
1024167
1024414
1024428
1024673
1025283
1025373
1025715
1025902
1025954
1026525
1027492
1028520
1029385
1030896
1031092
1031364
1031542
1032263
1032306
1033307
1033979
1035292
1036043
1036785
1037194
1037548
1037621
1038184
1038266
1038338
1039072
1039201
1039217
1039729
1040418
1041429
1041902
1042183
1042279
1042415
1042729
1043199
1044059
1044226
1044718
1044797
1045221
1045240
1045395
1046442
1047624
1048068
1048639
1049042
1049432
1050462
1050709
1050710
1051820
1051888
1052046
1052475
1052717
1053526
1054109
1054161
1054793
1055081
1055151
1055246
1055255
1055860
1056407
1056629
1057044
1057826
1058312
1058789
1059176
1059676
1060258
1060625
1062684
1062864
1063458
1063639
1064115
1064301
1065372
1066062
1066514
1066752
1067969
1068531
1068978
1069108
1069334
1069490
1069538
1069570
1069798
1070007
1070714
1072206
1072507
1072588
1073572
1074018
1074327
1074699
1075517
1075575
1075967
1076513
1076536
1076635
1077018
1077974
1078104
1079024
1080312
1080553
1080936
1081173
1081709
1081811
1081975
1082702
1082871
1083677
1084891
1085139
1085456
1085763
1086019
1086947
1088304
1088875
1089417
1089542
1091694
1091980
1092153
1092472
1093252
1093867
1094130
1095621
1095787
1096268
1096297
1096376
1096479
1096872
1097398
1097620
1098082
1098254
1098446
1100063
1100140
1101704
1101756
1101954
1102079
1102262
1102646
1102809
1104366
1104717
1104853
1105509
1105774
1106679
1107350
1109789
1109852
1109981
1109999
1110233
1110434
1111150
1111314
1111410
1111458
1111566
1111805
1111847
1113883
1113938
1114153
1114425
1114620
1114823
1115896
1116069
1116129
1116844
1117737
1118325
1118773
1118827
1120906
1121219
1121462
1121477
1121565
1121838
1121957
1122021
1122533
1123564
1124474
1125667
1125739
1125749
1126081
1126114
1126178
1126519
1127079
1127110
1127412
1127890
1128335
1128355
1129062
1129123
1129338
1129356
1129518
1129986
1131193
1132049
1132211
1132506
1132830
1132964
1133027
1133154
1133599
1133962
1133966
1134439
1134585
1134781
1136224
1136314
1137852
1137923
1137984
1138025
1138541
1138892
1139326
1139767
1139803
1139810
1139889
1140022
1140336
1140437
1140528
1140833
1141021
1141092
1141993
1142271
1142294
1142416
1142647
1143432
1143492
1143747
1143906
1144546
1146503
1146782
1146859
1147020
1147939
1149115
1149971
1152693
1153692
1154193
1154503
1154803
1154934
1154957
1155016
1156388
1157774
1158181
1159079
1159158
1159366
1159459
1159493
1159710
1159848
1160282
1161397
1161470
1162040
1162463
1162466
1162597
1163555
1163559
1164117
1164274
1164309
1164641
1164720
1164985
1165323
1165604
1165796
1165881
1166738
1166961
1167241
1167835
1168032
1168080
1169087
1169232
1169336
1170080
1170817
1171032
1171311
1171385
1171885
1172411
1172898
1173320
1173994
1174470
1174479
1175376
1175382
1175689
1175702
1175974
1176317
1176384
1177220
1177319
1177877
1177986
1178482
1178856
1178980
1179275
1179472
1179488
1180671
1181139
1182129
1182289
1182618
1182868
1183243
1183349
1183460
1183922
1184286
1185103
1185118
1185701
1186374
1186824
1187140
1187164
1187321
1187752
1187782
1187908
1189895
1189978
1191121
1191493
1191721
1191767
1192104
1192733
1193157
1193605
1194547
1194567
1194618
1194944
1195311
1195374
1195579
1195586
1196225
1196530
1196594
1197163
1198081
1198190
1199374
1200252
1200412
1200787
1201049
1201218
1201575
1202051
1202784
1202791
1203372
1203984
1204080
1204537
1204562
1205101
1205217
1205261
1205617
1206453
1206834
1208018
1208046
1208386
1208474
1208572
1208584
1209151
1209306
1209332
1209389
1209425
1209993
1210297
1210414
1210430
1210983
1211725
1213267
1213913
1213937
1213976
1215444
1215738
1216042
1216692
1216928
1216961
1217367
1218233
1218497
1218869
1219223
1221014
1221364
1221440
1222300
1222688
1223665
1223868
1223889
1223923
1224003
1224039
1224315
1224413
1224743
1224907
1225153
1226347
1226420
1226540
1226588
1226589
1226782
1226789
1227460
1227705
1228006
1228115
1230564
1230638
1230738
1232851
1233017
1233253
1234414
1235519
1235789
1236519
1236641
1237049
1237211
1237747
1237979
1238020
1238413
1238463
1238795
1239176
1239832
1240164
1240604
1241890
1241899
1241924
1242919
1242974
1243369
1243916
1244730
1244941
1245407
1245424
1245658
1246686
1246781
1247476
1247602
1248175
1248260
1249717
1249775
1250094
1252296
1253083
1253749
1253999
1254137
1254374
1254533
1255023
1255280
1255536
1255777
1256189
1256285
1257011
1257081
1257162
1257434
1257455
1257657
1258099
1258164
1258205
1259392
1259454
1259480
1259721
1259766
1259772
1260126
1260253
1260387
1260541
1261319
1261551
1261635
1261705
1261723
1262562
1262571
1263273
1263329
1263334
1263367
1264260
1264839
1265549
1265956
1266078
1266597
1267494
1267829
1268015
1268122
1269230
1270444
1271246
1271358
1271423
1271614
1271622
1271847
1271896
1273250
1273839
1274473
1274579
1275776
1276215
1276319
1276324
1277751
1278623
1279119
1279297
1279531
1279779
1280462
1281061
1281401
1281643
1281949
1282335
1282584
1282612
1282993
1285149
1285301
1285321
1285502
1285637
1285658
1286325
1286907
1287838
1287897
1288475
1288502
1288533
1289773
1289943
1291273
1291753
1292064
1292278
1292732
1293524
1293683
1293998
1295571
1295695
1296360
1296373
1296440
1296454
1296758
1297203
1297534
1298020
1298162
1298275
1298449
1298583
1299667
1300320
1300465
1301706
1302012
1302061
1302299
1303928
1303958
1304333
1304577
1304649
1304752
1305308
1305951
1306716
1306754
1308531
1308661
1308753
1309086
1309656
1310190
1310520
1310651
1310925
1310957
1311801
1311878
1311991
1312298
1313041
1313360
1313746
1313966
1314227
1314421
1314464
1314657
1316179
1316820
1317213
1317756
1318263
1318303
1318816
1320066
1320133
1320543
1320707
1320999
1322069
1322197
1322369
1322974
1324117
1324164
1324367
1324573
1324742
1324773
1324921
1325141
1325466
1325659
1326351
1326629
1327410
1329777
1330526
1330563
1330597
1330968
1331188
1332142
1332297
1332619
1332653
1332743
1333720
1335139
1335620
1335847
1335849
1335933
1336059
1336235
1336316
1336848
1337281
1337335
1338418
1339291
1339322
1339593
1339705
1339822
1340023
1340409
1340659
1340867
1340956
1341309
1341525
1341640
1341869
1342277
1342404
1342602
1342816
1343480
1343669
1344020
1344474
1345091
1345140
1345152
1345499
1345627
1345687
1346218
1347325
1347351
1348649
1348819
1350293
1350950
1351502
1352625
1352860
1353275
1354806
1355869
1356059
1356242
1360486
1361010
1361114
1361421
1361527
1361674
1361767
1361904
1363923
1363952
1364163
1365396
1365516
1365568
1365885
1366308
1368493
1368849
1369539
1369649
1370340
1370723
1370926
1371414
1371590
1375385
1375564
1377594
1378006
1378480
1378633
1379152
1379164
1379767
1379856
1380148
1380477
1380677
1380831
1381034
1381195
1381198
1381957
1382881
1383302
1383419
1383795
1384029
1384202
1384405
1385446
1385544
1386027
1386243
1386276
1386311
1386376
1388081
1388325
1388339
1389266
1390080
1390161
1390914
1391690
1391802
1392103
1392212
1395509
1395622
1395674
1396283
1396634
1396971
1396974
1397223
1397877
1398011
1398285
1399855
1399986
1400113
1400512
1401287
1401321
1401779
1402006
1402299
1402550
1402624
1402637
1402684
1402796
1402856
1402890
1403781
1404159
1404300
1405031
1405099
1405198
1405759
1407565
1408585
1408732
1409363
1409609
1409902
1410455
1410797
1411312
1411600
1411617
1412839
1413261
1413423
1413449
1413452
1413729
1415584
1416160
1417355
1417776
1418427
1418972
1419058
1419669
1420270
1420403
1421472
1421950
1422168
1422315
1422326
1422479
1423246
1423431
1423537
1424723
1424750
1424897
1425006
1425024
1425033
1425708
1427056
1427924
1428566
1430474
1430675
1431151
1431493
1431509
1431511
1431934
1431977
1432027
1433923
1434213
1434784
1436052
1436130
1436931
1437043
1437148
1437327
1437475
1438269
1438629
1438870
1439093
1439105
1439111
1439146
1439247
1439318
1439349
1439589
1440288
1441128
1441451
1442056
1442121
1442627
1442767
1442941
1443314
1443677
1443965
1444030
1444041
1445157
1445400
1445598
1446488
1447044
1447138
1448629
1448871
1448940
1448995
1449330
1449543
1450105
1450113
1450376
1450413
1450539
1450974
1451205
1451292
1451451
1452720
1452892
1453585
1453808
1454066
1454095
1454563
1454667
1454670
1455148
1456026
1456325
1456359
1456474
1456615
1456617
1456692
1458051
1458099
1458866
1458877
1459118
1460460
1460725
1460839
1461601
1461966
1462089
1462190
1462379
1462411
1462468
1463516
1463598
1463655
1464239
1464336
1464811
1465816
1466331
1467251
1468128
1468283
1468319
1468873
1468952
1469010
1469152
1469356
1470457
1470688
1471043
1471305
1472420
1473252
1474131
1474514
1474686
1474964
1475933
1476078
1476212
1476555
1476713
1477903
1478746
1478909
1479790
1479846
1480823
1481060
1481405
1481609
1481835
1482168
1482461
1482593
1482702
1483692
1483859
1483953
1484460
1485518
1486083
1486176
1487495
1487799
1487897
1488346
1488502
1489270
1489543
1490159
1490298
1491492
1491903
1492017
1492336
1492559
1493104
1493218
1494661
1494861
1495009
1495327
1495331
1495959
1496151
1496253
1496483
1496714
1497203
1497805
1498822
1498939
1499005
1499515
1499910
1499912
1500531
1500797
1501267
1501587
1503077
1503499
1503845
1504681
1505383
1505623
1506057
1506320
1507300
1507964
1508169
1508727
1509077
1509817
1511386
1511409
1511530
1511812
1512337
1512920
1513907
1514356
1514538
1514622
1516086
1516247
1516329
1516407
1517227
1517239
1517388
1517722
1517837
1518167
1518189
1518272
1518399
1518547
1518830
1519305
1519370
1519635
1519747
1520559
1521121
1521356
1522090
1522497
1523102
1523360
1524701
1525323
1525488
1525945
1526186
1526472
1526703
1527345
1527633
1527823
1529339
1529433
1529441
1529894
1529935
1530022
1531664
1531831
1531938
1532078
1533457
1533591
1534616
1534639
1535015
1535476
1535729
1535969
1536428
1536523
1537314
1537489
1537548
1537632
1537899
1538460
1539128
1539394
1539399
1540455
1540462
1540811
1540988
1541002
1541417
1541785
1541855
1542053
1543129
1543645
1543911
1544038
1544040
1544344
1544845
1545923
1546217
1546399
1547237
1547376
1547468
1547655
1547716
1547727
1547935
1548098
1548106
1548183
1548345
1549273
1549470
1550405
1550676
1551541
1551598
1551767
1552123
1553243
1553246
1554588
1554971
1555230
1556593
1556673
1558026
1558393
1558566
1558792
1559146
1561624
1561828
1562003
1562052
1562104
1562164
1562325
1562331
1562853
1563469
1563500
1563905
1564010
1564075
1565979
1566110
1566711
1567305
1567980
1568266
1569182
1569265
1569438
1570065
1571346
1571817
1573868
1574008
1574194
1574521
1574539
1574944
1574981
1575867
1576055
1576314
1577068
1578431
1578530
1578898
1579137
1579176
1581029
1581101
1581282
1582436
1582885
1583243
1583431
1583926
1584126
1584285
1584662
1584881
1585422
1585677
1585769
1586084
1586465
1587086
1587617
1587971
1588097
1588395
1588519
1588910
1589191
1589224
1591166
1591661
1592571
1592573
1592613
1592647
1592659
1593787
1593817
1595531
1596342
1596449
1596463
1596774
1596775
1596866
1596935
1596953
1598120
1598559
1599844
1601619
1602030
1602192
1602495
1602802
1602988
1603285
1603290
1603692
1603713
1604084
1604127
1604415
1604664
1605592
1605623
1605929
1606210
1606402
1606529
1606792
1607620
1608350
1608844
1609395
1611220
1611961
1612525
1612707
1612745
1612892
1613111
1613115
1613168
1613335
1613773
1614395
1614523
1615217
1615234
1615487
1615753
1616698
1617140
1617301
1617583
1617985
1618405
1618705
1618793
1620085
1620129
1620362
1621169
1621248
1621399
1622241
1622822
1622971
1623605
1623794
1624443
1624795
1626254
1627191
1627255
1627270
1627804
1628075
1628563
1629776
1629908
1630252
1630759
1631016
1632006
1633202
1633481
1634535
1635049
1635932
1636362
1636979
1636984
1637146
1637838
1637843
1638650
1639015
1639126
1640030
1640650
1641054
1641613
1641745
1642206
1642420
1643026
1643222
1643641
1644615
1645034
1645392
1645910
1646075
1646862
1647441
1648388
1648458
1648849
1648922
1650659
1650765
1650839
1651309
1651338
1651672
1652475
1652546
1652757
1653128
1653877
1654093
1655979
1656690
1656827
1656877
1657938
1659336
1659530
1661197
1662264
1662516
1662775
1662787
1662931
1663621
1665181
1665645
1665802
1665971
1667101
1667378
1667646
1667964
1668019
1668527
1668605
1669653
1670864
1671205
1671383
1671522
1671614
1671879
1671924
1672249
1672305
1672389
1672560
1672992
1673417
1673571
1673818
1674307
1675891
1675997
1676085
1676098
1676110
1676545
1677874
1678411
1678573
1678640
1679182
1679317
1679331
1682154
1682396
1682521
1682969
1683088
1683089
1683242
1683393
1684131
1684521
1684786
1685705
1686024
1686064
1686413
1686524
1687562
1688804
1689528
1689659
1690702
1691133
1691605
1691705
1692861
1693092
1693349
1693821
1694219
1694351
1694889
1694933
1694984
1695010
1695393
1695405
1695540
1695596
1696683
1696959
1697033
1697534
1698325
1698353
1698356
1698426
1699032
1699253
1699751
1700353
1700685
1702267
1702761
1703103
1703611
1703708
1703748
1703806
1704370
1704586
1704725
1704790
1704980
1705248
1706132
1706719
1706806
1707409
1707803
1708147
1708374
1708795
1708874
1708893
1708939
1708959
1709467
1709620
1709788
1710158
1710212
1710365
1710647
1711081
1711498
1711645
1712322
1712328
1712829
1713651
1714104
1714353
1714471
1714911
1715157
1715480
1715970
1716069
1716117
1716267
1716584
1717278
1717599
1717632
1719187
1720039
1720064
1720116
1720580
1720628
1720810
1720936
1721273
1721561
1721564
1722956
1723494
1724843
1724891
1724992
1725496
1726790
1726959
1727108
1727678
1728397
1728735
1730259
1730899
1731011
1731015
1731546
1731605
1731821
1732377
1732564
1732569
1732739
1732806
1733370
1733609
1734085
1734462
1734570
1735689
1736329
1736662
1737277
1737811
1737817
1738133
1738429
1738706
1738707
1739222
1739633
1739884
1740866
1741796
1741888
1742031
1742036
1742038
1742214
1742429
1742492
1742655
1742874
1743630
1743839
1745058
1745113
1745307
1745542
1746467
1746902
1747149
1747317
1747438
1748307
1748719
1748772
1748836
1749117
1749393
1749459
1749895
1750016
1750345
1751170
1751698
1752344
1752401
1752733
1752826
1753224
1753228
1753882
1754001
1754048
1754382
1754830
1754874
1755542
1755717
1755880
1755889
1755987
1756536
1756571
1756695
1758215
1758797
1758889
1759418
1759867
1760313
1760517
1761131
1761164
1761776
1762318
1762714
1763325
1763878
1763879
1764124
1764418
1764523
1764553
1764611
1764717
1764963
1764978
1765236
1765500
1766145
1766933
1767882
1768708
1768771
1769362
1769422
1769429
1770442
1770679
1771842
1772410
1772655
1773595
1774029
1774238
1774283
1774600
1774981
1775939
1777111
1777118
1777559
1777880
1778215
1778232
1778532
1779883
1780225
1782034
1782126
1782195
1782623
1782729
1782846
1783197
1783285
1783687
1784388
1784422
1785818
1786123
1786472
1786557
1786714
1787376
1787682
1788020
1788850
1789299
1789315
1790203
1790684
1790957
1790991
1791273
1791307
1791554
1791636
1791943
1792356
1792920
1792997
1794416
1794480
1795645
1796058
1796302
1796493
1797063
1797928
1797952
1798206
1798418
1798995
1799264
1800702
1801308
1801397
1801832
1801943
1802500
1802970
1803585
1803653
1803726
1803782
1804147
1804164
1804588
1805032
1805253
1805436
1805445
1805863
1806249
1806667
1806690
1807399
1808198
1808305
1808548
1810117
1811164
1811645
1812140
1812343
1812366
1812621
1812811
1813052
1814143
1814277
1814519
1814619
1816044
1816119
1816863
1817489
1817566
1817655
1818279
1818527
1819149
1819208
1819873
1820045
1820403
1821751
1822384
1823199
1823245
1823933
1824472
1824602
1824929
1825054
1825365
1825700
1826088
1826239
1826771
1827284
1827381
1827677
1828126
1828145
1828180
1828498
1828518
1829490
1829605
1829980
1830064
1830542
1830980
1831376
1831891
1831989
1832845
1832929
1833199
1833784
1833942
1834735
1835157
1835497
1836048
1836084
1836229
1836643
1836761
1837542
1837990
1837991
1838705
1838724
1839393
1839459
1839600
1839685
1840789
1841893
1841951
1841981
1842235
1842653
1842865
1845190
1845336
1845414
1845420
1845424
1846550
1847863
1848353
1849085
1849113
1850038
1851549
1852231
1852476
1853249
1853264
1854534
1854958
1855057
1855652
1855677
1856176
1857445
1857729
1858784
1858982
1859885
1860082
1861161
1861567
1861654
1862210
1862409
1862563
1863073
1863305
1863470
1864035
1864979
1864999
1865427
1865691
1865740
1865883
1866251
1866626
1866934
1867035
1869030
1870581
1870835
1871846
1872015
1872616
1872892
1873614
1873744
1874462
1875278
1875789
1875899
1878111
1879267
1879613
1880824
1881394
1881578
1882017
1882222
1882266
1882388
1882531
1884213
1885744
1885783
1886110
1886315
1886387
1887053
1887682
1887711
1887766
1887792
1889734
1890018
1890151
1891551
1892058
1892830
1892935
1893228
1893569
1893700
1894087
1894371
1895302
1895930
1895998
1896261
1896955
1897330
1897538
1898217
1898819
1899252
1899275
1901790
1902117
1902227
1903361
1903399
1903491
1903611
1903612
1904447
1905127
1905292
1906728
1907599
1907802
1908083
1908756
1909106
1909480
1909490
1909541
1910204
1910560
1911253
1911816
1911849
1912317
1912902
1913424
1913753
1913846
1914734
1914817
1915370
1915757
1916136
1916195
1916502
1917547
1918584
1919029
1919877
1920397
1921325
1921492
1922245
1922565
1922611
1922677
1922895
1922917
1923998
1924549
1924743
1925616
1926328
1926382
1926962
1928540
1928592
1928623
1928912
1929088
1929183
1929517
1930097
1930502
1930561
1930713
1931390
1932233
1932284
1932489
1934753
1934843
1935115
1936068
1936600
1936892
1937149
1937304
1937566
1937987
1938494
1938806
1939064
1939082
1939084
1939497
1939582
1939944
1940239
1940447
1940711
1940985
1941518
1941619
1942538
1942708
1942783
1942900
1942907
1943248
1943732
1944023
1944414
1944643
1944765
1945007
1945422
1945752
1945763
1945766
1946411
1947070
1947246
1948277
1948615
1949159
1949799
1949983
1950052
1951536
1951621
1951678
1951870
1952535
1953167
1953283
1953477
1953823
1954646
1955010
1955067
1955725
1955763
1955775
1956101
1956420
1957006
1957246
1957392
1957719
1957742
1958496
1958759
1959138
1959490
1959978
1960089
1960737
1960908
1960941
1961150
1961597
1961698
1961847
1962377
1963824
1963844
1963962
1964316
1964923
1965048
1965073
1965161
1965725
1966073
1966115
1966483
1967701
1967910
1970022
1970177
1970513
1970524
1971247
1972446
1972462
1973550
1974273
1975289
1975393
1975689
1975836
1976229
1976401
1976445
1976492
1976604
1977101
1977216
1978069
1978228
1979293
1979989
1980201
1980243
1981385
1981388
1981738
1982042
1982218
1983147
1984952
1985047
1985831
1986398
1986618
1986619
1986741
1987432
1987607
1987661
1988397
1988498
1989287
1989700
1989796
1990298
1990461
1990565
1993159
1993626
1993766
1993768
1994523
1994732
1995239
1995312
1995860
1996316
1997298
1997951
1998283
1998632
1999042
1999592
1999660
1999705
2000416
2000501
2001129
2002156
2002316
2002480
2004706
2005234
2005537
2005716
2006209
2006258
2006573
2006813
2008918
2009268
2009375
2009879
2010061
2010668
2010998
2011009
2011079
2011349
2012283
2013283
2013359
2014945
2015110
2016069
2016490
2017360
2017480
2019065
2020356
2020586
2020942
2021124
2021334
2022322
2022528
2022664
2022748
2022902
2022992
2024179
2024190
2024317
2024549
2025225
2025342
2025450
2025480
2025551
2026078
2026478
2026926
2026938
2027753
2028630
2028727
2029561
2029661
2029738
2029774
2029881
2029994
2030410
2030466
2030578
2030600
2030860
2031463
2032316
2032458
2033299
2034403
2034808
2035421
2036553
2036883
2036941
2037214
2038337
2038503
2039690
2039917
2040422
2040705
2040758
2041226
2041670
2041868
2042299
2043262
2043815
2044007
2044110
2044258
2044317
2044604
2044951
2044990
2045855
2046044
2046394
2046570
2046653
2046815
2047376
2047667
2047750
2048283
2048500
2049289
2049508
2049622
2050024
2050328
2050986
2051347
2051588
2051946
2052456
2053201
2053462
2053943
2054530
2055496
2056198
2056279
2056306
2056740
2057150
2057962
2057970
2057997
2058578
2058729
2059270
2059493
2060944
2061084
2061840
2061915
2062140
2062439
2063254
2063436
2063526
2063597
2063662
2063809
2064170
2064502
2064847
2065259
2065421
2066248
2067550
2067781
2067930
2068132
2069528
2069588
2069638
2069650
2070305
2070708
2071542
2071637
2071789
2072227
2073110
2073714
2073782
2074053
2074488
2074836
2075462
2076263
2076410
2076851
2076943
2077650
2077688
2077783
2077890
2077957
2078104
2078629
2078772
2078924
2078942
2079269
2079332
2080033
2081441
2082371
2083254
2083476
2083622
2083902
2083973
2084999
2085343
2087699
2088140
2088669
2089631
2089852
2090060
2090075
2090090
2090341
2090517
2090736
2090759
2092150
2093140
2093142
2093151
2093391
2093840
2094031
2094438
2096263
2096705
2097052
2097190
2098412
2098556
2098892
2099168
2100156
2100948
2101487
2101603
2101768
2101974
2103244
2103481
2103695
2103757
2104648
2104674
2104939
2105353
2106036
2106401
2106648
2106812
2108662
2108737
2110428
2110627
2110706
2111016
2111162
2112026
2112587
2113367
2113504
2113851
2115044
2115931
2116637
2117277
2117389
2117477
2118173
2119487
2120103
2120345
2120954
2121155
2121384
2121597
2121703
2122211
2123017
2123727
2125097
2126027
2127034
2127134
2127575
2127925
2129265
2129493
2129705
2130448
2130855
2130974
2132016
2132926
2132988
2133178
2133396
2133996
2134097
2134242
2135722
2136031
2136394
2136619
2137578
2137732
2137909
2138541
2139253
2139957
2140192
2141350
2142054
2142897
2142982
2143275
2144391
2145309
2146673
2147107
2147605
2148388
2149229
2149493
2149523
2150064
2150303
2150412
2150520
2150643
2151412
2151900
2151936
2152501
2152748
2153369
2153638
2153876
2153889
2154370
2155016
2155057
2155374
2155676
2155728
2156733
2157319
2157323
2157497
2157943
2158869
2159105
2159629
2159973
2160184
2160614
2160727
2161049
2161105
2161107
2161512
2161825
2162072
2162687
2163443
2163566
2163975
2164358
2164697
2164884
2165524
2165560
2165596
2165962
2166202
2166524
2167340
2167399
2167803
2168858
2169803
2169910
2169913
2169979
2170971
2171304
2171960
2172282
2172837
2173393
2173455
2174676
2174691
2174775
2175469
2175605
2175765
2175897
2176032
2176232
2176242
2176381
2176581
2176842
2177475
2177476
2177701
2177964
2178331
2178930
2179451
2179622
2180184
2180528
2180539
2180842
2183254
2184263
2185129
2185156
2185740
2186571
2187262
2187272
2188640
2188863
2189006
2189842
2189997
2190007
2190208
2190310
2190762
2191579
2191840
2192060
2192396
2192589
2192862
2194646
2195049
2196252
2196615
2196836
2196986
2197044
2197882
2198130
2199589
2200360
2200629
2200959
2201024
2201548
2201882
2202051
2203137
2203185
2203477
2203836
2204625
2204655
2204935
2205532
2205546
2205818
2206137
2206775
2207588
2208019
2208169
2208472
2209317
2209928
2210082
2211149
2211779
2211972
2212183
2212842
2212988
2213231
2213290
2213360
2213415
2213680
2214258
2214709
2214956
2215032
2215035
2215056
2215888
2216636
2216640
2218689
2218912
2219109
2219149
2220352
2220769
2220940
2221898
2222241
2222252
2222876
2223596
2223780
2224165
2224271
2224562
2224651
2225117
2225308
2225373
2225463
2225890
2226411
2226736
2227032
2227256
2227313
2227326
2227579
2227989
2228304
2228314
2228474
2228990
2229106
2230092
2230234
2231476
2231618
2232628
2232649
2233775
2233957
2234014
2234046
2234180
2234731
2234733
2234819
2234972
2235500
2237604
2237816
2238303
2238449
2238592
2240735
2241561
2241578
2241591
2242509
2243394
2243704
2244541
2245164
2245392
2245441
2245791
2246166
2246710
2247578
2247794
2248677
2249083
2250338
2251134
2251249
2251323
2251583
2252420
2252605
2253080
2253293
2253851
2254270
2254528
2254884
2256071
2256601
2256666
2256929
2257552
2258087
2258119
2258254
2258395
2258684
2258982
2259491
2259508
2260280
2260304
2261797
2262482
2262602
2263010
2263103
2263605
2265080
2265306
2265453
2265769
2266474
2266697
2266779
2266817
2267446
2267915
2268639
2268723
2269631
2269794
2271875
2272310
2272740
2272768
2272942
2272946
2273029
2273162
2273646
2274655
2275002
2275605
2276898
2277186
2277216
2277437
2278182
2278604
2279061
2280898
2281108
2281123
2281343
2281630
2282247
2282286
2282367
2282560
2282745
2283084
2284029
2284216
2284672
2284830
2285368
2285431
2285478
2285748
2286260
2286622
2287190
2287898
2287943
2288112
2288266
2288421
2288601
2289798
2290533
2290668
2290819
2291047
2291359
2291440
2291470
2291790
2292144
2292170
2292394
2292946
2293667
2293744
2294180
2294730
2295055
2295209
2295655
2296100
2296180
2296319
2296912
2298085
2298400
2298464
2298676
2298915
2299113
2299763
2299831
2300116
2300390
2300639
2300853
2300911
2300925
2301644
2301754
2302676
2304426
2304791
2304860
2305806
2306033
2307239
2307475
2308007
2308504
2308519
2308629
2309254
2310706
2311433
2311473
2311641
2311980
2312616
2313025
2313200
2313545
2313768
2314200
2314867
2315349
2316456
2316697
2317111
2317129
2317237
2317870
2318901
2319434
2319574
2319622
2320113
2320198
2320284
2320314
2321081
2321566
2321927
2322131
2322723
2323320
2323479
2323739
2323918
2323947
2324236
2324936
2325308
2325575
2326690
2327239
2327241
2327493
2327634
2327820
2327863
2328144
2328400
2329400
2330035
2331370
2331564
2333650
2335075
2335772
2336364
2336563
2337228
2337849
2338486
2339986
2340999
2341095
2341119
2342952
2343324
2343870
2344598
2345018
2345056
2346231
2347381
2348132
2348647
2349470
2349509
2349837
2350821
2350840
2350859
2351352
2351784
2351978
2352436
2352678
2352829
2353180
2353861
2354050
2354094
2354152
2354162
2354979
2355664
2356015
2356193
2356211
2356307
2356982
2357268
2357368
2357521
2357672
2357692
2358205
2358480
2359871
2360399
2361159
2361237
2361354
2361556
2361714
2362212
2362930
2363188
2364781
2366218
2367457
2367717
2367904
2368107
2370383
2370803
2371237
2372572
2372684
2374722
2375043
2375174
2376348
2376501
2376768
2376835
2377120
2377516
2377532
2378998
2379322
2379323
2379440
2379826
2380226
2381005
2381937
2381952
2381958
2381978
2382249
2382811
2382957
2383424
2383451
2384486
2384911
2385236
2386200
2386231
2387614
2389221
2389457
2389806
2390001
2390024
2390721
2391758
2391812
2392407
2392724
2393229
2394065
2394212
2395853
2396297
2397582
2397882
2398412
2398784
2398850
2399626
2400104
2400175
2400679
2401893
2403123
2403313
2403541
2403583
2404061
2404538
2405120
2405499
2405667
2406774
2406925
2407359
2407590
2407936
2408044
2408629
2408855
2409996
2411097
2411129
2411267
2411603
2411800
2412487
2413705
2413905
2415508
2417472
2418108
2418192
2418282
2418801
2419015
2419487
2419669
2419852
2420073
2420497
2420865
2422085
2422222
2422602
2422668
2423117
2423520
2423780
2424981
2425106
2425552
2425887
2427083
2427327
2428166
2428534
2428932
2429020
2429133
2429974
2430184
2430195
2430263
2430691
2430798
2432103
2433119
2433672
2434087
2434417
2435394
2435590
2435672
2437106
2437579
2437813
2438529
2438809
2438862
2439655
2441230
2441487
2441935
2443865
2444352
2445480
2445788
2446165
2446767
2447378
2447650
2447689
2448539
2449261
2449469
2449714
2450160
2450437
2450591
2452350
2453837
2453859
2454240
2454768
2455449
2456117
2456371
2457003
2457026
2457625
2458195
2458305
2458882
2459629
2459645
2460328
2460438
2461042
2461374
2462005
2462353
2462627
2463498
2463675
2463775
2463840
2465052
2465143
2465670
2466423
2466541
2466759
2466910
2467688
2468081
2468928
2469026
2469523
2470379
2470471
2472084
2472122
2472704
2473198
2473243
2473738
2473802
2474447
2474473
2474532
2474589
2474811
2474825
2475070
2475164
2475254
2476032
2476112
2476263
2477511
2477955
2478013
2479469
2479883
2479921
2479985
2480612
2480723
2480729
2480748
2481246
2481448
2482333
2482968
2483177
2483539
2483583
2483779
2483798
2483930
2484434
2484702
2485285
2485574
2485741
2485806
2486206
2486443
2486871
2487602
2488333
2488657
2489063
2489144
2489365
2490729
2490775
2490977
2491140
2491239
2491363
2491956
2492308
2492494
2493066
2493588
2493634
2494170
2495073
2495246
2495622
2495963
2496548
2496706
2497500
2499104
2500261
2500426
2500918
2501029
2501503
2501585
2501744
2502696
2503175
2504139
2504717
2504939
2505052
2505266
2505384
2506374
2506987
2507423
2507512
2507905
2508300
2508839
2510385
2510448
2510772
2511124
2511234
2511276
2511366
2511692
2511792
2511814
2511983
2512458
2512581
2512934
2513605
2514330
2514585
2515030
2516578
2516685
2516919
2517598
2517740
2518633
2519124
2519604
2520071
2520229
2520384
2520763
2521168
2521848
2522016
2522617
2522928
2522972
2523901
2525956
2526057
2526799
2527092
2528160
2528334
2529372
2529429
2529847
2530137
2530376
2530420
2531081
2531167
2531170
2531607
2531768
2531815
2532303
2532355
2533076
2533451
2533940
2534069
2534591
2534615
2535280
2535396
2535783
2536760
2536859
2536919
2536976
2536979
2537936
2538163
2538819
2538845
2539495
2541458
2541519
2542304
2542961
2543033
2544564
2544654
2545034
2546283
2547449
2547630
2550006
2550069
2550114
2550998
2551459
2551932
2552083
2552615
2552661
2552674
2552697
2553109
2553252
2553616
2554169
2554596
2554948
2555083
2555124
2555163
2556112
2556510
2557056
2557220
2557273
2557678
2557735
2558421
2558588
2558704
2559175
2559178
2559190
2559863
2559925
2559966
2560116
2560260
2561568
2561810
2562025
2562906
2563126
2563307
2563772
2563791
2564539
2564635
2564845
2565252
2565762
2565885
2565993
2566026
2567993
2568495
2568891
2568927
2569822
2569850
2570156
2570166
2570692
2571311
2571408
2572167
2572177
2572178
2572421
2572551
2572681
2573966
2574745
2575612
2575632
2575824
2576119
2576329
2577103
2579385
2579821
2580420
2580830
2581788
2581975
2582029
2582217
2583628
2584111
2584192
2584243
2584245
2584596
2584891
2585220
2585487
2585533
2585957
2587155
2587363
2587918
2589115
2589399
2589971
2590238
2590740
2590841
2591175
2591260
2591319
2591565
2591807
2591815
2592182
2592437
2592824
2592879
2593075
2593122
2593296
2593641
2594501
2595392
2595736
2596552
2598117
2598664
2599001
2599208
2599560
2600717
2601167
2601580
2603194
2603606
2603745
2604517
2604712
2604964
2606015
2606090
2606110
2606397
2606568
2606847
2607261
2607946
2608225
2608382
2609081
2610663
2610830
2611004
2611370
2611518
2613679
2614588
2614656
2615362
2615562
2616804
2617131
2617206
2617612
2617764
2619020
2619102
2619113
2619228
2619284
2619685
2619815
2619876
2619919
2620468
2620648
2620911
2621056
2621197
2621262
2621282
2622225
2622322
2623049
2623091
2623823
2624497
2624665
2625439
2625641
2626083
2627112
2627218
2627310
2627522
2627879
2627894
2628153
2628275
2629086
2629572
2630064
2630195
2630841
2631590
2632685
2633607
2633644
2634711
2634821
2634957
2635214
2635640
2636217
2636578
2636816
2637114
2637435
2637483
2637987
2638371
2638769
2638857
2638860
2639447
2639968
2640137
2640447
2640821
2640900
2641001
2641510
2641619
2642070
2642495
2643210
2643646
2643872
2644326
2644919
2645534
2645606
2645822
2646777
2648736
2648789
2648891
2650569
2651684
2651826
2651858
2652116
2652505
2652719
2652734
2653209
2653657
2655014
2655119
2655399
2655890
2655916
2656315
2656744
2656907
2657195
2657327
2657502
2657715
2657770
2657963
2658100
2658397
2658622
2659004
2660200
2660711
2660869
2660937
2661146
2661368
2661575
2661577
2662087
2662364
2662751
2662757
2662768
2663622
2663832
2664027
2664142
2664258
2664305
2665214
2665250
2665420
2665991
2666710
2667141
2667485
2667625
2667856
2668974
2669027
2669034
2669141
2669252
2670143
2670381
2671021
2671565
2672469
2673149
2673186
2673460
2673873
2674356
2675023
2675171
2675336
2675368
2675563
2677101
2677124
2677158
2677552
2677747
2678082
2678598
2679059
2679316
2681298
2681421
2681753
2682656
2682845
2682899
2683161
2684631
2684778
2685862
2686928
2687193
2687206
2687697
2687818
2688671
2688763
2690377
2691461
2691595
2691647
2691940
2692681
2692738
2693630
2693937
2694528
2694531
2694975
2695588
2696150
2696913
2697264
2697791
2698067
2698138
2699284
2699480
2700560
2700836
2700851
2701389
2701393
2701552
2702771
2703578
2703677
2704669
2704681
2705338
2705454
2705564
2705590
2706141
2706863
2707270
2707533
2707659
2708088
2708310
2709241
2709635
2709672
2709685
2709915
2710213
2710683
2711072
2711859
2711931
2712323
2712598
2714075
2714556
2714775
2714778
2715055
2715279
2715692
2716307
2716327
2716470
2716700
2716946
2718052
2718799
2719086
2719583
2719752
2720053
2721089
2721298
2721683
2721746
2721888
2722508
2722691
2724068
2724173
2724319
2724939
2725149
2728649
2729898
2730210
2730310
2731082
2731143
2731813
2731993
2733077
2733275
2734620
2734749
2735267
2735774
2735798
2735895
2736569
2737303
2737676
2738100
2738466
2738511
2738582
2738860
2739171
2739692
2739760
2740008
2740207
2740851
2740959
2741617
2741809
2741884
2741888
2742649
2742906
2743014
2743375
2744792
2745141
2745349
2745520
2746119
2746515
2746532
2746855
2747168
2747181
2747746
2747748
2747983
2748232
2748638
2748831
2748978
2749051
2749688
2749711
2751228
2751576
2751876
2752549
2753184
2753639
2754013
2754014
2754123
2754503
2754918
2755075
2756463
2757182
2757214
2757500
2757701
2757929
2758727
2758790
2759154
2759319
2759368
2760040
2760314
2760545
2760553
2761805
2762120
2762259
2762304
2762385
2763061
2763129
2763491
2764803
2765150
2765275
2766520
2766771
2767291
2767468
2767713
2767868
2767925
2768344
2768349
2768445
2769633
2769881
2769907
2770056
2771376
2771417
2771695
2771715
2772295
2772613
2773359
2773541
2774401
2774424
2775703
2775864
2776875
2777275
2777327
2777466
2777963
2778439
2778541
2778758
2779273
2780344
2780608
2781059
2781614
2781739
2782033
2782418
2782815
2783259
2783311
2783319
2784038
2784748
2784960
2785283
2786314
2786858
2787355
2788394
2788466
2788603
2788788
2790432
2790486
2790693
2791360
2791462
2791660
2791766
2792790
2793355
2793534
2793825
2793829
2793990
2794358
2794716
2795098
2795237
2795904
2795906
2796187
2796465
2797127
2798277
2798596
2798852
2799439
2799462
2799668
2799902
2800134
2800412
2800429
2800504
2800656
2801698
2802413
2803275
2803299
2803332
2803403
2803454
2803604
2804083
2804541
2805931
2806654
2807531
2808211
2808578
2808661
2808830
2808980
2808991
2809549
2809578
2809615
2809645
2809664
2810472
2810494
2810899
2811070
2811104
2811384
2811440
2814899
2815209
2815350
2815557
2815586
2815987
2816198
2816567
2817462
2818518
2818660
2819432
2820244
2820566
2821348
2821361
2821774
2821833
2822914
2823653
2823921
2824637
2825081
2826260
2826936
2827151
2827517
2827645
2828332
2829137
2829255
2829395
2829958
2830967
2831100
2831293
2831477
2832740
2833259
2833437
2833874
2834280
2834487
2834901
2835500
2835672
2835795
2836621
2836880
2837028
2837387
2837585
2837638
2838808
2838883
2839357
2839392
2839732
2840508
2841061
2841140
2841428
2841767
2841979
2843034
2843056
2843520
2843948
2844135
2844904
2845011
2845144
2846146
2846181
2846748
2846917
2847909
2848308
2848396
2848708
2849006
2849139
2849667
2849709
2850324
2850444
2850772
2851215
2851818
2852085
2852100
2852592
2852797
2853678
2853875
2854169
2854333
2854338
2854578
2854917
2854938
2855220
2855494
2855591
2855989
2856009
2856111
2857144
2858963
2858983
2859830
2859889
2859949
2860589
2862301
2862468
2862834
2863153
2863842
2863897
2864215
2864449
2864497
2866119
2867121
2868081
2869104
2869260
2869714
2869765
2869858
2870324
2871063
2871280
2872230
2873332
2873672
2874021
2874274
2875025
2875041
2876033
2876081
2876603
2876941
2877227
2877294
2877505
2878209
2878406
2879646
2879660
2880078
2880764
2881071
2881366
2882398
2883065
2883749
2884458
2885479
2886290
2886536
2886911
2887804
2887813
2888064
2888321
2888528
2889498
2889518
2889535
2889698
2890001
2891280
2891432
2891943
2891953
2892027
2892291
2892345
2892507
2893342
2893697
2893889
2894807
2895632
2896212
2896537
2897678
2898225
2898503
2898574
2898780
2898963
2899258
2899406
2899948
2900018
2901129
2901137
2901984
2902056
2904407
2904499
2904673
2904868
2904936
2905346
2905354
2906701
2906770
2906868
2907138
2907154
2907932
2908015
2908694
2910292
2910293
2910521
2911138
2911897
2911941
2912068
2912557
2912882
2912987
2913025
2913168
2913189
2915167
2915971
2916052
2916157
2916854
2916974
2917014
2917868
2918113
2918635
2919719
2919828
2920030
2920287
2920350
2920679
2920708
2921036
2921612
2921635
2921683
2921789
2922774
2922878
2923385
2923645
2924457
2924642
2925267
2925642
2925669
2925721
2925834
2925878
2925901
2927335
2927724
2928161
2929030
2929135
2929339
2929952
2930037
2930239
2930317
2931611
2932343
2933013
2934583
2935739
2935908
2935928
2936153
2936954
2937267
2937483
2937484
2937524
2937854
2938362
2938868
2939301
2939832
2940360
2940645
2941683
2941988
2942432
2943312
2943378
2943939
2944091
2944408
2945039
2945205
2945487
2946749
2946888
2947238
2948562
2948829
2949399
2949435
2949827
2950032
2950301
2950306
2950320
2950380
2950389
2950842
2950919
2951587
2951986
2952176
2952744
2953140
2953678
2954632
2956082
2956673
2957538
2957650
2957945
2958876
2959508
2961492
2962120
2962596
2963589
2964685
2965555
2965618
2965852
2966779
2967636
2967928
2968035
2968422
2969057
2969305
2969411
2969631
2969633
2971001
2971574
2971645
2972003
2973200
2975250
2975265
2976040
2977492
2978438
2978771
2979799
2980337
2981804
2982170
2982356
2983039
2983620
2984481
2985329
2985880
2986044
2986477
2986840
2987036
2988744
2988901
2989306
2989359
2989615
2989925
2989987
2990156
2990445
2990970
2991610
2991888
2992195
2992493
2992523
2993001
2993208
2993223
2993891
2993912
2994476
2994615
2995301
2995846
2995920
2996276
2997654
2997665
2997886
2998296
2998804
2998889
2999275
2999967
3000107
3000405
3000726
3001497
3002304
3002365
3002422
3002903
3003379
3004342
3004414
3004776
3005401
3005495
3006164
3007049
3007711
3007845
3008525
3009086
3009153
3009609
3010224
3010722
3012731
3012784
3012984
3013120
3013339
3013827
3013900
3013941
3013993
3014765
3015467
3015646
3015870
3015984
3017131
3017712
3017733
3018173
3019839
3021660
3021990
3022364
3022514
3022614
3022920
3023391
3024037
3024088
3024178
3024225
3024378
3024768
3024919
3025336
3026134
3026154
3026239
3026461
3026539
3027066
3027188
3027267
3027329
3028449
3028604
3029187
3030131
3030896
3031056
3031480
3032249
3032429
3032913
3034434
3035107
3035729
3036126
3038967
3039298
3039475
3040019
3040682
3040722
3041057
3041121
3041467
3041555
3041757
3041835
3042270
3042661
3043306
3043444
3043967
3044368
3044380
3044433
3044526
3044946
3045113
3045355
3046248
3047387
3048071
3048801
3049243
3049328
3050121
3050730
3051562
3051792
3052694
3053384
3053385
3053562
3053623
3053766
3053964
3054084
3054276
3054282
3054441
3054878
3056040
3056163
3057510
3058121
3058204
3058205
3058507
3058540
3058780
3058859
3058959
3059384
3060503
3062233
3062309
3062612
3063279
3063540
3063619
3064222
3064286
3065650
3065826
3066298
3067076
3067190
3067210
3069021
3069758
3069831
3070600
3070691
3070798
3070912
3071229
3071598
3071704
3072948
3073416
3073612
3073743
3073847
3074131
3074928
3075040
3075745
3075804
3075868
3076971
3078026
3078037
3078592
3081696
3082166
3082253
3082929
3083497
3083501
3083606
3085775
3085844
3086184
3086376
3086797
3087133
3087954
3088287
3088330
3088581
3089275
3090307
3090366
3090457
3090656
3091418
3091833
3091855
3091858
3091976
3092954
3093942
3094527
3094840
3096260
3096446
3096476
3096673
3096833
3097041
3097061
3097166
3098084
3098643
3098761
3100340
3100367
3101086
3101862
3103113
3103779
3103806
3104230
3104428
3104929
3105529
3105762
3105791
3106007
3106398
3106485
3106883
3106958
3108163
3108451
3109018
3109965
3111357
3111501
3111543
3111562
3112224
3114253
3114478
3115397
3117335
3117557
3118357
3119147
3119317
3119718
3120470
3120516
3120726
3121155
3121487
3121587
3122525
3123237
3123570
3123881
3124649
3124808
3124839
3125112
3125242
3125736
3125762
3125866
3125930
3126631
3126744
3127164
3127458
3127489
3127523
3128225
3128530
3129708
3129980
3130946
3131231
3131295
3131400
3131837
3132014
3132200
3132543
3133084
3134207
3134783
3135460
3136380
3136580
3136719
3136868
3136973
3137581
3137722
3138677
3139641
3140774
3140896
3142026
3142472
3142891
3143019
3143022
3143477
3143574
3144184
3144518
3144684
3145662
3145671
3146503
3146537
3146692
3147103
3147215
3147469
3147664
3148997
3149753
3150024
3151831
3152845
3153005
3153997
3154675
3154721
3155181
3155615
3155763
3155973
3156459
3156470
3157157
3158484
3158747
3158953
3159106
3159222
3159367
3159514
3159747
3159912
3160560
3160740
3160903
3161144
3161353
3161366
3161851
3162886
3164276
3164712
3164803
3165577
3166204
3166313
3167450
3168415
3168446
3169038
3169234
3169363
3169703
3170076
3170386
3170689
3170743
3170790
3171267
3171405
3171580
3174301
3174420
3174932
3175025
3175121
3176466
3177071
3177255
3178413
3178870
3179501
3179976
3180804
3181447
3181569
3181641
3183163
3183164
3183369
3183530
3184293
3184916
3185517
3185830
3186133
3186478
3186914
3187033
3187036
3187084
3187147
3187283
3188535
3189968
3190102
3190296
3190946
3191193
3191349
3191593
3191802
3191839
3191872
3193030
3193363
3193778
3194146
3195378
3195663
3195684
3195847
3195906
3197272
3197602
3198139
3198187
3198337
3198535
3199231
3199394
3199603
3199701
3199702
3199734
3200750
3201090
3201353
3201923
3203131
3203167
3204358
3204596
3204822
3205415
3205760
3206444
3206919
3207346
3208406
3208984
3209961
3210910
3211617
3211909
3212113
3212127
3212637
3213724
3214164
3214182
3214900
3215402
3216729
3216739
3216853
3219091
3219501
3219508
3219699
3219710
3220679
3220963
3221052
3221394
3221477
3221840
3221869
3223425
3223498
3223569
3223902
3223953
3225515
3225972
3226120
3226462
3227193
3228073
3228087
3228189
3228621
3228933
3229362
3229512
3229529
3229890
3230619
3230876
3231410
3231941
3232033
3232427
3232900
3233809
3235504
3236190
3236247
3236437
3236482
3236643
3236859
3237187
3237460
3237465
3239358
3239795
3241059
3242396
3242765
3243302
3243460
3244503
3244873
3246468
3246694
3246760
3246820
3247252
3248367
3248420
3248585
3248856
3249001
3249337
3249613
3250066
3250248
3250446
3250568
3251591
3251705
3251925
3252418
3252511
3253255
3253416
3254079
3254298
3254429
3254485
3254589
3255620
3255949
3256500
3257052
3257195
3258105
3258562
3259740
3260796
3260840
3261736
3261864
3262118
3262927
3263923
3264505
3265848
3265857
3266850
3268149
3268732
3268867
3269547
3269830
3269847
3269976
3270457
3270519
3271593
3271686
3271875
3272505
3272534
3273168
3273333
3273713
3274217
3275398
3275921
3275940
3276181
3276200
3276693
3277186
3277901
3278056
3279475
3279592
3279900
3281066
3281440
3281592
3281910
3282171
3282203
3282564
3282649
3283247
3283506
3283837
3283895
3284353
3284630
3284788
3284982
3285112
3286155
3286941
3288240
3288554
3288621
3289627
3290316
3290406
3290442
3290464
3290734
3291000
3291166
3291673
3291943
3293643
3293968
3294017
3294085
3294260
3295260
3296494
3296715
3296721
3296983
3297496
3297528
3298088
3298442
3298554
3298747
3299559
3299589
3300327
3300354
3300446
3301243
3301446
3301621
3301917
3302142
3303582
3304015
3305171
3306430
3306447
3308368
3308386
3309225
3309288
3309298
3309948
3310658
3310878
3310928
3311124
3311380
3311817
3312269
3312277
3312338
3314137
3314680
3314759
3315805
3315919
3316188
3316807
3317180
3317844
3317989
3318055
3318172
3318528
3318791
3319563
3319609
3320141
3320214
3320338
3320529
3320684
3320814
3320914
3321044
3321344
3321765
3323729
3323761
3324001
3324702
3324850
3325006
3325180
3326352
3326917
3328343
3328498
3328921
3328929
3330656
3331396
3332182
3335222
3335416
3335452
3335785
3335883
3335971
3336256
3336347
3336738
3337378
3337959
3337965
3338098
3338213
3338851
3340010
3340607
3342336
3342712
3342977
3343129
3343155
3343462
3344986
3345275
3346131
3346226
3347158
3347564
3347854
3347867
3348487
3348812
3348883
3349526
3350544
3350707
3350943
3351033
3351615
3351896
3352311
3352574
3352746
3353161
3353931
3354406
3354545
3354938
3354946
3355873
3355975
3356194
3356320
3357000
3357496
3357656
3357744
3358551
3359523
3359568
3360257
3360405
3360712
3361544
3361692
3362013
3362332
3362885
3363276
3363374
3363433
3363463
3363613
3363833
3363944
3364704
3364886
3365142
3365174
3365977
3366275
3366646
3366703
3367348
3367391
3369033
3369732
3370203
3370586
3371527
3371852
3372953
3373308
3374962
3375274
3375432
3375541
3376097
3376518
3376520
3376570
3376644
3376647
3377173
3377302
3377520
3377940
3379182
3379278
3379625
3379641
3380545
3381095
3381101
3381505
3383021
3383286
3383526
3383897
3384074
3384119
3384355
3385320
3385442
3385604
3385839
3385956
3386469
3386603
3387946
3387984
3388216
3388586
3389270
3389333
3390014
3391197
3391896
3392333
3392781
3392933
3393322
3394323
3394720
3394731
3395134
3395232
3395860
3396657
3396825
3399389
3399875
3400175
3400676
3401100
3402090
3402102
3402158
3402286
3402349
3402445
3402679
3403528
3403660
3403879
3405601
3405700
3406226
3406246
3407066
3407369
3408254
3408277
3408351
3409312
3409567
3409654
3411320
3412254
3412611
3414151
3414260
3414362
3414956
3415348
3415607
3416499
3417092
3417262
3418020
3418327
3418332
3418626
3418792
3418802
3419242
3419736
3419812
3419834
3420064
3420561
3420673
3420747
3420792
3421154
3421658
3421745
3422447
3422864
3424094
3424168
3424323
3424518
3424821
3424854
3425209
3425239
3425242
3425852
3426475
3426506
3426635
3426749
3426948
3427341
3428623
3428711
3429109
3429998
3431443
3431872
3432791
3433130
3434025
3434275
3434428
3434477
3434880
3435208
3435369
3437908
3438196
3438207
3438741
3439261
3439450
3439602
3440648
3441825
3442169
3442239
3442326
3444809
3445213
3445382
3445476
3445650
3445835
3446623
3447306
3448124
3448312
3448388
3449152
3449570
3450121
3450289
3451385
3451820
3451911
3452186
3452533
3454597
3454900
3454917
3454966
3455162
3455394
3455848
3456607
3457316
3457606
3457753
3458055
3458235
3458641
3458722
3459015
3459483
3460368
3461490
3461526
3462170
3462400
3462735
3463080
3463482
3463532
3464273
3465170
3465890
3465916
3466313
3466343
3468150
3468155
3468493
3468817
3468957
3469225
3469438
3469753
3470330
3470451
3471353
3471794
3471937
3472495
3472774
3472854
3474544
3474675
3475630
3475887
3476493
3476727
3477264
3477452
3477600
3477694
3477918
3477974
3478202
3478465
3478964
3479193
3479660
3479720
3480057
3480176
3481388
3481407
3482006
3482293
3482582
3482883
3484060
3484454
3485470
3485630
3485798
3486368
3487552
3487942
3488474
3488546
3489086
3489381
3489768
3490282
3490832
3491042
3492056
3492432
3493615
3493930
3494545
3494626
3494707
3495026
3495417
3495487
3495577
3495691
3495783
3496199
3496226
3496244
3496693
3497124
3497685
3498368
3498438
3498652
3501124
3501927
3502211
3502776
3503627
3503936
3504802
3505329
3506074
3506280
3506526
3506667
3507515
3507798
3509859
3510535
3511302
3511841
3512309
3514307
3514638
3515150
3515626
3516537
3517948
3518403
3518682
3518913
3519340
3519418
3519540
3519564
3519879
3520438
3521484
3521592
3521911
3522308
3522525
3522807
3522850
3522891
3523312
3523647
3523914
3524754
3524796
3524894
3525076
3525089
3525326
3525904
3526266
3527078
3527681
3528403
3529191
3529506
3530038
3531001
3531329
3531597
3532452
3532520
3532896
3533496
3533644
3533703
3533723
3534527
3534723
3535574
3535944
3539213
3540399
3541223
3541380
3541703
3542186
3543108
3543426
3544369
3544769
3544789
3544913
3545350
3545371
3546718
3546846
3547824
3549451
3550383
3551653
3552326
3552602
3553425
3554555
3554929
3555971
3556102
3556711
3556742
3557263
3557334
3557640
3557645
3557757
3558277
3559348
3559649
3559665
3559728
3559912
3559976
3560320
3560337
3560341
3560705
3560721
3561147
3562239
3562385
3562456
3562598
3563278
3563783
3563963
3564235
3564266
3564290
3564389
3564448
3565749
3565856
3565946
3566412
3566770
3567109
3567783
3569501
3570174
3570508
3571240
3571811
3571849
3571968
3572512
3572519
3572617
3572627
3573254
3573293
3573457
3573771
3574557
3574853
3575000
3575248
3575457
3575555
3576130
3576232
3576289
3576435
3578294
3579635
3580372
3581209
3582779
3582783
3582874
3583158
3583542
3584011
3584547
3584982
3587476
3587641
3588148
3588452
3588925
3588989
3589016
3589421
3589464
3590187
3590304
3590543
3590730
3591090
3591824
3591921
3591949
3592121
3592261
3592405
3592656
3593219
3595429
3596088
3596261
3596579
3596729
3596969
3598800
3600065
3600159
3600257
3600587
3601135
3601769
3602332
3603736
3604344
3604723
3604966
3605340
3605492
3605881
3606340
3606777
3607995
3609138
3609148
3609161
3609197
3609619
3609961
3610074
3610385
3610978
3611333
3611594
3611692
3611787
3612870
3613696
3613872
3614396
3614599
3614885
3615478
3615898
3616885
3617303
3617327
3617386
3618502
3618615
3618656
3619006
3620352
3621079
3621221
3621281
3621667
3621733
3621974
3622060
3622394
3622643
3622931
3623808
3623903
3625499
3626621
3627180
3627226
3627288
3628326
3628599
3629064
3629708
3630523
3631799
3631909
3632197
3632249
3633450
3633919
3634385
3634632
3634653
3634723
3635124
3635598
3636108
3636544
3636920
3637451
3637860
3637949
3638124
3638822
3639235
3639442
3640505
3641685
3641889
3642321
3642538
3643449
3643587
3644032
3644207
3644396
3644537
3644965
3644969
3645258
3645421
3645473
3645550
3645631
3645845
3646077
3646121
3646223
3646349
3646484
3647152
3647486
3647519
3648608
3648962
3650639
3650808
3651119
3652676
3652845
3653286
3653338
3654054
3654526
3654795
3655641
3655959
3656002
3656137
3656235
3656278
3656634
3657039
3657426
3658838
3659719
3659753
3660103
3660568
3661009
3661700
3662121
3662227
3662318
3662360
3662490
3663356
3663619
3663653
3665450
3665620
3665766
3666020
3666415
3667177
3667841
3667930
3668172
3668930
3671781
3672166
3672342
3672669
3672767
3672888
3673066
3673108
3674513
3674976
3674980
3676502
3676640
3677608
3678078
3678249
3679064
3680800
3681360
3682283
3682574
3684326
3685091
3685157
3685427
3685893
3686425
3686455
3686527
3688119
3688341
3689037
3689218
3689255
3689775
3690084
3690739
3690758
3691094
3692203
3692306
3692531
3692705
3693004
3693215
3693739
3694004
3695186
3695252
3695522
3695551
3695611
3696055
3697402
3698155
3698268
3698269
3698976
3699022
3699069
3699305
3699513
3700251
3700467
3700552
3701237
3701761
3701834
3702293
3703510
3703709
3704354
3705084
3705258
3705365
3705933
3706203
3706513
3706782
3707833
3707976
3709406
3709991
3710645
3711272
3711784
3712674
3714043
3714116
3714961
3715985
3716105
3716108
3716112
3716139
3716213
3716478
3718122
3718561
3718986
3719162
3719312
3719532
3719806
3720081
3720281
3720652
3720681
3720830
3721174
3722101
3722422
3722433
3723084
3723196
3724872
3724959
3725116
3725888
3725990
3726113
3726121
3726341
3726854
3727005
3727358
3727506
3727603
3728904
3730867
3730874
3731063
3731136
3731214
3731915
3732117
3732211
3732470
3732625
3732871
3733256
3733308
3733616
3734327
3736584
3736852
3737290
3737610
3737720
3738074
3738444
3739020
3739291
3739837
3740392
3740994
3741243
3741627
3741931
3742017
3742330
3742343
3742788
3742963
3743204
3743736
3744391
3744741
3744824
3744886
3745314
3746028
3746163
3746233
3746605
3746788
3747613
3747856
3747978
3749382
3749979
3750223
3750313
3750331
3750683
3752060
3752233
3752698
3752709
3753016
3753460
3753481
3754203
3754208
3754485
3754616
3755278
3755320
3755510
3755511
3755554
3755575
3756221
3756293
3756546
3756947
3756964
3757238
3757552
3757586
3757787
3758357
3758660
3758764
3761321
3761620
3762223
3762385
3762591
3762852
3763686
3764509
3765060
3765390
3765459
3766198
3767986
3768087
3769352
3769977
3770848
3771174
3771306
3772560
3772793
3773014
3774447
3775695
3775773
3775998
3777442
3778186
3778857
3779432
3779683
3780752
3782589
3783508
3783804
3783948
3784410
3784640
3784801
3786610
3787770
3788607
3788620
3788914
3789079
3789081
3789231
3790003
3790698
3791255
3792981
3793031
3793446
3794001
3794185
3794672
3795189
3795922
3796066
3796695
3798229
3798454
3798795
3799283
3799934
3800559
3800591
3800685
3801015
3801560
3802369
3802682
3802823
3803097
3803370
3804142
3804704
3804887
3805421
3807507
3807777
3807836
3808015
3808392
3808829
3808843
3809030
3809115
3809657
3809807
3810165
3810858
3810949
3811999
3812102
3812314
3812616
3812704
3812789
3813019
3813309
3813332
3813670
3814193
3814289
3814435
3814612
3815334
3815578
3816078
3816217
3816990
3817167
3817197
3817496
3817513
3817526
3817528
3818107
3818748
3818806
3819381
3820239
3820996
3823266
3824501
3824631
3825207
3826492
3827106
3827365
3827787
3828527
3829312
3830146
3830749
3830840
3831511
3831714
3832096
3832154
3832352
3832667
3833159
3833297
3833511
3833612
3833653
3834374
3834415
3835037
3835068
3835121
3836340
3837557
3838200
3838851
3839210
3839527
3839540
3839542
3839697
3839801
3840130
3840288
3840762
3841041
3841137
3841996
3842492
3844429
3844719
3844922
3845617
3846174
3846776
3846929
3849088
3849227
3850532
3850736
3851324
3852020
3852050
3852572
3852883
3853274
3853770
3853847
3854284
3854363
3855657
3856126
3856349
3857059
3857164
3857250
3857341
3858908
3859044
3859212
3859739
3859808
3860094
3861078
3861425
3861488
3861961
3862664
3862760
3862973
3863885
3864179
3864266
3864391
3864539
3864543
3865203
3865251
3865661
3866143
3866304
3866596
3867306
3867617
3867662
3867742
3867820
3867898
3867923
3868198
3868413
3868877
3869616
3869695
3869801
3869842
3870430
3870434
3870472
3870896
3871205
3871269
3871562
3871618
3872002
3872193
3872689
3872796
3874274
3874313
3874656
3874850
3875495
3875597
3875680
3876842
3876950
3876986
3877249
3878467
3879131
3879870
3880169
3881126
3882064
3882175
3882369
3882469
3882805
3883050
3883064
3883131
3883545
3883914
3884134
3884264
3884404
3884531
3884876
3885316
3886272
3886461
3886741
3887042
3888224
3888587
3888588
3888646
3888780
3888786
3889074
3889593
3889751
3890293
3890687
3890707
3890743
3890901
3891256
3892082
3892632
3892766
3892880
3892908
3893276
3893377
3893459
3894356
3894698
3894881
3895126
3895486
3896222
3896726
3896935
3897182
3897481
3898113
3898182
3899032
3899653
3900633
3900799
3900988
3901018
3901097
3901252
3901866
3902383
3904581
3904658
3905853
3905855
3906823
3906833
3906933
3907140
3908096
3909399
3909936
3910367
3910671
3911297
3911566
3911583
3911764
3911822
3912422
3912618
3912734
3912962
3913513
3913526
3914557
3914747
3916190
3916305
3917003
3917206
3917270
3917339
3917906
3917946
3918189
3918204
3918473
3919303
3919306
3921129
3921180
3921735
3922174
3922249
3922484
3922545
3924340
3924796
3924922
3925292
3927268
3928586
3928948
3929032
3929742
3930996
3931092
3932047
3932336
3933236
3933820
3934382
3934462
3934550
3934671
3934786
3935222
3937115
3937512
3938021
3939047
3940554
3942961
3944549
3945682
3945965
3946535
3947533
3947538
3948539
3948975
3948987
3949420
3949864
3949962
3950097
3950220
3950696
3951350
3951426
3952409
3953169
3953307
3953758
3954155
3954274
3954966
3955319
3955734
3956839
3957052
3958014
3958086
3958206
3958554
3958726
3959564
3959982
3960145
3960747
3961032
3961610
3962146
3962566
3963264
3963266
3963706
3964275
3964732
3964733
3964823
3964954
3965147
3966346
3966372
3966785
3967257
3967315
3967344
3967760
3967805
3968033
3968550
3968827
3968910
3969209
3971143
3972142
3972152
3972756
3972851
3973012
3973194
3973512
3974376
3974717
3974943
3975022
3975101
3975272
3975449
3975581
3975745
3975869
3976009
3976181
3976476
3977198
3977939
3978169
3978302
3979113
3979127
3979341
3979752
3980392
3980796
3980834
3981892
3981940
3982018
3982130
3982698
3982822
3982932
3982985
3983097
3983789
3984294
3984808
3984916
3985560
3985759
3985830
3985837
3985862
3986616
3986729
3986769
3987192
3987432
3988390
3988599
3988617
3988628
3988952
3989014
3989683
3990703
3991152
3992077
3992864
3993440
3994249
3994697
3994899
3995281
3995979
3996027
3996532
3996663
3996884
3997427
3998210
3998217
3998795
3998818
3999759
4002445
4003452
4003478
4003523
4003945
4004363
4004420
4005390
4007101
4007122
4007340
4007645
4007811
4007837
4008971
4009126
4009781
4010804
4011006
4011727
4012311
4012538
4012898
4013739
4013834
4013851
4014661
4015288
4016214
4016802
4017380
4017445
4018038
4018211
4018621
4018919
4019700
4019898
4019938
4020755
4022218
