23
307
724
1296
2307
2809
3489
3785
4493
4980
6055
6890
7922
8356
8793
8872
9735
9868
9920
10272
11042
11084
11956
11959
12118
12142
12359
14006
14372
14476
14592
15167
15615
16278
17817
18717
18742
19505
19555
19614
20079
20221
20341
20398
20456
21231
21810
22168
22897
23012
23284
23405
23939
24130
24149
24289
24809
25050
25652
26387
26705
26781
27482
29196
29776
30107
30392
30681
31223
31508
31611
32114
32281
33138
33455
34277
35037
35099
35500
35503
36348
36408
36601
36806
37020
38153
38265
39084
39183
39358
39390
39638
39940
40204
40365
40595
40847
41190
42266
42439
42965
45384
45590
45782
45861
46210
46342
46896
47154
47180
47460
47563
48318
49150
49285
49896
49961
50452
50673
51019
51088
51268
51318
51656
51777
51794
53035
53182
53613
54072
54119
55240
56621
57105
57269
57593
57640
58786
59330
60246
60995
61755
61974
62271
62311
62541
63759
64534
64771
64816
64862
64994
65106
65666
66283
66479
66484
66976
67296
67622
68518
68532
68995
69008
69936
70046
70642
70690
70764
71136
72074
72885
72972
73309
74252
74867
75143
76337
76785
77051
77637
78656
78725
79486
80800
81687
82887
83011
83370
83502
84869
85146
86284
88329
88504
89940
90169
90653
90857
90972
91072
91798
92563
92674
93798
93886
94746
95150
95402
95436
95571
98226
99504
99948
100551
100854
100889
101900
102319
103357
103643
103772
104116
104336
104488
105194
105751
106323
106678
106808
106826
106887
106900
107066
107518
108953
110226
110375
110694
111163
111781
111911
113890
114234
114259
114945
115324
115465
115726
116410
116510
117037
117088
117727
117839
117981
118701
119714
119852
119873
119894
119945
120072
120499
120976
121024
121435
121788
122898
123362
124086
125657
125787
125898
126107
126374
126403
128416
128773
129017
129051
129479
129490
129552
130972
131279
131315
131596
131702
132166
132249
133597
133961
135101
135163
135917
136229
136410
136500
136525
136651
137254
137410
138488
139304
139634
139869
140135
140335
140458
140962
141071
141269
141634
142407
142439
142791
142969
143301
143396
143445
144523
145086
145197
145663
145885
146541
146662
147053
147703
147941
148008
148158
148376
148696
149262
149302
150078
150204
150227
150558
151303
151634
152214
152408
152421
153290
153869
154111
154726
155289
155329
155656
155769
157428
157684
158342
158563
159180
159446
159751
161703
162619
163509
165015
165996
166757
167526
168060
169023
169305
169378
169463
170601
171005
171270
171693
171831
172328
173032
173085
173140
173526
173553
173896
173905
174602
175590
176000
176677
177258
177949
178961
178967
179028
180266
181393
181663
181702
181913
181931
184723
185304
185913
186148
186222
186767
186770
187481
187785
187969
188024
188718
188966
189023
189178
189275
189346
189490
189928
190114
190264
191113
191371
191587
191690
191990
192344
192896
193608
193994
195668
196361
197246
197292
197624
198017
199077
199544
199554
199621
200606
200678
200856
201014
201015
202408
202604
202684
203444
204331
204617
204632
204901
204984
206423
207139
207747
207762
208248
209384
209780
209980
210131
210218
210806
211258
212187
212317
212369
213358
213390
213899
214734
214852
214946
215075
215095
215222
215459
215488
215535
215838
216092
216253
216364
216785
217056
218382
219189
219327
220090
220451
220581
220654
220754
220884
221531
222079
222574
222712
222843
222985
225090
225359
225824
226630
226972
227154
227179
227467
228382
228630
228784
229545
229625
229935
230745
231500
231905
232036
233158
233321
234195
234320
234695
234912
235739
236012
236200
236403
236657
236935
237373
237695
238218
238402
238640
238659
239560
239818
239842
240715
241031
241042
241495
242365
242529
243124
243150
243395
245318
245946
246143
246166
246738
248510
248598
248877
249757
249941
250508
251215
251598
251969
251972
252111
252170
252255
253070
253150
253371
253576
253687
253857
254354
254543
254888
256476
256508
256991
257307
257585
257873
258016
258866
258883
258914
259208
259547
259914
260648
261296
261432
261463
261659
261683
262022
262268
262529
262664
263464
263614
263945
264250
264334
265901
266321
266395
266559
267753
267907
268047
268075
268233
268241
269402
269735
269884
270151
270455
270643
271794
272011
272018
273862
274079
274138
274716
274970
275905
276073
276159
276251
276446
276472
276697
276907
276996
278293
278630
279177
279325
279490
279856
280283
280571
281275
282195
283549
283971
284487
284502
284675
285194
286038
286179
286547
286586
288650
288692
289172
289776
289830
289957
290255
290349
290527
291206
291449
292755
293206
293666
294352
294972
295355
295503
295700
296140
296575
296708
297118
297284
297384
297393
297467
297971
298062
298403
298725
298964
300161
300626
300695
300709
300908
302114
302175
303069
303102
303461
303859
304247
304316
305044
306305
307264
307885
307996
308043
308367
309945
310057
310131
310242
311339
311545
311826
313226
313265
313505
313641
314680
315522
316545
316602
316839
316959
318062
318670
318889
320186
320772
320809
321408
321860
321969
322028
322331
322881
323711
323822
323936
324410
324612
325255
325885
326507
327179
327305
327374
328232
328678
328778
328926
329244
329404
329745
329801
330373
330799
332116
332341
332515
332947
333025
334905
335161
335757
336174
336708
336938
337028
337157
337363
337373
337399
337571
337657
337709
337780
338574
339420
340123
340290
340350
340659
340880
341140
342186
342227
342353
342659
342736
343421
343550
343691
343937
344377
344497
344603
344682
345587
346293
347468
347663
347847
347993
348200
348400
348501
348629
348676
348959
349136
349270
349523
350658
351038
351804
352712
353490
354013
355109
356744
357213
359096
359451
360149
360674
360724
361145
361252
361812
361859
362445
362717
363845
364173
364374
365320
367849
367910
367913
368113
368698
368776
368962
369625
369633
369902
370316
371363
373093
373195
373210
374793
375632
375823
376225
376401
376524
376983
377172
377467
378440
378756
378818
378847
378986
379568
380064
381424
382264
382469
382550
383322
383532
383718
384026
385219
385511
386053
386390
386607
386682
387227
387242
387431
388029
388130
388460
388982
389638
389830
390879
391314
391390
391493
391597
391725
392202
392598
393503
394393
395118
396067
396370
396391
396656
396897
397291
398158
399007
401103
401524
401532
402419
402553
403460
403640
404049
404532
404787
405786
405848
406789
407591
407954
408325
409174
409254
409773
409896
410120
410135
410230
410299
410766
411677
411746
412514
413062
413925
414128
414241
414403
414842
414977
415439
416037
416205
416218
416333
416352
416966
417791
417842
418126
418129
418480
418689
418803
420073
420789
421136
421228
421523
421825
421955
422608
422829
422875
423148
423287
423472
423608
423829
424071
424353
424809
425600
425909
425962
427127
429046
429090
429398
429673
430399
430704
430835
430970
431255
431561
431623
432452
432579
432665
432831
433253
433295
433973
434224
434577
434606
434646
434732
436472
436814
436910
438053
438779
438810
439514
439568
439589
441430
441519
441812
442049
442151
442717
444434
445003
447684
448308
448407
450420
450988
451025
451052
451090
451226
452383
452628
452752
453655
453871
453882
454947
455028
455319
455565
457492
458405
458586
458877
458907
459435
459583
459752
459798
460719
461276
461706
461732
461936
462573
463281
463288
463343
463553
463661
463684
465464
465989
466809
467538
467710
468564
469392
469657
469720
469771
470130
470381
470767
471058
471188
471371
471585
472876
473232
473917
474020
474669
474691
475228
475561
476418
476450
476469
477825
477831
477928
481100
481196
481215
481404
482309
482346
483912
483959
484054
484251
484305
485057
486209
486250
486453
486873
487475
487941
488073
488957
489036
489061
489305
489362
490328
491726
491919
492027
492736
492955
493236
493398
493722
493876
494591
495059
495574
495957
496049
496694
496849
496984
497733
497813
498105
498171
499126
499600
499825
500156
502384
502582
502611
503050
503879
503975
504162
504624
505066
505370
506086
506214
506519
507897
508316
508417
508519
508728
508940
509360
509415
509851
510241
510323
511109
511306
511467
511741
512231
512539
512951
514198
514726
514833
515059
515358
516064
516483
516497
517042
517089
517910
517914
517978
519143
519197
519379
520021
520566
520628
522370
522638
523131
523309
523885
524269
524448
524547
524713
525113
525390
526231
526534
526639
526779
527205
528346
528431
528705
528804
529035
529093
529212
529412
529909
530690
530705
531959
532379
533170
533456
533511
533823
534490
534738
535132
535250
536497
536498
536626
537066
537435
537658
537923
538668
539037
539059
539099
539530
539913
540186
541015
541114
541193
541249
541561
542161
542847
543756
544040
544773
545358
546279
546367
546397
546417
547264
548420
548450
548640
549499
549865
550418
550906
551272
551345
551582
552314
552517
552558
553316
553790
554280
554798
554987
556140
556188
556621
557048
557197
557258
557702
558095
558164
558264
559703
560355
561261
561277
561534
561904
561968
562736
563415
563841
563985
564062
564409
564440
564515
564871
564881
564933
565402
566034
566153
567278
568095
568235
568400
569253
571003
571693
572378
572808
572990
573426
575143
575151
576280
576321
578064
578386
578497
578877
579380
579742
579838
580208
580559
581493
581565
582981
583038
583058
584348
584475
584583
584869
584909
586678
586942
587436
588782
589189
590435
590565
591199
591654
591874
592266
592545
592700
593009
593140
593610
593642
593970
594151
594279
594864
595700
595751
595782
596043
596391
596454
596509
596579
597073
597122
597680
598154
598467
598618
598640
599089
599981
600106
600666
600997
601003
601822
602101
602111
602433
602734
603951
604350
604615
605148
605456
605522
605862
605964
606407
606617
607461
608136
608494
609108
609642
609810
610233
611728
612872
613721
613795
613908
614059
614340
614484
615125
615988
616965
617011
617309
617339
617884
618528
618953
619795
621299
621583
622364
622962
623512
623808
624060
624906
625738
627605
628875
629102
629184
629542
629562
629893
630121
631217
631484
631703
632418
632891
633289
633615
634166
634766
635122
635498
636131
638182
638399
638562
638695
639572
639607
639788
641226
641453
642042
642351
643369
645516
646609
647188
648018
648459
648909
649153
649546
649850
650409
650528
650606
651262
651467
651654
652152
652257
652476
653081
653400
653459
653570
653779
653882
653943
654276
654953
655616
655813
656182
658412
658462
659402
659578
660542
660655
660772
660791
660974
660991
661274
662190
662316
662799
663389
665626
665955
665980
666337
666484
666584
666838
667276
668153
668625
668653
668845
669326
669404
669483
669673
670514
670956
671579
671838
672001
672139
672992
673799
674142
674573
675197
675366
677821
678077
678108
678616
678638
678980
680051
680201
680237
680367
681440
681641
681791
681928
682868
683290
683432
683486
683835
685154
685174
685806
685964
686840
687274
687374
687965
687975
688314
688454
688700
688875
688934
689210
689411
689568
690781
690847
691225
691783
692004
692027
692765
693655
695316
695610
695723
695897
695922
696349
697336
697366
697948
698003
698245
698410
698976
699480
699546
699838
699876
700053
700164
700804
700834
701150
701226
701500
701569
701659
701824
701923
701937
702087
703362
703582
703844
704420
704627
704671
704772
704802
706057
706243
706520
707229
707718
707846
708725
708976
709061
709466
710221
710239
710724
711509
711542
711669
711880
712600
712616
712982
713288
713456
713814
713878
714548
714556
715008
715068
716954
718670
718926
719425
719705
720901
721617
722152
722415
722494
722568
722766
723264
723825
723915
724691
724877
725080
726007
726069
726410
726785
726953
727110
727291
728067
728529
728764
728831
729046
729478
730406
730585
730792
730835
731568
732552
732847
732884
732899
733061
733614
734741
734748
734982
736153
736448
736470
736668
737002
737040
737083
737711
738161
738442
738634
739061
739522
739810
739926
741249
741466
741962
742229
742782
745192
745210
746443
746886
746902
747062
747768
747791
748314
748630
748925
749323
751680
751781
751928
751940
752082
752087
752200
752307
752983
753148
754101
754237
754269
754458
754753
754801
754932
755373
756092
757155
758109
758881
759191
759857
761737
762210
762456
762674
762765
762858
763182
763481
763605
764459
764567
764642
765202
765279
766123
766760
768124
768179
768808
769469
769677
770285
770536
770700
771206
772870
773075
773147
773504
773745
773889
774115
774475
775330
775637
775753
776388
776599
777107
777399
777838
777956
777996
779381
779470
779782
779841
781804
783652
783681
783686
783931
784745
785635
785653
786692
787068
787598
787958
788253
788367
788536
788777
789215
789246
790541
790723
791666
791841
791947
792213
792760
792960
793081
793161
793315
793574
793847
793940
794292
794953
795277
795769
796076
797487
797884
797972
799322
799578
800147
800167
800230
800595
801169
801552
802411
802842
802888
803583
803739
803966
804216
804724
805133
805510
805665
805986
806494
806882
807001
807029
807642
808166
808332
808630
808862
809147
810189
811003
811071
811360
811647
811938
813895
814027
814130
814296
814571
814573
814592
815212
816558
816897
817874
818164
818169
819555
820013
820526
821334
821391
821432
821439
822193
823112
823396
823489
823582
824025
824791
825867
825966
825987
828413
829986
830228
831144
831145
832024
832260
833341
834015
834359
834536
834801
834864
835317
835671
835982
836251
836555
836991
837332
839594
840156
840819
840968
841166
842148
842492
842660
843278
844345
844682
844829
845201
845771
845833
847632
847871
847911
848910
849205
850301
850457
851248
851882
851926
852772
852854
852899
853313
854380
856456
857189
857748
857806
858065
859435
861496
862620
862873
863029
863394
863681
864026
864975
865223
865757
866967
867089
867545
868123
868297
868725
868891
869104
870022
871012
871237
871636
871782
872049
872171
872581
872676
872994
875102
875736
876246
876606
876709
877580
877938
879356
880520
880529
880564
880579
882421
882764
883190
883286
883639
883734
883765
884493
884543
884678
884831
885565
885608
885795
886273
886343
886795
887028
887116
887231
887506
887740
887996
888174
888325
888993
889280
889298
889724
890714
891119
891123
891186
891385
891969
892673
892973
893649
895371
896118
896691
896719
897274
897459
898000
898759
898884
899156
899210
899561
900272
900462
900594
900621
900791
901147
901196
901323
901821
902201
902735
902764
903063
903228
904053
904575
905022
906052
906212
906968
907343
907387
909332
909650
909714
909724
909928
910512
910795
910884
911930
913419
913744
914040
914078
914690
914825
915141
915950
916422
916496
916913
917767
918387
918476
918856
919097
919303
920100
920715
920728
921936
922636
922818
923582
924108
924677
926598
926763
926834
928258
928460
928947
930158
930205
930369
930689
930850
931127
931177
931609
932476
933447
933769
934566
935159
935745
935773
936111
936890
936930
937016
937043
937418
937625
937767
937983
938012
938222
939462
939511
939983
940061
940190
942359
943620
944550
944585
944783
945166
945573
945906
946074
946313
947217
947379
948299
949080
949291
949447
949840
950005
950384
950780
951656
951714
952275
952326
953194
953386
953592
953994
954148
954228
954686
955234
955409
955493
955678
956507
956603
956747
956847
957151
958147
958306
959127
959245
959526
959606
959709
959766
959931
960108
960152
960338
960424
961264
961270
961406
961967
962732
963971
964572
964869
965010
965173
965212
965216
965324
965427
965798
966082
966088
966695
966729
967575
967579
967640
967769
967786
968208
968470
969049
969441
969791
969986
970077
970140
970264
970635
970803
972000
972448
972603
972871
973604
973935
974521
975466
976298
976465
976540
977393
977836
978012
978367
978745
978747
978989
979062
979159
979395
979424
979486
979490
980334
981335
982063
982075
982542
982639
983341
983980
984065
984369
984471
984498
984563
984900
987846
988219
988564
990306
990486
990494
990878
991267
991757
991892
992022
992058
992485
993840
994514
995181
995533
995622
996044
996083
996280
998151
998289
998590
998627
998832
999201
999205
999906
1000968
1001543
1002016
1002196
1002440
1002511
1002745
1003306
1003388
1003429
1003540
1003963
1004742
1004841
1005638
1005859
1008158
1008286
1008750
1008999
1009371
1009749
1009876
1010049
1010811
1011277
1012643
1014120
1014173
1014537
1014549
1014817
1015846
1015894
1016001
1016744
1016772
1016896
1018025
1018461
1019719
1019865
1020306
1020803
1021283
1021652
1022503
1022981
1023168
1023235
1024274
1024567
1024832
1024959
1026035
1026916
1027665
1027983
1028192
1028531
1029627
1030047
1031301
1031370
1031785
1032564
1034017
1035166
1035212
1035388
1035594
1035896
1036592
1036696
1036849
1037126
1037985
1038299
1038720
1039057
1039075
1039125
1040708
1041515
1041553
1041922
1042095
1042924
1043526
1043571
1043838
1044695
1044973
1045235
1045368
1045378
1046291
1047437
1047579
1047709
1048486
1048795
1049896
1050376
1050877
1051514
1051578
1053437
1054068
1054370
1054815
1055232
1055283
1055814
1055927
1056013
1056105
1056133
1056208
1056670
1056856
1057771
1057889
1057999
1058109
1058257
1058388
1058810
1059104
1059671
1059770
1060025
1060180
1060289
1060334
1061616
1062065
1062155
1063576
1063747
1063858
1065369
1066289
1066528
1066584
1066796
1067154
1067337
1067718
1068021
1068216
1069661
1070075
1070658
1071086
1071856
1071892
1072171
1072212
1072725
1072999
1073694
1073994
1074434
1074490
1074745
1075109
1076875
1077649
1079448
1079474
1079605
1080201
1080411
1080605
1081049
1081287
1081289
1081296
1081620
1081723
1082136
1083007
1084171
1084197
1084512
1084609
1085075
1085519
1086274
1086314
1087927
1087933
1088053
1088851
1090039
1090055
1090246
1090744
1090996
1092428
1093190
1093224
1093422
1093441
1094144
1094292
1094333
1096090
1096142
1096537
1096904
1097649
1098012
1098540
1099056
1099189
1099355
1099414
1100148
1100742
1101282
1101918
1103091
1103200
1103342
1103700
1104331
1104436
1104540
1104997
1105114
1106485
1106842
1108017
1110320
1110556
1111606
1111918
1112038
1113382
1113759
1115004
1115323
1116791
1116937
1117394
1117698
1117949
1118074
1118129
1119248
1119461
1119509
1119641
1119863
1120370
1120396
1120920
1121435
1122398
1122583
1123130
1123707
1123853
1123867
1124125
1124940
1125307
1126994
1127020
1127081
1127117
1127289
1127484
1127713
1127966
1128581
1129575
1129621
1130065
1130070
1130329
1130656
1130894
1131245
1131481
1132800
1134198
1134662
1134884
1135315
1136006
1136353
1136807
1137267
1137409
1137724
1138489
1139860
1140088
1141367
1141794
1142473
1142645
1143577
1143765
1143826
1143922
1144219
1144658
1145020
1145583
1145734
1145823
1146028
1146078
1146276
1146278
1146578
1147777
1147919
1148113
1148806
1149025
1150454
1151331
1152337
1153430
1153817
1155376
1155723
1156126
1156802
1157214
1157476
1157517
1157549
1157704
1157847
1158111
1158671
1160054
1160456
1160609
1160737
1161261
1161307
1161359
1161737
1162237
1162291
1162619
1162810
1163118
1163488
1163550
1164244
1164294
1164602
1164674
1165284
1165502
1166320
1166737
1167266
1167604
1167942
1168487
1168948
1169363
1169446
1169817
1170102
1170225
1170407
1170757
1171327
1171550
1171624
1172104
1172246
1173240
1173949
1174314
1174486
1174562
1174567
1174951
1175224
1176231
1176355
1176885
1177281
1178750
1178815
1179655
1179802
1179819
1181614
1181994
1182116
1182618
1183570
1184338
1184369
1184514
1184729
1185592
1185786
1186125
1186711
1187956
1189598
1190262
1190480
1190855
1191030
1191417
1191446
1192141
1192777
1192910
1193140
1193185
1193631
1193665
1194797
1194949
1195541
1195957
1196077
1196249
1196630
1196793
1198095
1199057
1199076
1199360
1199655
1199674
1199908
1200150
1200397
1201786
1201794
1203222
1203972
1203982
1203994
1204059
1204549
1204816
1205018
1205232
1205419
1206001
1206587
1206749
1207135
1209588
1209873
1210328
1210399
1210610
1210820
1211068
1211868
1211960
1212565
1212640
1212711
1213046
1213177
1213672
1214851
1214930
1214998
1215439
1216700
1218562
1219033
1219419
1220023
1220738
1221535
1221631
1221889
1222094
1222466
1222770
1223144
1223418
1224814
1224829
1226254
1226450
1226900
1227937
1229050
1229750
1230001
1230004
1231079
1231134
1232245
1233146
1233615
1233804
1233883
1235611
1235681
1235828
1236125
1236206
1236397
1236529
1236965
1237317
1237415
1237576
1237655
1238007
1238421
1238803
1239359
1240503
1240533
1241207
1241550
1242054
1242682
1243385
1243386
1243855
1244321
1244379
1244678
1244803
1246525
1247151
1247529
1247927
1248652
1248735
1250222
1250236
1250808
1250961
1251191
1251385
1251437
1251674
1252615
1253027
1253901
1254582
1254968
1254998
1255370
1255612
1256300
1256679
1256905
1257444
1257549
1258053
1258407
1258931
1259748
1260955
1261312
1261444
1261576
1262245
1262396
1262825
1263340
1263493
1263562
1263605
1263746
1264413
1266426
1267098
1268065
1268485
1268515
1268699
1269069
1269319
1270429
1270541
1270967
1271029
1271133
1271332
1271689
1272109
1273089
1273447
1273838
1274303
1274757
1275902
1276625
1276743
1277099
1277228
1277519
1277858
1277902
1278741
1278989
1279279
1279285
1280573
1281432
1281554
1283107
1283358
1283493
1283758
1284070
1284444
1284760
1284985
1284988
1285091
1285597
1285947
1286009
1287670
1287747
1288146
1288484
1289497
1289635
1290266
1291264
1292029
1292203
1292213
1292470
1292991
1293497
1293619
1294069
1294299
1294426
1296412
1298279
1299446
1299734
1299911
1300595
1300724
1300796
1300971
1301157
1301678
1301915
1301937
1302682
1302909
1304462
1304581
1304640
1304867
1305214
1305998
1306314
1306562
1307518
1307551
1308005
1308131
1308505
1308986
1309599
1309749
1309968
1310481
1311259
1311488
1311679
1312010
1312702
1312955
1313155
1313598
1313696
1313785
1313849
1313859
1314222
1314891
1315228
1316068
1316671
1316816
1317053
1317652
1317959
1318838
1319266
1319737
1320264
1320602
1320905
1321247
1321668
1322619
1322814
1323043
1323505
1324674
1325355
1326334
1326487
1327591
1327979
1328094
1328235
1328773
1329299
1329845
1330059
1330524
1330619
1330777
1331087
1332007
1332894
1333136
1333432
1333677
1335677
1335878
1336157
1336195
1336719
1337959
1338091
1338309
1338477
1338854
1338931
1339687
1339820
1340936
1342045
1342078
1343449
1343553
1343901
1344256
1344524
1345605
1345670
1346450
1346635
1347667
1347946
1348250
1348366
1348454
1348727
1348996
1350218
1350737
1351030
1351037
1351149
1352927
1352950
1354125
1354209
1354304
1354365
1355013
1355130
1356900
1357044
1357313
1358371
1359019
1360401
1360494
1360672
1360717
1361818
1362456
1362863
1363177
1363848
1364406
1364879
1366078
1366288
1366776
1366918
1366985
1367002
1367261
1367280
1367751
1368065
1368263
1368765
1369292
1369916
1370213
1370923
1371885
1372265
1372430
1372758
1373799
1374172
1374192
1374247
1375372
1375413
1376247
1376656
1377225
1377476
1378486
1378939
1379260
1379464
1379627
1379714
1379947
1380253
1380434
1380986
1381110
1381489
1381770
1382320
1382596
1383013
1383153
1383257
1383648
1383908
1383983
1384077
1384186
1384482
1384702
1385736
1385851
1386377
1386749
1387924
1388007
1388638
1388919
1389677
1390224
1390840
1391833
1392047
1392668
1393063
1393199
1394003
1394366
1394706
1395540
1395814
1396035
1396037
1396400
1396841
1397489
1397846
1398000
1400191
1401656
1402338
1402470
1402994
1403463
1403705
1403818
1404016
1404110
1404127
1404180
1404393
1404735
1405429
1405898
1405933
1406118
1406593
1407100
1407438
1407889
1408203
1408751
1408826
1409957
1410263
1410810
1411688
1411775
1411890
1413063
1413614
1413669
1413738
1414642
1415066
1415662
1415992
1416079
1416138
1418595
1418681
1419006
1419093
1419838
1419853
1420232
1420302
1420966
1421029
1421215
1422301
1422472
1422616
1422903
1422921
1423007
1423211
1423702
1424057
1424477
1425011
1425142
1425793
1427114
1427811
1428494
1428528
1428636
1429036
1429320
1429696
1429980
1431144
1432444
1433333
1433478
1433570
1433571
1434172
1434268
1435731
1436183
1436230
1436809
1437517
1437661
1437783
1438080
1438120
1438842
1439050
1439570
1439580
1440141
1441807
1441860
1442222
1443057
1443257
1444559
1444946
1445160
1445298
1445508
1445717
1445725
1445852
1445993
1447092
1448852
1448867
1448872
1449849
1451436
1451645
1451809
1452338
1452668
1452834
1453066
1453475
1453757
1453878
1454280
1454602
1454677
1455036
1455927
1456232
1456556
1456654
1456781
1457576
1457868
1457924
1458132
1458446
1460007
1460391
1460469
1460504
1460766
1462072
1462315
1462550
1462831
1463027
1463430
1463906
1464504
1464575
1464722
1464820
1464822
1465167
1465205
1465302
1465960
1466313
1466477
1467029
1468004
1468196
1468523
1469119
1469419
1469753
1470056
1470321
1471118
1471525
1471619
1471830
1472168
1473011
1473246
1473589
1474082
1474266
1474625
1475029
1476087
1476230
1477062
1478047
1478097
1478688
1479244
1479932
1480324
1481384
1482209
1483317
1483397
1484786
1485208
1485218
1485862
1486272
1486403
1486733
1488202
1489036
1489711
1490091
1490309
1490459
1490664
1491342
1492401
1492406
1492825
1492919
1494693
1494854
1494867
1495461
1496684
1497341
1498529
1499002
1500073
1500838
1500842
1500986
1501749
1502229
1502277
1502323
1503470
1503839
1504318
1505398
1506578
1506925
1507078
1508247
1508371
1508894
1509022
1509483
1511573
1512072
1512368
1512730
1512910
1512913
1513406
1513999
1514379
1514453
1514514
1515470
1516173
1516929
1516970
1517033
1517876
1519349
1520691
1521291
1521373
1521378
1522540
1522673
1523500
1524148
1524846
1525392
1525672
1526145
1526316
1526563
1526765
1527035
1527287
1527349
1527621
1527918
1528402
1528485
1529811
1530727
1531001
1532451
1532846
1532935
1533507
1533644
1534263
1534840
1535028
1535570
1535640
1535716
1536996
1537267
1537363
1537661
1537851
1537913
1538511
1539438
1539862
1539885
1541212
1541378
1541741
1541849
1542018
1543168
1543521
1543687
1544137
1545201
1545454
1545609
1545762
1546655
1547345
1547561
1547708
1547782
1548303
1549200
1549244
1549826
1551177
1551347
1552811
1552948
1553392
1553851
1554039
1554322
1554698
1554838
1555005
1555198
1556278
1556421
1556924
1557476
1557634
1558506
1559100
1559553
1559628
1559942
1561397
1562538
1562771
1563038
1563548
1563687
1563928
1564012
1564304
1564645
1566107
1566732
1567642
1567893
1568243
1568301
1569062
1569344
1569400
1569724
1570738
1570872
1571431
1571678
1571905
1572154
1572575
1573131
1574070
1574113
1574504
1574609
1575317
1575589
1575660
1576735
1577440
1578992
1579145
1579200
1579201
1579622
1580252
1580339
1580377
1580665
1581340
1581543
1581937
1582601
1583856
1583982
1584202
1584402
1585794
1586567
1586569
1586659
1587465
1587705
1587841
1588160
1588162
1588245
1588292
1589303
1589549
1589783
1589949
1590036
1590608
1590955
1591154
1591716
1592022
1592334
1592493
1592560
1592600
1592876
1594076
1594173
1594193
1595320
1596510
1596885
1597752
1597818
1598385
1598938
1599183
1599810
1600278
1600526
1600702
1601599
1602062
1602093
1602170
1603157
1603720
1604710
1604767
1605019
1605112
1605159
1607367
1607420
1607633
1608169
1608953
1609017
1609074
1609100
1609450
1609636
1610680
1611561
1611749
1613968
1614209
1614332
1614414
1614528
1614724
1614737
1615099
1615357
1615359
1617027
1617617
1617788
1617912
1618021
1619521
1619531
1620016
1620244
1620298
1620364
1620398
1621082
1622132
1622721
1623753
1624219
1624266
1624359
1624562
1624873
1625122
1625217
1625226
1625732
1625866
1626039
1626631
1626745
1626905
1626907
1627010
1627220
1627304
1627553
1627646
1627712
1627830
1628075
1628457
1628690
1628953
1629361
1629450
1629502
1630579
1631427
1631712
1632348
1632433
1633306
1634594
1634789
1635334
1636269
1636338
1636895
1637429
1637729
1638862
1639387
1640113
1640231
1640454
1640737
1641142
1641352
1641700
1641965
1642196
1642825
1644538
1644636
1644916
1645106
1645392
1645833
1646413
1646534
1647227
1648145
1648160
1648841
1649338
1650226
1650825
1651236
1652758
1652838
1653088
1653214
1653231
1653704
1654387
1654447
1654911
1654967
1655121
1655272
1655744
1655874
1655911
1656212
1656244
1656645
1657389
1658358
1659583
1659739
1660150
1660559
1660896
1662372
1662873
1662984
1663084
1663892
1663979
1664111
1664344
1665504
1667024
1667308
1667366
1667530
1667781
1668326
1668597
1668647
1668681
1668709
1670859
1671181
1671232
1671312
1672550
1672555
1672825
1673850
1673902
1674031
1674424
1675134
1675222
1675437
1676100
1677267
1677551
1678543
1679434
1679881
1680011
1680127
1680187
1680693
1680754
1681565
1682460
1683140
1683285
1683606
1683787
1683965
1687043
1687929
1688382
1689320
1689437
1690074
1690314
1690732
1690738
1691664
1691692
1691773
1691854
1692326
1692410
1692418
1692833
1692839
1693020
1693729
1693743
1693910
1694636
1695008
1695167
1695770
1695926
1696778
1697221
1697549
1697742
1698718
1699008
1699147
1699313
1699599
1700523
1701023
1701143
1701905
1702485
1703128
1703254
1703572
1703893
1704495
1705790
1707141
1707322
1707456
1707607
1707904
1707929
1707995
1708729
1709672
1709799
1710036
1710336
1710736
1710826
1711007
1711080
1711317
1711627
1711978
1712547
1712714
1713072
1713414
1713986
1714743
1715544
1715687
1715995
1716788
1718207
1718466
1718549
1719741
1720158
1720161
1720982
1721420
1721950
1722709
1723834
1724462
1725430
1726099
1726658
1727607
1727822
1728261
1728731
1729302
1729562
1730846
1731366
1731857
1733041
1733806
1734059
1734991
1735605
1737490
1737858
1738165
1738229
1738360
1738934
1740878
1741420
1741459
1742104
1742203
1742250
1742460
1742869
1742915
1744301
1744436
1744975
1745568
1745613
1746052
1746091
1746857
1747072
1747521
1748111
1748118
1748348
1748354
1749581
1749665
1749988
1751278
1751331
1751371
1751384
1752520
1752626
1753546
1754179
1754752
1754824
1754990
1755049
1755448
1755964
1756420
1756823
1757734
1758013
1758420
1758811
1759517
1760094
1760527
1761063
1762247
1763301
1763325
1763657
1764518
1764893
1765548
1766034
1767293
1767295
1767393
1767750
1768065
1768410
1769032
1769309
1769560
1769579
1769601
1769640
1770154
1770188
1770646
1770803
1771248
1771544
1771650
1771890
1772188
1772742
1773270
1773739
1773839
1774231
1775342
1776889
1777652
1778436
1778600
1779402
1780336
1781095
1782775
1783140
1783171
1783866
1783972
1784000
1784244
1784582
1784664
1785430
1785542
1786355
1787562
1787922
1788122
1788319
1788769
1789457
1789566
1790110
1791336
1791893
1791994
1792710
1793840
1794109
1794808
1794941
1795230
1795275
1795620
1796781
1797266
1798092
1798353
1798548
1799096
1799322
1799959
1801710
1802018
1802699
1803100
1803454
1803519
1803628
1803841
1805000
1805342
1806269
1806474
1806776
1806831
1807048
1807099
1807114
1807207
1807503
1808278
1808712
1808800
1809199
1809684
1811087
1811848
1812095
1813588
1813695
1813723
1813809
1814543
1815176
1815207
1815272
1815750
1816018
1817217
1818144
1818463
1819526
1819682
1819786
1820062
1820756
1821416
1821536
1821601
1821835
1821882
1822234
1822901
1823085
1823212
1823287
1823556
1824462
1824579
1824650
1824682
1824969
1825068
1825256
1825533
1825806
1825878
1826243
1826273
1826540
1826629
1827407
1828090
1828440
1828463
1828814
1829172
1829215
1831177
1831452
1831773
1832102
1832244
1832672
1832787
1833174
1833200
1834253
1834648
1834649
1834716
1835464
1835684
1837402
1837829
1838301
1838489
1838634
1839080
1839262
1839615
1839935
1840303
1840369
1841445
1841596
1842247
1842930
1843321
1843430
1845215
1845564
1845721
1846828
1847266
1847772
1848110
1848372
1848885
1849473
1850316
1850807
1850949
1851162
1851904
1852910
1853422
1854321
1855323
1855548
1855604
1856421
1856525
1856804
1856947
1857388
1857481
1858118
1859187
1859730
1859790
1860009
1860934
1860952
1861149
1863162
1863561
1864207
1865290
1865889
1866355
1866461
1866621
1866850
1867268
1867491
1868305
1868896
1869044
1869234
1870226
1870335
1870373
1870638
1871488
1872060
1872559
1872747
1872762
1873342
1873526
1873561
1874943
1875410
1875686
1875874
1876029
1876402
1876947
1877338
1878206
1878335
1878394
1878425
1879099
1879120
1879207
1879523
1879539
1880745
1880858
1881801
1881895
1882147
1882162
1882453
1882857
1883646
1884151
1884844
1885401
1885660
1885694
1885803
1886669
1886826
1887369
1887862
1887881
1887943
1888194
1888349
1888743
1888934
1889139
1889279
1889358
1889397
1890262
1891546
1892275
1892763
1893214
1893847
1894331
1894395
1894892
1894974
1895285
1895804
1895966
1896110
1896689
1896823
1897123
1897454
1898041
1898193
1898574
1898832
1900485
1901199
1901309
1901794
1902274
1902756
1902848
1903112
1903502
1904430
1904694
1905065
1905308
1905666
1906248
1906535
1906690
1906915
1907035
1907124
1908049
1908341
1908718
1909240
1909243
1909464
1910320
1910549
1911221
1911532
1912020
1912127
1912404
1913408
1913488
1913617
1914595
1914710
1915235
1915468
1915844
1916418
1916899
1917435
1917798
1918537
1918664
1919170
1919848
1920207
1921144
1921396
1921831
1921854
1921881
1921884
1922200
1922643
1923068
1923291
1924026
1925545
1925562
1925748
1926259
1927258
1927651
1928134
1929159
1929301
1929505
1930110
1930274
1930637
1930696
1931091
1932952
1933123
1934250
1934257
1934726
1935886
1936134
1937257
1937633
1937668
1937684
1939190
1939226
1939918
1940436
1941404
1942586
1942971
1943148
1943213
1943639
1944460
1944471
1945130
1946273
1946773
1947916
1947975
1948009
1948666
1948685
1948819
1948864
1948910
1949868
1950332
1950444
1951613
1951698
1951724
1951737
1952128
1952543
1953322
1953539
1953900
1954392
1954692
1955129
1955654
1955720
1956140
1956294
1956655
1957524
1958323
1958329
1958540
1958709
1959432
1959470
1959923
1960280
1960801
1960980
1961408
1961732
1961834
1961842
1962913
1963224
1963956
1964890
1965905
1966406
1966886
1967135
1967207
1967422
1967555
1967579
1967820
1968198
1969242
1969976
1970128
1970175
1971177
1971285
1971492
1971502
1973107
1973530
1973799
1973949
1974147
1974162
1974291
1974707
1975500
1976173
1976823
1977362
1977870
1978334
1978411
1978758
1978797
1980056
1980384
1981459
1983014
1983133
1984215
1984742
1985007
1985073
1986173
1986909
1987018
1987231
1987420
1987888
1988331
1988600
1990552
1990593
1991214
1991488
1993273
1993853
1994044
1995156
1996131
1996747
1996962
1997323
1997384
1998013
1998215
1998483
1998993
1999191
1999716
2000578
2000629
2000787
2002092
2002226
2002255
2002386
2003449
2003563
2004268
2004378
2005207
2005244
2005768
2005822
2006324
2006632
2006791
2007179
2007183
2007243
2007642
2007781
2007821
2009165
2009521
2010218
2010561
2010593
2011553
2011615
2011806
2012100
2013045
2014567
2015009
2015214
2015393
2015687
2015776
2016120
2016673
2017136
2017146
2017342
2017998
2018123
2018656
2018914
2019288
2020060
2020200
2020359
2020440
2020471
2020536
2020996
2020998
2021177
2021481
2022465
2023432
2024725
2024808
2025398
2026453
2026563
2027691
2027756
2028071
2028112
2028352
2029519
2029916
2030129
2030545
2030900
2031022
2031742
2031901
2032302
2032366
2032416
2032537
2032542
2032683
2032952
2033012
2033231
2033319
2034406
2035362
2035370
2035449
2035622
2035679
2035924
2035936
2036189
2036200
2036692
2037336
2037424
2037891
2038122
2038218
2038248
2038571
2039717
2039854
2040064
2040185
2041070
2041882
2042650
2042971
2043111
2043156
2043321
2044627
2044917
2045308
2045840
2045982
2046452
2047016
2048250
2048488
2048804
2049203
2049634
2049859
2050212
2050381
2050444
2050536
2051817
2051974
2052632
2052642
2054747
2055493
2055785
2056183
2056291
2057282
2057885
2058205
2058389
2059579
2060744
2061250
2061535
2062218
2062671
2063269
2063918
2064142
2065679
2066401
2066454
2066839
2066851
2067110
2067445
2067969
2068448
2068458
2068898
2069624
2069689
2069814
2070042
2070364
2070612
2070874
2070942
2071752
2072776
2072986
2073373
2073666
2074219
2075861
2076003
2076071
2076713
2077377
2077598
2077646
2078308
2078802
2079030
2079096
2079176
2079526
2080955
2081519
2083011
2083217
2083259
2083322
2083576
2083843
2085113
2085434
2085618
2086882
2087666
2087717
2088192
2088321
2089427
2090284
2091286
2091877
2092393
2092659
2093049
2094230
2095269
2095272
2095592
2096496
2096589
2096891
2098318
2098716
2098929
2099612
2099919
2100319
2100377
2100970
2101145
2102327
2102583
2102810
2103073
2104575
2104674
2104959
2105064
2105133
2105362
2105819
2105997
2106070
2106114
2106434
2106586
2106627
2106996
2107105
2107205
2107234
2107846
2107967
2108222
2108344
2109378
2109492
2109807
2110208
2110218
2110340
2110618
2110703
2111259
2111418
2111489
2111838
2113400
2113446
2113727
2114530
2114687
2115553
2115564
2116316
2116427
2116543
2117010
2117067
2117664
2118136
2118569
2119728
2119729
2119903
2120265
2120300
2120510
2121608
2122255
2122304
2122443
2122721
2122807
2123193
2123620
2124270
2124582
2125418
2129179
2129224
2130283
2130798
2130839
2131282
2131541
2131837
2133213
2133336
2134256
2134699
2134873
2135068
2136637
2137237
2137585
2137731
2138507
2138827
2138964
2139251
2139866
2140211
2141073
2141367
2141539
2142025
2142364
2142594
2143530
2143608
2144001
2144003
2144337
2144372
2145392
2145482
2145653
2145718
2146036
2146130
2146200
2146217
2146516
2147282
2147448
2147874
2148209
2148326
2149524
2150792
2151715
2151768
2152035
2152203
2152273
2152308
2152871
2153465
2153835
2153930
2154395
2155295
2155873
2156140
2157671
2157719
2157874
2157973
2158263
2158343
2158893
2159928
2160164
2160429
2161245
2161835
2162002
2163408
2163872
2164397
2164713
2164940
2164992
2165320
2165521
2166043
2167182
2167341
2168489
2169127
2169346
2169792
2169832
2170587
2171838
2172565
2172957
2173872
2174115
2174572
2175836
2175970
2176347
2176521
2176881
2177573
2177872
2178095
2179432
2179516
2179662
2180208
2180886
2181323
2181486
2182184
2182228
2183061
2183755
2184581
2185495
2185951
2185974
2186283
2186996
2188667
2189120
2189396
2189526
2189799
2190419
2190738
2191558
2191777
2192720
2192875
2193870
2194301
2194733
2194779
2195112
2195302
2195390
2195494
2195730
2196342
2196464
2196768
2196874
2197020
2198548
2198590
2198613
2198802
2198884
2200003
2200207
2201457
2201900
2202045
2202411
2202715
2202726
2203035
2204604
2204772
2204848
2205229
2206262
2207560
2208378
2210698
2211963
2212228
2213518
2215107
2215119
2215991
2216600
2217436
2217988
2218259
2218707
2218797
2218838
2218858
2219507
2220196
2220835
2221867
2222039
2222606
2223159
2223382
2223555
2223837
2224100
2224116
2225552
2226684
2226931
2227133
2227729
2227762
2228268
2228386
2228665
2228872
2229181
2229400
2230874
2232270
2232468
2232529
2232872
2233531
2233680
2234339
2234394
2235293
2235312
2235441
2235755
2236632
2237183
2237478
2238709
2240234
2241031
2241094
2241311
2241456
2241496
2241516
2243265
2243616
2243734
2243991
2244180
2244687
2245256
2245528
2245764
2246593
2246825
2247039
2247060
2247665
2247897
2248402
2248514
2248543
2248747
2248837
2249524
2250860
2250880
2251183
2251867
2251884
2252354
2252852
2253011
2253817
2254271
2254571
2254748
2256124
2256585
2256836
2257243
2257718
2258718
2258973
2259000
2259073
2259681
2259849
2260050
2260221
2261036
2261107
2261140
2262885
2263800
2264028
2264126
2264201
2264527
2265356
2266482
2267237
2267488
2267593
2267756
2268730
2269563
2269903
2270621
2270768
2271408
2273151
2274008
2274259
2275381
2275532
2276264
2276349
2276419
2276461
2276516
2276669
2276917
2277127
2277253
2277939
2278562
2279186
2279659
2279684
2280603
2281136
2281177
2282283
2282512
2282609
2282798
2283826
2284143
2284513
2284945
2285013
2285380
2285553
2286438
2286518
2286762
2287150
2287395
2287671
2288431
2288613
2289197
2289701
2290140
2290335
2290676
2290769
2291505
2291660
2291792
2292372
2293006
2293635
2294303
2294502
2294999
2295409
2295659
2297017
2297545
2297832
2298168
2298459
2299198
2299671
2299890
2300646
2301074
2301559
2301697
2301916
2302143
2302332
2302885
2303101
2303577
2303667
2304118
2304416
2305476
2305562
2305859
2306371
2306703
2306826
2307142
2310794
2311376
2311617
2311780
2311949
2312281
2312658
2313581
2314282
2315514
2315697
2315710
2315819
2317122
2317753
2317791
2317918
2317927
2318901
2319162
2319273
2321417
2322046
2322072
2322411
2323104
2323900
2324521
2324720
2326317
2326394
2326764
2327089
2327517
2327789
2328050
2328422
2329225
2329449
2329895
2330086
2330257
2330786
2332651
2333384
2333717
2334020
2334141
2334386
2334783
2334936
2335537
2335853
2336476
2336927
2337846
2337943
2338989
2339253
2339936
2340113
2340664
2340912
2340974
2341383
2341465
2341726
2341887
2342059
2342078
2344450
2344534
2345063
2345379
2345394
2345407
2345571
2345779
2346364
2346381
2346575
2346778
2347852
2348166
2348935
2350180
2350508
2350941
2351016
2351252
2351640
2351723
2352002
2353230
2353262
2353474
2354463
2354489
2355139
2357730
2359303
2359602
2360743
2360833
2360978
2361110
2361237
2361330
2363703
2365107
2365292
2365490
2365625
2366357
2366597
2367314
2368006
2368765
2368960
2369009
2369320
2369370
2369638
2369662
2369942
2371733
2372476
2372686
2373051
2373146
2373228
2373258
2373369
2373744
2374389
2374814
2375742
2376356
2376634
2376769
2376867
2377039
2377053
2377551
2377644
2377756
2378199
2379253
2380676
2380814
2381232
2381394
2381977
2382756
2383301
2384455
2385192
2385273
2385277
2385365
2385500
2386053
2386137
2387622
2388689
2389092
2389152
2389625
2389994
2390224
2390311
2390672
2391171
2391334
2391489
2391924
2392580
2393143
2393808
2394028
2394309
2394785
2395258
2395450
2395765
2396225
2396262
2397095
2397459
2398127
2398813
2398922
2399080
2399124
2399353
2399406
2399875
2400122
2400163
2400879
2401089
2401394
2401457
2401482
2401557
2402458
2402626
2402759
2403317
2403508
2403667
2403762
2404291
2404415
2404579
2406143
2406537
2407059
2407567
2408343
2408495
2408760
2408892
2409068
2409731
2411710
2411745
2412337
2412689
2414117
2414154
2414659
2414816
2414953
2415598
2416886
2417821
2417862
2417935
2418355
2418486
2419337
2419549
2419701
2419938
2420435
2421023
2421039
2421369
2421740
2421795
2421873
2422389
2422489
2422581
2422605
2422805
2423386
2423801
2423860
2424380
2424853
2425007
2425199
2425770
2426452
2426757
2426814
2426947
2428790
2429205
2429239
2429289
2429315
2430173
2430317
2430465
2431307
2431509
2432525
2433502
2433829
2435226
2435515
2436084
2436138
2436175
2436975
2436983
2437227
2437368
2437376
2437461
2438062
2438404
2438454
2438501
2438786
2438824
2439138
2439185
2439840
2439861
2440135
2440210
2440534
2440660
2440799
2441137
2441323
2441395
2441663
2442461
2442787
2443041
2443239
2444602
2445220
2445772
2446273
2447465
2447581
2447635
2447760
2448619
2448833
2449595
2450402
2450408
2451614
2451729
2452285
2452463
2452481
2452605
2453466
2454217
2454291
2454396
2454445
2454537
2455173
2455458
2455510
2455646
2455853
2456907
2457524
2457602
2458057
2458613
2458690
2458822
2459181
2459645
2459833
2460246
2460296
2460639
2461495
2461518
2462134
2462239
2462661
2462782
2462848
2462876
2463282
2465045
2465637
2465953
2466391
2466875
2466951
2467285
2468046
2469065
2469172
2469260
2469614
2471835
2472139
2472179
2472205
2472531
2475049
2475307
2476310
2476641
2477084
2477582
2477705
2477785
2478098
2478855
2478998
2479050
2479484
2482209
2483991
2484006
2484052
2484487
2485116
2485651
2486440
2487035
2487305
2487704
2488027
2488073
2488477
2488494
2489096
2491410
2491420
2491785
2492541
2492802
2492815
2493334
2493412
2493425
2493509
2493884
2494130
2494645
2494775
2495950
2496013
2497293
2498196
2498400
2498824
2499028
2499582
2499687
2500781
2501134
2501742
2501777
2501830
2502027
2502161
2502660
2503487
2503608
2504540
2504825
2504925
2505086
2505245
2505276
2505496
2506248
2506717
2506923
2507099
2507451
2507938
2509773
2510168
2510931
2511231
2511418
2512508
2512638
2512747
2513110
2513182
2513530
2514085
2514105
2514370
2515061
2515454
2515530
2515731
2515796
2516574
2517304
2518301
2519424
2519561
2519916
2520116
2520328
2520500
2520533
2520896
2522229
2522355
2522822
2522838
2523462
2523773
2524181
2524308
2524517
2525673
2525791
2526507
2526707
2526877
2527966
2528070
2528400
2528816
2529249
2529934
2530127
2530291
2530383
2530764
2530945
2531127
2531141
2531425
2531842
2531873
2532445
2532565
2533290
2533505
2533655
2533928
2533997
2534783
2534998
2535958
2536240
2536337
2537029
2537593
2537619
2537931
2537939
2537947
2537976
2538094
2538308
2538345
2538539
2539517
2540341
2540367
2540923
2541122
2541178
2541631
2542144
2542810
2543624
2544014
2545223
2545364
2545378
2545958
2546320
2546347
2546376
2547219
2547353
2547700
2548288
2548671
2548949
2549963
2550438
2551683
2552123
2552385
2552698
2552772
2552996
2553346
2553461
2553604
2553756
2554180
2554571
2554806
2554873
2555155
2555652
2556292
2556775
2558649
2558938
2558993
2559111
2559132
2559208
2559825
2560524
2561035
2561106
2561192
2561427
2561902
2562017
2562843
2563387
2564177
2564202
2564524
2564851
2566181
2566341
2568231
2568437
2568676
2569065
2569955
2570605
2570765
2570778
2570930
2571127
2571163
2571628
2572720
2573200
2573491
2573683
2574143
2574163
2574504
2574648
2574737
2575321
2575795
2575881
2576085
2577138
2577476
2578015
2578080
2578144
2578958
2579025
2579540
2580224
2580317
2581393
2581481
2581489
2582181
2582320
2582622
2583247
2583752
2583867
2583934
2584089
2584476
2585972
2586674
2586933
2587789
2588455
2588820
2589134
2589919
2590301
2590475
2590633
2591603
2592079
2592892
2593096
2593340
2593435
2593526
2593712
2593815
2594532
2594565
2595243
2595850
2596104
2596948
2598197
2598384
2598410
2598767
2598868
2599229
2599530
2599668
2599929
2600976
2602016
2602321
2602828
2602966
2603729
2604238
2604521
2604581
2605072
2605150
2605481
2605939
2607160
2607233
2607335
2607805
2607984
2609326
2609370
2609492
2609577
2610193
2610416
2611314
2611649
2611984
2612466
2612564
2613527
2613900
2614121
2614693
2614700
2615111
2615375
2615529
2615664
2615947
2616243
2616424
2616842
2617409
2617805
2618021
2618286
2618679
2619193
2619342
2619558
2620067
2620218
2620250
2620571
2621425
2621674
2621724
2621932
2621986
2622115
2622348
2623168
2623212
2623303
2624550
2624757
2625784
2625915
2625961
2626153
2626487
2627136
2627235
2627346
2627795
2627906
2628049
2628166
2628332
2628344
2628382
2628526
2628938
2629178
2629998
2631331
2631529
2631733
2631876
2632110
2632364
2633011
2633012
2634560
2634568
2634580
2635133
2635274
2635429
2635873
2635956
2636497
2636665
2636918
2637234
2637547
2638089
2638134
2638198
2638707
2639811
2640264
2640826
2640996
2641210
2641219
2641352
2642084
2642211
2642352
2642522
2642532
2643069
2643083
2643246
2643845
2643988
2644350
2644470
2644490
2644626
2645097
2646846
2646868
2647788
2648139
2648165
2648786
2650180
2650312
2650318
2650481
2650813
2651132
2651540
2651686
2653140
2653398
2653593
2654611
2654634
2654867
2655098
2655274
2655275
2656562
2656919
2658877
2659047
2659433
2659486
2659718
2660711
2660825
2661875
2661942
2662028
2662995
2664078
2664390
2664459
2665020
2665305
2666272
2666815
2667319
2667352
2668063
2668158
2668366
2669282
2669695
2669836
2670003
2671121
2671631
2672146
2673242
2673357
2673590
2675182
2675632
2676378
2676387
2676394
2676712
2677281
2677537
2677625
2677764
2677989
2678043
2678101
2678505
2679836
2680677
2681293
2681359
2681645
2682284
2682447
2682457
2682598
2683821
2684556
2684626
2685119
2685377
2685386
2685895
2686117
2686880
2687222
2688034
2688741
2688866
2688960
2690672
2690697
2690875
2691214
2691396
2691438
2691835
2692292
2692602
2692679
2692874
2693020
2693085
2693471
2694278
2694349
2695168
2696201
2696810
2696961
2697609
2697985
2698041
2698087
2698189
2699189
2699349
2699592
2700326
2701132
2701383
2701442
2701455
2701955
2702216
2702313
2702582
2702731
2702776
2703322
2703833
2704527
2704539
2704791
2705856
2706160
2706556
2707205
2707904
2708030
2708372
2708405
2708426
2708728
2710995
2712248
2712558
2712693
2713124
2713201
2713205
2713578
2713957
2715274
2716512
2719131
2719566
2719851
2720973
2721059
2721529
2721978
2722092
2722400
2722546
2722723
2722881
2723383
2723812
2723901
2724927
2724946
2725094
2726003
2726656
2726865
2727144
2727482
2727545
2727779
2728136
2728206
2728545
2728729
2729713
2729722
2731174
2732343
2732652
2732800
2733137
2733268
2733573
2733903
2733998
2734349
2734588
2735696
2736383
2736779
2737137
2737999
2738027
2738195
2738496
2738761
2738824
2739626
2739701
2739752
2740267
2740324
2740834
2741192
2741621
2741705
2741943
2742259
2742359
2742650
2742732
2743162
2743570
2743688
2744256
2744932
2745198
2745470
2746685
2746828
2746832
2748234
2749455
2750787
2751065
2751095
2751924
2751939
2752101
2752114
2753017
2753172
2753855
2754038
2754236
2754262
2754939
2755351
2756460
2756950
2757225
2757993
2758748
2759530
2759947
2760021
2761785
2762713
2762979
2763082
2763457
2763473
2764097
2764264
2764277
2765097
2765368
2766169
2766293
2766479
2767148
2768071
2768475
2768875
2769330
2769498
2769607
2769654
2769708
2769858
2770280
2770419
2770718
2771054
2771835
2772095
2772954
2773918
2774032
2774165
2774219
2774409
2774669
2775051
2775374
2775380
2775499
2775700
2776055
2777561
2778140
2778653
2778672
2778774
2779210
2780277
2782032
2782643
2782679
2783829
2783953
2784122
2784135
2784507
2785139
2785319
2785893
2786173
2786325
2786362
2786506
2786576
2786759
2787774
2788061
2788247
2789237
2789978
2790234
2790773
2790921
2791404
2791517
2791894
2792064
2792437
2792603
2793110
2793305
2793698
2793781
2794085
2794379
2794469
2794732
2794760
2794778
2794784
2795217
2796267
2796343
2796417
2796444
2796446
2797318
2797641
2798721
2798988
2799027
2799222
2800098
2800247
2800369
2800545
2801127
2801195
2801375
2801530
2801946
2802466
2802884
2802899
2803009
2803453
2803523
2803678
2803814
2804102
2804416
2804446
2804816
2805366
2805422
2806949
2807001
2807190
2808170
2809132
2809448
2809849
2810678
2810972
2811399
2812497
2812521
2812587
2813727
2814521
2814870
2815188
2815237
2815673
2815678
2816476
2816730
2817508
2818186
2818705
2819065
2819322
2819398
2819502
2819563
2820499
2820796
2822095
2822243
2824385
2824386
2824787
2824844
2824976
2825186
2825218
2826631
2827280
2827287
2827650
2827707
2828590
2828632
2828999
2829617
2829698
2829980
2830064
2830279
2830838
2830871
2830965
2831180
2831275
2831652
2831669
2832438
2833774
2835154
2835272
2835683
2835715
2835802
2836098
2836244
2836281
2836570
2836941
2838064
2838099
2838178
2838866
2840532
2840880
2841297
2841435
2841673
2842073
2842813
2843127
2843450
2844062
2844931
2844988
2845645
2846955
2848261
2848474
2849330
2849419
2851021
2851131
2851698
2852008
2852020
2852550
2853737
2854748
2856089
2856429
2856523
2859097
2859585
2859850
2860408
2860733
2860862
2860894
2861118
2861995
2864122
2865036
2865702
2865883
2866444
2867573
2867648
2867652
2868318
2868980
2869237
2870502
2870686
2871140
2871892
2872761
2872792
2872856
2873109
2874204
2874525
2874637
2875835
2877121
2877349
2877511
2877891
2878656
2879613
2879693
2880841
2881220
2881557
2882103
2882128
2882352
2882413
2883419
2884180
2884494
2885857
2885910
2886677
2886812
2887410
2888867
2889459
2889550
2889628
2890242
2890358
2890756
2891273
2891764
2892291
2892694
2893338
2893355
2893795
2894109
2894709
2894859
2895016
2895148
2896033
2896207
2896299
2896440
2896625
2898752
2898938
2899784
2899789
2900304
2901892
2903295
2904266
2904413
2904527
2904939
2905050
2905262
2906712
2906960
2907124
2907309
2907775
2908311
2908371
2908656
2908824
2909053
2909251
2909988
2910241
2910399
2911175
2911330
2911648
2911737
2912414
2912475
2912793
2913833
2914829
2914877
2915851
2916783
2916920
2917199
2917213
2917756
2917813
2917993
2918138
2918318
2918580
2918602
2919181
2919880
2920864
2921086
2921378
2921594
2921604
2921928
2922146
2922988
2924355
2924402
2924496
2924508
2924725
2924900
2925216
2925873
2926106
2926155
2926190
2926208
2926274
2926843
2926848
2926964
2926992
2927687
2928118
2928841
2929599
2930709
2931223
2931652
2932259
2932912
2932965
2933391
2934024
2934638
2936059
2936278
2936560
2936981
2937031
2938194
2938298
2938477
2939253
2939466
2939511
2939518
2939726
2939800
2940795
2941406
2941738
2942044
2942281
2944466
2945150
2945331
2945718
2945750
2945844
2945862
2946000
2946471
2946953
2948016
2948144
2948297
2948559
2948826
2949191
2949414
2949879
2950394
2950529
2951107
2953739
2953966
2954117
2954621
2954644
2954810
2955370
2955421
2955672
2956670
2956683
2956690
2957463
2957711
2958583
2959033
2959045
2960163
2960879
2961182
2961683
2962582
2962802
2964950
2966035
2966702
2966744
2967346
2967631
2968011
2968685
2968978
2969058
2969061
2969170
2969192
2969512
2969904
2970263
2970538
2970628
2970723
2970879
2971032
2971204
2971701
2972261
2972335
2972653
2972816
2972818
2973277
2973288
2973698
2974669
2975335
2975429
2976100
2976695
2977188
2977223
2977353
2977603
2977715
2978915
2979155
2979558
2980266
2980557
2980804
2981720
2982096
2982460
2982834
2983220
2984398
2985230
2985429
2985950
2986321
2986372
2986552
2987369
2987393
2988000
2988668
2989256
2989393
2990653
2990836
2991091
2991666
2991836
2992173
2992283
2992352
2992358
2993313
2993323
2995158
2995254
2996890
2997342
2998601
2998973
2999111
3000928
3001318
3001531
3001871
3002063
3003563
3003845
3004581
3004752
3004883
3005567
3005613
3005708
3006108
3006656
3006701
3006716
3007286
3008261
3008413
3010420
3010788
3012202
3012810
3013104
3013141
3014195
3014236
3014258
3015882
3016295
3017668
3018239
3019488
3019557
3019995
3020234
3020867
3021460
3021896
3021994
3022009
3022780
3022979
3023341
3024804
3025322
3025441
3026009
3026289
3026311
3026956
3027261
3027517
3027687
3028393
3029183
3029501
3030058
3030392
3030589
3030605
3032971
3032984
3033151
3034345
3034472
3034475
3034688
3034708
3035648
3035859
3036097
3037277
3037340
3038094
3038382
3038874
3038932
3039898
3040261
3040627
3040651
3041830
3042411
3042575
3043219
3043774
3043812
3043887
3043948
3044110
3044418
3045272
3045795
3045845
3046524
3046745
3046747
3047001
3047040
3047474
3047713
3047920
3048738
3049042
3049139
3049212
3049439
3049789
3050210
3050437
3052327
3052753
3052896
3053202
3053687
3054141
3054153
3054593
3055217
3055386
3056506
3057329
3057341
3057939
3058528
3058597
3058685
3059057
3059064
3059219
3059328
3059451
3060149
3060223
3060310
3060333
3060480
3060944
3061547
3061834
3062088
3062905
3063682
3064219
3064309
3065158
3065447
3066307
3066519
3066895
3066932
3067086
3067799
3068549
3068857
3069033
3069326
3069437
3069445
3070173
3070659
3071165
3072371
3072425
3072581
3072759
3073054
3074843
3075141
3076164
3076256
3076324
3076376
3076387
3076612
3076757
3077420
3077510
3079480
3080020
3080674
3080848
3081476
3081493
3081551
3081647
3081770
3081925
3082497
3082872
3083141
3083393
3083591
3083879
3084583
3084793
3086239
3086241
3087558
3087769
3088064
3089337
3089742
3089917
3091608
3092064
3092245
3092354
3092794
3093237
3093366
3094229
3094494
3094553
3096000
3096771
3096870
3097567
3097680
3098574
3098605
3098896
3099216
3100257
3101195
3101388
3102042
3103497
3103832
3104342
3104603
3104665
3104832
3104846
3105475
3105813
3105847
3106428
3106828
3107283
3108971
3109395
3109495
3109729
3109951
3110388
3110454
3112580
3112890
3112928
3113342
3113345
3113401
3113542
3113736
3113888
3114199
3115145
3115219
3115392
3116398
3117823
3117938
3118380
3118496
3118515
3118900
3119137
3119202
3119227
3119454
3119592
3120431
3121093
3121173
3122167
3122179
3122769
3123169
3123604
3124443
3125394
3125482
3125985
3126981
3127176
3127442
3128029
3128243
3128538
3129137
3129530
3129690
3130024
3130218
3130472
3130770
3130851
3131876
3131967
3132818
3132876
3133457
3134577
3134630
3134934
3135265
3135681
3137125
3137763
3138096
3138424
3138617
3138867
3139484
3139806
3140192
3140502
3140738
3140955
3140976
3141155
3141662
3141689
3142418
3142491
3142574
3143959
3144443
3144543
3144557
3144800
3145285
3145662
3145800
3145931
3146283
3148333
3148576
3149020
3149565
3149729
3149751
3149791
3150070
3150316
3151106
3151580
3152244
3152323
3153464
3154094
3154162
3154810
3155116
3155650
3156003
3157576
3159059
3159200
3159723
3159891
3160639
3160683
3160795
3161336
3161398
3161771
3161805
3161997
3162374
3162471
3164623
3165781
3166160
3166539
3166942
3167118
3167465
3167676
3167706
3168277
3168342
3168462
3169312
3169645
3169850
3169951
3170263
3170324
3171046
3171891
3172377
3172565
3172612
3173174
3173399
3173682
3174460
3174503
3174539
3174545
3174546
3175179
3175576
3175990
3176443
3176806
3177159
3177432
3177894
3179110
3179699
3180276
3180463
3180538
3181015
3181037
3181180
3181806
3181831
3182264
3182357
3182547
3183319
3185073
3185114
3185519
3185679
3186645
3187454
3188154
3189399
3190209
3191037
3191253
3191766
3192137
3192398
3193021
3193455
3194170
3195088
3195423
3195678
3196903
3197371
3197441
3197972
3198745
3199087
3199141
3199372
3199424
3199506
3199741
3199753
3199780
3200560
3201949
3202354
3202464
3204259
3204520
3205169
3205184
3205193
3205407
3205565
3205780
3205818
3206488
3206518
3206966
3207133
3207212
3207615
3208045
3209011
3209242
3209329
3209359
3210291
3210542
3212908
3212980
3214439
3215077
3215513
3216066
3216067
3216202
3216319
3216391
3217929
3218571
3218886
3220591
3220883
3221383
3221902
3222198
3222520
3223582
3224290
3224513
3225506
3225650
3225952
3226064
3226353
3227126
3227605
3228085
3228860
3229744
3229947
3230357
3230550
3230698
3231686
3232688
3232827
3233119
3233158
3233620
3234207
3236902
3237256
3237947
3240499
3241097
3242222
3242490
3243530
3243658
3244224
3245533
3245576
3246295
3246309
3246547
3246864
3247134
3247202
3247225
3247388
3249087
3250126
3250280
3251188
3251233
3251494
3251787
3252105
3252197
3252523
3252601
3252750
3252812
3252849
3253886
3254562
3254618
3256408
3256680
3256746
3256759
3257138
3257484
3260079
3260450
3261296
3261519
3261547
3262625
3263170
3263239
3265154
3265520
3266218
3266641
3266736
3267535
3268505
3268534
3270669
3271318
3271429
3272064
3272242
3272368
3272642
3272849
3273338
3273569
3274017
3274632
3274703
3275742
3276043
3276048
3276583
3276620
3276823
3276960
3277408
3277420
3279034
3279458
3280311
3280761
3281498
3281521
3282225
3282685
3282845
3284021
3284256
3284679
3286511
3287112
3287333
3287351
3287564
3288945
3289196
3289296
3289617
3290741
3290975
3291186
3292357
3292587
3292618
3292967
3293218
3293714
3293777
3294116
3294830
3295008
3295251
3295361
3295388
3295704
3296392
3297109
3297111
3297164
3297638
3297932
3298060
3298201
3298777
3299189
3299590
3299863
3301777
3302297
3302510
3303267
3303768
3304947
3305513
3306556
3306646
3307185
3308217
3308684
3308774
3308872
3309640
3309753
3311767
3313467
3313822
3314870
3315091
3315411
3315714
3315788
3315833
3316702
3316849
3317110
3317402
3318266
3318425
3319259
3319502
3320078
3320512
3320743
3320845
3321017
3321203
3321570
3321674
3322157
3324078
3325092
3325626
3327273
3327776
3327815
3328797
3329229
3329420
3329448
3330062
3330254
3330964
3331461
3331751
3332286
3332290
3332813
3333093
3333184
3333196
3334785
3334905
3336303
3336976
3337158
3338323
3339298
3340032
3340192
3341360
3341506
3341791
3342161
3343567
3343692
3343813
3343893
3343926
3344071
3344178
3344244
3344342
3344634
3344789
3344938
3344945
3345423
3345704
3345975
3346204
3346783
3347220
3347942
3348267
3348343
3348617
3348840
3349253
3350018
3350367
3350516
3350617
3351237
3351889
3353453
3353467
3353661
3354485
3354710
3355067
3356787
3357301
3358190
3358456
3359179
3360081
3361411
3362583
3362622
3363192
3363272
3363696
3364646
3364736
3365430
3365498
3366003
3366081
3366276
3366454
3366622
3367714
3368932
3369434
3369946
3371147
3371557
3372093
3372342
3372380
3373013
3373355
3375634
3376142
3376484
3377655
3378005
3378058
3381558
3381582
3381585
3382205
3382404
3382413
3383384
3384409
3384646
3384666
3384708
3385576
3385778
3385848
3385976
3386643
3388066
3388582
3389035
3389654
3389771
3389969
3390302
3390360
3390397
3390852
3391002
3392010
3392069
3392131
3392190
3392450
3392870
3392910
3393844
3394000
3394140
3394268
3394326
3395117
3395669
3396103
3396810
3397515
3397701
3398966
3399121
3399240
3399641
3399826
3400743
3400944
3401450
3402478
3402776
3402867
3404035
3404402
3405117
3405604
3405827
3406468
3407873
3408561
3408572
3408672
3408946
3409198
3409393
3410593
3410868
3411078
3411314
3411901
3412518
3412667
3412840
3412864
3413347
3413646
3414736
3415112
3415288
3415525
3415901
3416463
3416503
3416621
3416642
3417079
3417174
3418283
3418821
3419115
3419156
3419602
3419625
3420138
3420350
3420868
3421266
3421290
3421405
3421946
3421957
3422121
3422215
3422821
3423616
3423800
3424450
3424586
3424696
3424727
3424794
3424989
3426035
3426260
3426947
3427084
3427427
3427748
3427836
3428267
3428283
3428404
3428996
3429921
3430361
3430375
3431669
3431897
3431989
3432676
3433006
3433321
3433389
3433420
3433529
3434119
3434358
3434454
3434906
3435131
3435542
3435686
3436077
3436279
3436462
3436676
3437455
3437515
3437749
3437852
3438514
3439153
3439857
3440654
3442112
3442247
3442404
3443670
3444162
3444610
3445037
3446058
3447148
3447271
3449225
3449440
3449507
3450035
3450037
3451260
3453690
3453709
3453751
3454046
3454091
3454396
3454532
3455507
3455535
3455905
3456297
3456526
3456657
3457011
3458055
3458191
3458838
3459009
3459550
3460641
3460826
3460953
3461794
3462331
3462380
3462963
3463057
3463510
3464295
3464597
3464604
3464992
3465896
3465956
3466534
3466613
3467466
3467643
3468308
3468865
3469306
3469745
3470187
3470357
3470402
3471462
3472195
3473609
3474572
3475461
3475964
3476172
3476838
3477228
3477794
3478496
3479033
3480005
3481228
3481623
3481691
3481965
3482427
3483733
3485147
3485224
3485259
3485443
3485731
3485915
3486508
3487095
3487135
3488294
3488450
3488781
3489345
3490085
3490869
3491437
3491979
3492000
3492193
3492937
3493161
3494254
3494339
3494364
3494679
3494962
3495257
3495359
3495716
3496726
3498980
3499232
3500183
3500208
3500774
3501041
3501682
3501768
3502424
3503065
3503634
3503636
3503653
3503688
3503870
3504560
3504879
3506596
3506684
3506749
3506882
3507037
3507294
3507537
3507973
3508273
3508350
3508501
3509849
3509881
3510448
3510799
3511218
3511678
3511913
3512001
3512109
3513080
3513402
3513558
3515201
3515452
3515564
3516490
3516560
3518123
3518312
3518372
3519304
3519720
3519777
3520864
3520960
3520983
3521239
3521419
3521998
3522739
3522978
3523164
3523543
3523774
3524045
3524627
3524643
3525317
3525818
3526763
3526986
3527499
3527559
3528178
3528598
3528704
3528754
3528800
3529399
3529450
3529465
3529663
3530538
3531634
3531802
3531917
3532045
3532549
3533274
3533716
3534289
3534719
3534896
3535335
3536375
3536541
3536577
3536763
3536873
3537146
3537329
3537381
3537474
3537748
3540128
3540538
3540591
3540672
3541009
3542174
3542555
3542819
3543610
3543651
3544288
3544718
3544751
3544770
3545060
3545448
3545778
3546179
3546289
3546363
3546881
3548738
3548743
3548830
3548896
3550052
3550294
3551064
3551202
3552007
3552453
3552653
3552682
3553416
3553779
3553881
3554214
3555025
3555330
3555339
3555642
3555666
3556587
3557024
3557343
3557415
3557933
3558556
3559044
3559300
3559499
3559978
3560146
3560280
3560768
3560974
3561500
3561983
3561993
3563190
3563993
3565678
3565880
3566966
3567082
3567148
3567461
3568136
3569456
3569777
3569820
3569827
3570720
3570739
3571313
3571423
3571752
3572135
3572635
3572989
3573100
3574110
3574254
3574315
3574488
3574884
3575342
3575361
3576409
3576725
3577104
3577664
3578276
3579958
3580148
3580219
3580360
3582723
3583995
3584364
3584826
3584925
3585096
3585131
3585309
3585565
3585967
3586863
3590380
3590439
3590565
3590834
3591057
3591838
3592693
3593498
3595986
3596352
3596839
3597108
3597483
3597686
3599683
3600079
3600587
3600941
3601228
3601267
3602139
3602745
3602802
3602962
3603045
3603515
3603713
3604592
3604906
3605408
3605518
3606477
3606884
3607045
3607428
3607806
3607854
3608177
3609087
3609430
3611165
3611382
3611823
3612349
3612364
3612452
3612496
3612851
3612882
3612929
3614383
3614390
3614642
3614697
3614933
3615616
3615718
3615976
3616260
3617456
3617505
3618348
3618397
3619495
3620480
3620530
3621272
3621405
3621592
3621664
3621901
3622049
3622606
3623192
3623332
3623625
3624084
3624640
3624783
3626073
3626246
3626663
3626768
3627361
3627510
3627646
3628335
3629007
3629935
3631751
3632876
3633153
3633451
3633653
3634005
3635320
3635698
3635748
3636113
3636844
3636846
3637179
3637409
3637956
3638167
3638390
3638713
3639128
3639317
3641000
3641417
3641601
3642179
3642299
3643144
3643517
3644117
3645250
3645418
3645771
3645815
3645871
3646448
3646858
3647143
3647310
3647485
3648095
3648117
3650138
3650187
3650203
3650502
3651141
3651192
3651373
3652179
3652535
3652883
3652947
3653572
3654236
3656853
3656926
3656945
3657665
3658663
3658711
3658767
3658856
3659615
3659722
3659909
3659940
3660264
3660387
3660699
3660812
3661091
3661137
3661638
3661890
3662254
3662621
3662963
3663072
3663292
3663370
3663517
3663631
3664268
3664360
3664404
3664856
3665300
3665400
3666038
3666423
3666435
3667292
3667360
3667955
3668882
3669776
3669890
3670790
3670796
3670850
3670855
3670947
3670949
3671104
3671259
3671641
3672132
3672151
3672669
3673076
3673255
3673320
3674590
3676544
3677600
3677696
3678525
3678690
3678754
3679062
3679208
3679221
3679290
3679340
3680060
3680643
3681379
3681859
3684931
3684933
3684975
3685060
3685120
3685331
3685368
3685622
3686163
3686779
3687273
3687559
3688546
3688953
3691291
3691336
3691496
3691787
3692718
3693316
3693715
3693875
3694159
3694367
3694731
3694935
3694965
3695906
3695938
3696043
3696087
3696605
3696609
3696745
3697370
3697464
3697516
3697815
3698229
3698386
3698871
3699144
3699677
3699752
3700261
3700608
3701789
3702036
3702216
3702219
3702244
3702444
3703091
3703414
3703789
3703900
3704167
3704178
3704231
3704562
3704818
3705214
3707752
3708419
3709002
3709347
3710975
3711228
3711676
3712287
3712291
3712611
3714242
3714546
3714573
3714691
3714712
3714948
3717091
3717239
3717611
3718057
3718121
3718371
3718936
3720222
3720813
3720863
3720910
3721269
3721847
3722154
3722765
3722847
3723322
3724220
3725192
3725298
3725531
3725790
3726445
3726907
3727221
3728590
3729464
3731219
3731687
3732041
3732381
3733164
3733538
3733835
3734405
3734473
3734623
3734653
3735222
3735759
3735869
3736179
3736768
3737465
3737502
3738807
3739186
3740356
3741988
3742437
3742688
3742874
3742895
3742986
3742995
3743330
3743936
3744062
3744402
3745491
3745831
3746896
3746917
3747494
3747666
3747893
3748565
3748740
3749929
3750720
3751038
3752152
3752294
3752565
3752747
3753073
3753455
3754393
3754801
3755454
3756068
3756260
3756646
3756985
3757388
3757858
3758887
3758892
3759773
3761159
3762703
3763465
3764830
3764934
3764954
3765895
3765921
3766416
3767312
3768296
3768313
3768485
3769207
3770258
3770782
3770887
3771163
3771574
3772216
3772225
3772267
3772273
3772351
3772474
3772698
3772811
3772925
3773106
3773231
3773442
3773496
3773945
3775361
3775386
3775641
3776147
3777916
3779078
3779760
3780758
3780998
3781140
3781162
3781396
3781550
3781779
3782666
3783126
3783263
3784008
3785270
3785748
3787731
3788664
3788788
3789198
3789233
3789366
3789456
3789817
3790585
3790899
3792990
3793682
3794097
3794216
3794266
3794425
3794730
3795838
3796074
3796234
3796514
3796761
3797214
3797355
3797484
3797490
3798281
3798652
3799508
3799559
3799649
3799758
3799852
3799953
3801252
3801697
3802037
3802572
3802611
3802828
3802985
3803261
3803330
3803490
3803677
3804408
3804635
3805497
3805661
3806460
3806575
3807314
3807526
3807651
3807769
3807919
3808152
3808154
3808316
3808488
3808584
3808888
3809244
3809630
3809648
3810378
3810449
3810552
3811167
3812751
3812977
3813142
3813173
3813204
3813212
3816206
3816402
3816721
3818517
3819524
3819648
3821091
3821225
3821849
3823476
3823490
3823647
3823876
3824018
3824193
3824949
3824950
3824987
3825106
3825195
3825413
3826076
3826633
3826689
3827262
3827299
3827607
3828116
3828427
3828653
3829061
3829241
3830550
3830891
3830992
3831081
3833029
3833033
3833106
3833486
3833916
3834506
3835128
3835191
3835349
3835583
3835617
3836462
3836493
3836710
3837121
3837250
3837428
3838412
3838437
3839958
3840758
3841149
3841410
3841999
3842405
3843206
3843499
3843857
3844387
3844483
3844663
3846068
3846457
3846752
3847866
3848355
3848359
3848515
3849129
3849486
3849508
3849511
3849804
3849869
3850794
3851174
3851579
3851603
3852342
3852932
3852956
3853324
3853549
3853751
3853765
3854286
3855494
3855597
3856618
3857007
3857209
3857768
3857904
3858157
3858821
3859142
3859391
3859910
3861791
3861827
3863268
3864537
3864677
3864803
3866543
3866728
3867556
3867875
3867975
3868622
3869390
3869726
3869867
3870249
3870889
3871866
3872854
3872986
3872989
3873855
3874058
3875077
3875932
3877491
3877492
3877556
3877575
3878652
3880125
3880709
3882363
3882432
3882970
3883179
3884565
3885164
3885329
3885664
3886064
3886135
3886451
3887388
3887705
3887966
3888175
3888204
3888738
3889473
3890255
3890455
3890960
3892674
3893192
3893236
3894375
3894735
3894865
3895224
3895531
3896277
3896445
3896776
3896849
3896883
3899347
3899366
3900189
3900802
3900930
3901137
3901561
3901623
3902241
3902264
3902298
3902749
3903247
3903273
3903565
3903997
3904030
3904247
3904266
3904527
3904530
3904804
3905499
3905573
3905713
3907907
3908440
3908839
3909050
3910191
3910266
3911286
3911484
3912457
3912726
3912981
3913598
3914046
3914049
3914349
3914402
3914651
3914899
3915131
3915989
3916050
3916452
3916540
3916799
3916999
3917027
3917112
3917695
3917933
3917953
3918336
3918710
3918712
3918807
3918866
3918922
3919883
3919956
3920133
3920419
3920613
3920683
3921473
3923912
3924613
3925021
3925341
3925649
3926217
3927596
3928538
3929768
3929915
3930301
3930520
3932665
3932779
3933912
3934047
3934317
3934627
3935614
3935641
3937991
3938263
3938402
3938582
3938645
3938840
3939228
3939383
3939889
3939897
3940039
3940449
3940471
3940679
3941072
3941441
3942369
3942840
3944127
3944169
3944383
3944732
3945347
3945684
3945744
3945866
3946081
3946806
3946849
3946927
3947793
3948452
3948869
3950446
3951184
3951235
3951847
3951883
3951959
3953025
3953949
3953950
3954303
3954818
3954971
3955092
3955599
3955781
3956035
3956115
3956399
3957432
3957491
3957627
3957711
3957817
3957845
3958425
3958704
3958748
3959258
3959668
3960096
3960313
3961104
3961201
3962480
3962763
3963354
3963496
3964232
3964754
3966402
3966522
3966871
3967228
3967937
3968044
3968328
3969287
3969380
3969879
3970245
3970413
3971910
3971928
3972079
3973391
3973620
3973675
3974436
3974557
3974577
3974871
3975699
3975718
3975855
3976680
3976726
3977306
3978078
3979793
3980485
3981552
3982453
3982726
3983482
3983839
3984001
3984121
3984452
3984475
3984580
3984817
3985815
3985854
3986392
3986765
3986797
3987244
3987335
3987467
3987668
3988581
3988801
3988847
3991648
3991966
3993308
3994161
3994615
3996990
3997796
3997914
3998804
3999135
3999187
3999613
3999843
4000173
4000998
4001007
4001258
4001932
4001968
4003060
4004089
4004210
4004830
4005736
4006270
4006296
4007449
4008957
4010401
4010739
4011247
4011450
4012153
4012511
4013125
4014546
4014614
4015261
4015432
4015611
4015713
4016207
4016237
4016244
4016534
4017139
4017315
4017372
4018556
4019026
4019496
4019616
4019981
4020015
4021782
