472
521
2289
2859
3068
3116
3127
3338
3529
3913
4849
5332
5768
6015
6324
6597
6818
7511
8717
9307
9644
10040
10285
10804
11058
11206
11256
11468
11525
11561
11733
12621
13294
13303
13389
13578
13591
15327
15330
18360
18558
18745
19724
19919
19934
20114
20137
20684
21153
21910
21940
22333
22472
22645
23285
23300
23380
23553
23589
24024
24682
25265
25431
25651
26103
26130
26138
26623
26837
27971
28944
28975
29094
30543
31585
31936
33054
33395
33429
33470
33750
33782
33851
34153
34912
34928
35293
35838
35913
36339
36734
37045
37873
38489
38648
39019
39197
39539
39598
39720
39842
40599
40748
40898
41102
41355
41448
41513
41828
42233
42450
42776
43121
43556
44120
44644
45136
45492
45585
46142
46247
47018
47137
47614
48027
49686
50385
50806
51008
51466
51523
52189
52190
52467
54050
55286
55380
55400
55981
56083
57067
57582
57706
58035
58543
58896
59484
59881
60451
60937
61575
61795
61843
62058
62677
62787
64361
64762
64838
65442
65649
65725
66149
67631
67634
67985
68281
68940
70121
70831
71029
71290
71756
72478
72584
72874
74124
74680
74934
75236
75689
75803
75835
76221
76422
76490
77662
78183
78345
78620
78928
80482
80533
81048
81114
81165
81190
81273
81642
82310
82574
82982
82989
83181
83194
84000
85192
86002
86091
86671
86733
89708
91282
91651
91753
92418
92633
92938
93285
93436
93563
94180
95055
95608
95714
95995
96195
96683
96910
97128
97239
97282
97372
97492
98221
98597
99113
99183
99860
100237
101744
102797
102944
104165
104503
105199
105377
105392
105508
105702
106977
107129
107222
107231
107698
108554
108618
108819
109724
109857
110075
111376
111736
112455
113242
114002
114251
114275
114439
114898
115264
116816
117160
117212
119245
119481
119737
119749
120234
120667
120727
120853
120876
121311
121482
122335
122832
123058
123133
123158
123195
123489
123493
123928
124263
124461
125315
125442
125710
126967
127311
127744
128087
128512
130067
130539
130703
130745
131217
131822
132305
132370
132744
132772
132903
134639
134667
134850
134984
135146
136669
136947
137784
137785
139288
139407
139767
140247
140507
140607
140629
141690
142000
142037
142042
142740
143119
144371
145001
145006
145749
145799
146189
146433
146459
146827
147243
147372
147525
148115
148607
148750
149322
149684
150580
150616
151246
151924
152429
152813
154239
154445
155223
155229
155979
156321
156490
156518
156981
157480
157703
158111
158350
159672
159769
159899
162581
162677
163426
163476
163809
164204
164639
164720
165270
165771
165926
166562
166849
167129
168156
168904
168910
168996
169053
169241
169249
169368
169494
169720
169935
169962
170336
171356
171488
171599
171772
171883
171932
172603
172781
173267
173632
174174
175297
175657
175936
175954
176390
176796
176797
178087
178785
178809
179011
179030
179229
180777
180983
181142
183024
183145
183314
183912
184376
185388
185775
185972
186299
186340
187101
188281
188497
189136
189549
189844
190521
191427
191634
192377
192841
193840
194029
194188
194940
195562
195710
196725
197047
197553
197616
197911
199222
199899
200197
200611
200618
201476
201904
201934
203052
203871
204450
204576
205798
205859
205912
207352
208166
208979
208981
209110
209589
209609
209938
210001
210192
210493
210854
210865
211436
212000
212395
212769
213196
213411
213922
214263
214536
214707
215216
215622
215649
216714
216945
217244
217450
217834
218441
218466
219816
220235
220709
220900
221234
221393
221857
221971
222228
222462
222798
222943
223382
224140
224229
226827
227329
227348
228265
229015
230404
231968
233008
233369
233498
233541
233759
235334
235454
236680
236690
237077
237158
237655
238853
239111
239146
241335
241461
241707
241879
242167
242181
242710
242937
243594
244692
244939
246622
246640
246883
247345
247583
247799
248090
248829
249623
249767
249925
251380
251510
251850
252087
252584
252773
253706
254446
255555
255825
256073
256903
257058
257590
257675
257701
257880
258032
258116
258170
258382
259218
259302
259506
259572
259802
260164
260502
261624
261702
261725
261932
262014
262181
262921
262943
263729
263798
264070
264629
265479
265581
266146
266294
266546
267204
267573
268523
268716
269069
269344
269973
270115
270146
270425
270447
270975
271241
272216
272959
273399
273736
273816
274686
274958
275467
275551
275950
276091
277275
277338
277940
278861
279724
279944
280217
280224
280815
281009
282313
283030
283547
283991
284185
284221
284564
284663
284886
285017
285106
285136
285537
285583
285906
286121
288494
288600
288724
288823
289282
289327
289632
289757
290099
290429
290868
291497
291707
292243
292251
292455
292986
292998
293000
293018
293087
293152
293699
293753
293978
294279
294285
294350
294623
294800
294921
295040
295350
295626
295630
295931
296078
296339
296594
297196
297429
297802
297890
297941
298184
298215
298634
298690
298854
299171
299270
299702
300034
300439
300859
300866
302328
302464
302609
302808
302827
303081
303314
304327
304483
304706
305203
307193
307999
308116
308513
308939
309346
310010
310034
310501
311232
311462
311802
312061
312374
312620
312715
313076
313118
313372
313914
314996
318639
319317
319397
319907
320038
320043
320188
321038
321086
321470
322008
323001
324522
324583
324877
324912
324965
325585
326460
327217
327266
327508
327873
328060
328072
328369
328450
330372
331279
331817
332636
334139
335851
336018
336342
337513
338916
339361
339388
340012
340389
340417
341273
342604
343033
344050
344897
345136
346436
346840
348345
348537
348639
348932
349451
349455
349752
349807
349927
351021
352211
352890
353442
353644
353933
354433
354579
354755
355100
355164
355902
356645
356657
356724
357022
357078
357244
357725
358253
358409
358732
358745
359109
359134
359306
359509
360316
360446
360558
361151
361372
361799
362170
362369
362903
362995
363816
363993
364071
364081
364704
364745
366065
367218
367804
369195
369407
369494
369570
370541
370811
370905
371909
371997
372148
372508
372551
372828
373296
373650
374138
374835
375741
375800
376307
376436
376512
376514
377261
377633
377963
378320
378757
379108
379444
379722
380342
380344
381006
381144
381352
381896
382108
382217
382234
382423
382527
383111
383690
384046
384089
384450
384775
385218
385335
385777
386291
386402
386461
386793
386815
386918
387136
388340
390169
392731
392896
392986
394169
394234
394490
394610
395287
395320
395395
395786
395828
395977
396132
396866
397849
398282
398355
399554
400707
400989
400999
401111
402441
402564
402633
404012
404453
404781
406196
406199
406686
406944
407249
407664
407746
408067
408766
409117
409121
409127
410564
411202
412430
412438
412734
412922
413720
413947
414300
415616
415948
416246
416781
417481
417649
418383
418810
418884
420429
421465
421906
422383
422805
422946
423022
423181
423875
424409
424802
425256
426055
426919
427009
427530
427773
427829
427934
428372
428987
429525
429918
430745
430961
431228
431422
431451
432928
433048
433568
433573
434677
434861
434954
435490
435895
436675
436712
436897
436949
437030
437146
437172
437325
437440
437624
437795
437913
438487
438705
439131
439147
440138
440995
441309
441347
441358
442160
444648
444751
445284
446070
446447
446593
446815
446833
446869
447293
447383
448553
448666
449128
449543
450885
451060
451226
451381
451424
452205
452822
452936
452987
454056
454111
455306
455696
455826
456090
456102
457584
457593
457911
458410
458419
458427
458873
459116
459143
459864
460169
460890
461332
462661
463641
464539
465467
465688
465798
465961
466884
469113
469307
469698
470160
470353
472255
472289
472776
473447
473751
475228
475300
475605
475756
476008
476749
477777
477968
478249
478255
478310
478664
479994
480172
480404
481322
482118
482497
483166
483350
483920
484093
484149
484607
484835
485999
486350
486780
486787
487302
487541
487759
487790
488292
488399
488775
489578
489966
490552
490800
490999
491798
492331
492341
493167
494176
495384
495401
495639
495839
496574
497270
497638
497777
497876
498151
498397
499024
499150
499268
499466
500043
500101
500182
500345
500502
502426
503224
503429
504681
505635
506178
506565
506827
508069
508720
508793
509070
509334
509346
509681
509886
510278
510954
511040
511464
511550
511911
511982
511994
512956
513276
513318
513413
513966
514008
514312
514317
514838
514954
514983
515260
515929
516497
517013
517784
518908
519281
520325
521479
521533
522331
522471
523253
523524
524672
525033
525244
525930
526427
527221
528734
529259
529721
529785
529959
530726
530905
531181
531337
532259
532451
532872
533238
533715
534617
534724
535116
535457
535477
536093
536265
536354
536430
536673
537206
537615
537844
539025
539706
539817
540014
540716
540836
540987
541671
541891
541960
541998
542444
542918
543005
544003
544605
544675
544999
545230
545237
545360
545645
546086
547621
547869
548045
548485
548566
550355
550656
551897
552100
552142
553085
553698
553925
554461
554613
554628
554645
555764
556271
556577
556579
557728
559218
560580
562055
562115
562240
562425
562692
563270
564019
564594
565250
566540
566777
567088
567609
568049
570206
570898
571226
571552
571630
572248
572260
572707
573394
573472
573537
573783
574104
574147
574410
574796
575264
575492
575570
575572
576071
576234
576289
576420
576497
577818
578364
578490
578656
578661
579555
579581
580004
580184
580368
581059
581681
581901
582330
583006
583071
583207
583278
583420
583476
584611
585240
585468
587487
587532
587545
587895
587899
588125
588226
588917
589228
589521
589689
589801
590386
590886
591165
591733
592087
592379
592540
592696
593228
593908
593961
594304
594600
595179
595750
597714
598248
598492
598553
598578
598586
599025
599167
599363
599649
599951
600168
600254
600589
600718
601486
602140
602395
602441
602576
602691
603105
603225
603505
603757
604448
604721
605203
606040
606041
606324
606569
606949
606997
607053
607134
607781
608541
609268
609415
609472
609883
610267
610305
610577
610761
611465
611577
612096
612108
613566
613880
614185
614347
615001
615287
616090
616117
616566
617112
617128
617395
617971
619338
619760
620165
620423
622027
622853
623648
623720
624133
624253
624380
624713
625130
625797
625881
625975
626115
626151
626767
627443
628154
628859
630484
630496
630683
631141
631348
632225
633030
633373
634668
635048
635108
635156
635952
636038
636285
637181
637762
638113
638231
639005
639130
639140
639242
639924
640158
640185
640542
640605
640955
641075
641204
641512
642196
642882
643513
645551
645562
645727
645838
645877
646996
648711
649319
649624
649808
650849
650931
651590
651675
651883
652095
652154
652354
652358
652475
652682
653635
653669
653695
654327
654343
654469
655108
655527
656765
656777
656780
656920
656979
657351
657533
657752
658096
658650
658793
659913
659961
660484
661528
662571
662995
663513
663625
664944
665743
666007
666134
666217
666383
666586
666590
667792
668481
668646
669524
669835
670138
670907
671163
671505
671666
671682
671683
672018
672101
672350
672551
672586
672840
672892
673093
673591
673661
674523
675418
675709
676729
676884
677662
677738
678330
678392
679968
680107
680470
680750
680996
681280
681714
681902
682872
682914
683015
683526
684036
684349
684934
687699
688454
688673
689443
689534
689677
689954
689976
690765
690815
691264
691474
691570
691749
692063
692213
692312
692326
692373
692865
693056
693183
694080
694283
694343
694675
694677
695631
696131
697141
697580
697744
697811
697837
698243
698370
698879
699515
699791
700173
700237
700299
700932
701431
701582
701821
702168
705325
705909
706074
706700
706750
706974
707191
707257
707528
707836
707942
708164
708805
709762
709868
710245
711413
711920
712488
712621
713047
713085
713145
713181
713900
713938
714111
714423
714779
715459
715570
716007
717646
718227
718711
719456
721126
721173
721332
721603
721785
722065
722418
722824
723338
723496
723657
724466
724497
724556
724734
725111
725274
725609
725726
726004
726655
727780
727814
728642
729869
730120
730135
730151
730852
732009
732231
732768
733580
733599
734065
734325
734451
735152
736422
736706
736968
737224
737273
737895
737982
738708
738769
739430
739727
739917
740216
740301
740528
740691
740767
741539
741851
743018
743994
744364
744702
745201
745763
747126
747484
748168
748616
748652
749253
751269
751323
752215
753266
753324
753720
753948
754110
754567
754740
754881
754934
755408
755570
755678
756449
756451
756742
756894
757188
757585
757974
758340
759912
760702
761840
762499
762629
762822
763601
764243
764779
764812
765383
765765
765940
766672
767691
768139
769265
769326
770100
770205
770894
770936
771153
771753
771797
771877
772574
772682
773044
773116
773856
774529
774761
776073
776372
777123
777368
777453
778645
779574
779666
780367
780706
781601
782495
783229
784579
784786
785387
785435
785466
785699
785736
785824
785846
786585
786665
787386
787394
787607
787666
788922
789066
789534
789562
789766
789886
790093
790750
792547
792846
793100
793338
793836
794241
794364
794533
795347
796120
797054
797158
798110
798154
798637
798858
799122
799374
799466
799571
799790
799795
800540
800821
800896
801157
801229
801638
801707
802085
802092
802685
802917
803134
805370
805916
806355
807075
807611
808371
808761
808767
809160
810091
810266
810934
811140
813399
814603
814617
814983
815345
815628
815865
816731
817136
819013
819123
819323
819581
819870
819982
820482
820830
821519
821736
823548
823706
824098
824816
824887
825197
825248
825347
825846
826103
826670
826923
828177
828461
829208
829589
831936
832701
832847
832866
832958
833368
834250
835362
835517
837540
838269
838462
838479
838621
838814
839451
839540
840147
840720
840879
840900
841195
841478
841845
841944
842032
842469
842606
842822
843586
844037
844434
846331
846615
848196
848339
848576
849550
850402
850889
850993
851344
851372
851725
852047
852076
852992
853137
853782
854632
855641
856608
856937
857030
857054
858195
859101
859166
859271
859408
859874
860118
860265
860652
861062
861067
861079
861084
861119
861491
862074
862203
862949
862988
863246
864093
864405
864559
864710
864744
864986
865606
865751
866416
866615
867372
868181
868201
868719
869143
869688
869947
870812
871007
871163
871501
871953
872065
872181
872924
873588
873754
873761
873787
873983
874446
874505
874522
874763
874885
874890
875920
877044
878068
878295
878743
878783
879042
879201
879494
879621
879697
880305
881640
881646
881780
881867
882039
882101
882458
882878
883390
883956
883964
884170
884192
884852
884966
885037
885070
885294
885986
886207
886714
887272
887813
888088
888263
888277
888601
888758
888977
890602
890635
890920
891046
891114
891119
891355
891836
892564
893174
895224
895240
895400
895455
896052
896340
896440
897313
898657
898684
899910
900452
901684
901717
901880
902524
903101
903720
903739
903874
904094
904867
905033
905682
905770
906374
907573
908085
908132
909120
909645
909996
910756
911300
912649
912837
913065
913122
913350
914738
915948
916365
917219
918302
918515
918601
919091
919871
920020
920751
920771
921574
921653
921863
922547
923237
923635
924396
924410
924730
924892
924967
925164
925299
925814
926042
926497
927278
927824
927882
929342
929456
930626
930704
930975
931643
931960
932066
932820
932900
932979
933037
933195
934186
934206
935736
936359
938150
938307
938808
939755
939835
939855
939906
940163
940699
941513
941536
941719
942761
942891
943001
943427
944006
944529
945006
945138
946702
947133
947943
947974
948316
948458
948712
950976
951307
952027
952245
953595
954266
954427
954541
954807
955960
956145
956520
957054
957834
958415
958489
958758
959134
959138
959313
959429
959603
960458
960599
960701
961580
961700
962122
962254
962393
963032
963301
963637
963701
963750
964052
964492
964539
965664
966122
966626
966985
967446
968090
968461
968569
969098
969130
970371
971708
971891
972710
972720
973864
973981
974218
974386
974974
975367
975565
975695
976679
976961
976993
977012
977060
977809
978704
978732
978745
980997
981144
981205
981259
981267
981389
981846
981850
982041
982757
983161
983171
983608
984047
984897
985039
985084
985446
986705
987221
987286
987548
987731
988099
988107
988955
989300
989343
989971
990190
990244
990982
991125
991391
991555
992057
992119
992380
992428
992818
993081
993122
993370
994478
995151
995415
995573
995650
995835
996856
997060
998102
998187
998521
998845
998878
999065
999283
999318
999945
1000550
1000655
1000951
1001008
1001606
1002221
1003029
1003159
1003477
1004087
1004256
1004512
1004914
1005144
1005704
1006040
1006699
1007042
1007492
1007513
1007581
1008279
1008319
1008553
1008559
1009272
1010173
1011903
1011987
1012341
1012772
1013200
1013409
1014179
1014239
1014554
1014618
1014752
1014851
1015265
1015611
1015678
1015982
1016686
1018034
1018080
1018909
1021059
1022253
1022382
1023264
1023365
1024225
1024547
1025980
1026114
1026335
1026535
1027324
1027595
1027803
1028164
1028924
1029914
1030415
1031189
1031507
1031946
1032552
1032702
1033155
1034602
1035393
1036458
1037087
1037744
1038026
1038593
1038839
1039942
1040616
1040853
1041691
1041816
1041821
1042172
1042388
1042640
1043325
1043346
1044110
1045025
1045109
1045224
1045654
1046335
1046598
1046681
1046972
1046995
1047031
1047881
1048213
1048640
1048915
1049211
1050102
1050263
1050291
1050957
1051284
1051624
1052077
1052145
1052843
1053550
1053869
1054184
1054520
1054578
1054632
1055738
1056104
1056974
1057134
1057926
1057976
1058158
1059297
1059731
1060457
1061219
1061637
1061741
1061998
1062871
1062929
1063793
1063894
1065794
1066068
1066773
1067887
1068406
1068589
1069856
1070019
1070828
1071118
1072042
1072208
1072252
1072407
1072423
1072726
1074194
1074212
1075049
1075816
1076053
1076876
1077087
1078021
1078296
1078323
1078457
1078687
1078861
1079353
1079485
1080098
1080182
1080409
1081066
1081237
1081538
1082522
1083095
1083263
1083734
1083752
1084182
1084358
1084754
1085024
1085447
1085572
1085963
1086103
1086159
1086198
1086731
1087334
1087800
1087890
1088206
1089214
1089290
1090928
1091237
1092084
1092232
1092277
1092360
1092501
1092896
1092929
1093753
1093811
1094540
1094711
1094895
1095350
1095390
1095531
1096103
1096503
1097300
1097419
1099720
1100767
1102095
1102331
1102714
1102891
1103036
1103554
1104068
1104911
1105211
1105252
1106037
1106339
1106467
1106534
1106641
1106905
1107091
1107188
1107666
1108091
1108369
1108441
1108450
1108625
1110684
1110909
1111101
1111408
1111883
1111921
1112848
1113562
1114153
1114434
1115190
1115362
1115631
1116064
1116449
1116546
1116745
1117207
1117250
1117385
1117873
1118461
1118621
1118830
1118876
1119773
1120826
1120897
1121254
1121614
1122533
1123633
1123650
1124151
1124291
1124931
1126169
1126559
1127210
1127450
1128083
1129696
1129778
1130447
1130531
1130545
1131306
1131428
1131430
1131439
1131487
1132036
1132741
1133026
1133672
1134526
1135023
1135088
1135830
1136473
1137054
1137595
1137630
1137634
1137781
1138337
1138451
1138645
1138975
1139432
1140647
1140860
1141301
1141777
1141911
1143498
1144260
1144571
1144894
1145505
1145509
1146296
1147140
1147277
1147428
1148470
1148904
1149054
1149244
1149253
1149523
1150816
1151248
1151541
1152040
1152894
1154947
1155189
1155339
1155563
1155780
1155965
1155971
1156198
1156602
1157056
1157136
1157973
1158300
1159615
1160308
1162159
1162192
1162867
1163484
1164837
1164876
1165574
1166121
1166215
1166480
1166671
1167347
1168825
1169081
1169841
1170077
1170571
1170938
1171023
1171078
1172365
1172749
1173479
1173985
1175534
1175880
1175893
1176026
1178170
1178900
1179294
1179835
1180041
1180113
1180883
1180953
1181036
1182058
1182102
1182670
1183394
1183727
1183788
1184732
1184824
1184998
1186434
1187028
1187678
1187984
1190676
1190813
1191356
1191385
1191685
1192126
1193023
1194967
1194987
1195480
1196067
1196464
1196523
1196568
1197995
1198082
1198350
1198647
1198832
1199833
1200060
1200177
1200248
1200745
1200966
1202243
1203219
1203849
1205048
1205301
1205554
1205742
1205993
1206576
1207256
1207443
1207914
1208940
1209055
1209762
1209918
1210464
1211193
1211375
1211739
1212079
1212474
1213431
1213527
1213972
1214852
1215193
1215309
1215532
1216566
1216737
1217561
1218160
1218268
1220430
1220569
1220901
1220972
1221403
1222601
1222619
1223477
1224547
1225372
1225423
1225954
1225978
1226270
1226395
1226803
1226933
1227728
1228578
1228778
1228871
1229554
1231304
1231404
1232234
1232668
1232927
1233028
1233180
1233484
1233578
1233883
1234197
1234546
1235498
1236314
1236738
1236947
1237119
1237496
1238313
1238385
1239696
1239936
1239971
1240222
1240278
1240719
1242214
1242341
1242547
1242958
1243193
1243273
1244074
1244191
1244233
1244719
1244868
1245695
1246525
1246816
1248702
1249225
1249902
1250170
1250303
1251307
1251610
1252208
1252282
1254672
1254736
1255309
1255486
1255765
1255969
1256292
1256480
1256760
1256859
1257612
1257835
1258375
1258552
1259117
1259276
1259530
1259584
1261549
1262037
1262698
1262822
1262984
1263544
1263572
1263596
1263743
1264048
1264792
1265021
1265646
1266102
1266939
1266978
1267139
1269152
1269522
1269591
1269854
1271141
1271343
1271591
1272167
1272952
1273160
1273495
1273628
1274115
1274765
1274967
1275095
1275195
1275746
1276190
1276385
1277015
1277913
1278258
1279408
1279880
1279910
1280178
1281826
1281915
1282018
1282278
1283195
1283243
1283341
1283711
1283955
1284152
1285177
1285509
1286059
1288305
1288537
1288731
1289072
1289216
1289561
1289846
1289965
1290070
1290103
1290172
1290225
1291443
1291447
1292633
1292763
1292921
1293471
1293559
1293982
1294129
1294409
1295028
1296176
1296459
1296684
1297091
1297451
1297865
1298318
1298595
1298954
1299738
1300590
1301151
1302095
1302293
1302657
1302998
1305015
1305053
1305663
1306197
1306309
1306764
1307674
1309514
1309779
1310068
1310206
1310317
1310835
1311142
1312235
1312641
1314114
1314790
1315676
1315851
1315914
1316568
1317061
1317188
1317405
1318502
1318927
1319731
1320091
1320635
1320999
1321230
1321545
1321801
1321855
1322547
1323183
1323298
1323513
1323643
1324187
1324303
1324767
1324825
1325053
1325986
1326573
1326763
1326781
1326848
1327335
1327690
1327696
1328371
1328505
1328628
1329024
1329967
1330072
1330162
1330168
1330737
1331499
1331541
1331678
1332106
1332133
1333043
1333339
1334295
1334663
1335202
1335646
1336226
1336388
1337507
1338054
1338167
1340706
1340870
1341166
1341491
1341585
1342470
1343646
1343650
1343748
1343864
1344016
1344177
1344239
1344411
1346436
1347266
1347968
1349186
1349669
1351202
1352643
1352645
1353291
1353318
1353597
1354161
1355089
1356152
1356410
1356772
1356836
1357531
1358026
1358051
1358608
1359287
1359462
1359555
1360311
1360384
1361116
1361145
1361648
1361993
1362152
1362234
1363035
1364378
1364839
1365576
1365987
1366057
1366293
1366926
1366953
1367445
1367570
1368551
1368585
1369032
1369552
1370046
1371265
1371542
1371975
1372488
1372742
1373368
1373898
1374195
1374320
1374578
1374902
1375276
1375326
1375378
1375384
1375555
1377268
1377563
1378689
1379088
1380204
1381108
1381217
1381597
1381816
1383470
1383932
1384118
1384370
1384472
1384672
1385184
1385678
1386730
1386750
1387280
1388483
1388628
1389785
1390734
1391775
1392410
1392957
1393248
1393278
1393369
1393668
1393701
1394030
1394266
1394491
1396320
1396654
1396757
1397689
1398832
1399783
1400201
1400441
1400483
1401071
1401546
1401965
1402171
1402189
1402251
1402463
1402789
1403466
1403495
1404008
1404342
1404375
1404465
1404533
1405070
1405808
1406023
1406509
1408399
1408536
1408589
1409082
1410884
1411572
1411951
1412205
1412428
1412561
1413035
1413241
1414713
1414780
1415148
1415684
1415926
1416280
1416950
1417271
1417771
1417852
1418371
1418441
1418734
1418791
1419362
1420376
1420739
1421101
1421756
1422318
1422577
1422695
1422742
1422859
1422905
1423128
1423323
1424158
1424502
1424608
1425392
1425511
1425855
1426337
1427835
1428076
1428907
1429054
1429131
1429706
1429838
1430567
1431703
1431911
1431928
1432083
1432354
1432930
1433376
1433401
1434001
1434986
1435734
1436324
1436333
1436505
1436601
1437513
1437947
1438405
1438459
1438545
1439528
1439970
1439975
1440179
1440267
1442096
1442184
1442200
1442932
1443208
1443232
1443910
1444076
1446050
1447208
1447325
1448809
1448908
1449202
1449614
1450072
1450553
1450622
1450813
1452760
1453066
1453198
1453304
1453592
1453950
1454174
1454218
1454747
1455298
1455427
1456020
1456244
1456938
1457025
1457099
1457708
1458281
1458357
1458402
1458473
1458540
1458652
1459033
1460664
1461067
1462089
1462524
1462665
1463609
1463816
1464263
1465571
1466377
1466440
1467161
1467336
1467773
1468090
1468329
1469650
1470008
1470185
1470459
1470948
1471251
1471446
1471640
1472379
1472807
1472883
1473500
1474135
1475727
1475909
1476807
1477010
1477447
1477928
1478211
1478347
1478348
1479770
1479927
1479977
1480161
1480799
1480954
1482366
1483538
1484160
1484879
1485070
1485416
1485452
1485584
1485719
1485852
1486447
1488208
1488615
1488958
1489036
1489267
1489342
1491499
1492497
1493339
1494127
1494850
1495356
1495374
1495763
1495882
1496586
1496656
1497178
1498046
1498983
1499077
1499099
1499934
1500219
1500499
1500774
1501011
1501958
1502132
1502195
1502625
1502732
1503661
1504057
1504144
1504300
1504400
1504941
1505100
1505892
1505907
1505988
1506025
1506146
1506608
1507286
1507616
1509336
1509373
1509439
1510002
1510640
1510842
1511190
1511351
1512239
1512367
1513217
1513532
1513619
1513675
1513729
1514227
1514459
1514961
1515588
1515846
1516177
1516824
1516971
1517000
1517725
1517818
1519387
1519764
1521367
1521554
1521813
1522608
1522737
1523034
1523743
1524435
1525455
1525772
1526260
1526715
1527070
1527723
1528337
1529652
1530742
1530925
1531161
1532262
1532641
1532905
1533172
1533849
1533935
1534237
1534309
1534399
1534465
1534874
1535409
1535542
1537391
1538382
1539005
1540488
1542342
1543189
1543411
1543554
1544577
1544773
1544846
1545188
1545444
1545846
1545909
1546291
1547961
1548789
1548798
1550163
1550628
1551151
1551997
1552149
1552346
1552508
1552551
1552730
1553337
1553633
1553738
1553949
1554547
1555415
1555534
1556272
1556793
1557791
1558660
1559121
1559744
1560026
1561116
1561412
1561917
1562528
1562730
1562799
1562947
1563404
1563408
1563693
1563928
1564869
1565438
1566086
1566648
1567328
1568610
1568617
1568690
1569228
1570294
1570742
1571190
1571377
1571695
1572272
1572474
1573229
1573573
1574017
1574413
1575139
1575618
1576216
1576959
1577402
1578876
1580576
1580643
1580822
1581890
1582131
1582433
1583133
1583862
1584601
1584778
1585213
1585945
1587041
1587349
1587605
1587954
1588116
1589560
1589782
1589844
1589976
1589980
1590834
1591032
1592046
1592971
1594045
1594722
1594789
1595481
1595573
1595654
1596507
1596509
1596727
1597059
1597122
1597586
1598016
1598150
1598333
1599270
1599899
1600049
1601249
1601489
1602256
1602314
1603351
1603922
1604257
1604511
1605047
1606443
1606518
1606774
1606992
1607031
1607127
1607284
1607812
1607825
1607864
1607925
1608149
1608169
1608196
1608200
1608745
1608980
1609035
1609284
1610076
1610653
1610826
1610839
1611034
1611214
1612953
1613770
1614491
1614868
1615157
1615317
1616273
1616867
1616988
1617551
1617788
1619469
1620028
1620586
1620617
1620773
1621141
1621165
1621469
1621581
1622910
1623924
1624047
1624417
1624589
1624766
1625511
1625751
1626457
1626525
1626831
1627150
1627448
1628078
1628156
1628505
1628616
1628884
1628983
1629273
1629464
1629765
1630412
1631742
1631762
1633605
1635556
1636248
1636677
1636711
1637123
1640097
1640195
1640339
1640625
1641543
1641786
1643540
1643666
1643759
1644005
1644235
1644465
1644476
1644630
1644720
1645072
1645891
1646915
1647977
1648093
1648180
1648763
1648862
1650861
1651034
1651761
1652124
1652351
1653545
1654751
1655146
1655767
1656733
1656755
1657251
1657287
1658233
1658403
1658415
1658537
1658596
1658996
1659198
1659334
1661531
1661980
1662016
1662415
1662588
1662956
1662978
1663035
1663919
1664011
1664660
1664678
1665089
1667102
1667173
1668275
1668422
1668435
1668633
1668896
1668954
1669632
1669983
1670132
1670284
1671447
1671586
1672137
1672305
1673440
1673734
1673867
1674517
1675193
1675557
1676196
1676352
1677555
1677862
1679107
1679126
1679217
1679646
1681593
1681601
1682085
1682093
1682152
1683040
1683326
1683342
1683661
1685024
1685101
1685788
1685874
1686329
1686455
1687517
1687650
1687828
1688513
1689537
1689578
1689775
1690523
1690640
1691337
1691395
1691975
1692426
1692609
1692752
1692776
1695815
1696401
1696515
1696552
1696666
1697795
1699116
1699503
1699849
1700502
1700686
1702287
1702439
1702493
1703105
1703220
1703450
1703461
1704422
1704787
1704806
1706080
1706279
1707397
1707456
1707749
1707969
1708479
1710503
1710868
1711028
1711338
1712655
1712673
1712775
1712815
1713539
1714031
1714172
1714293
1714801
1714806
1715114
1715734
1715804
1716516
1717301
1717498
1717631
1717742
1717786
1717940
1717988
1718754
1718877
1719471
1720263
1721289
1721718
1721894
1723670
1724698
1726123
1726146
1726182
1727389
1727668
1727748
1727999
1728683
1729210
1729650
1730048
1731015
1731652
1732684
1733974
1734812
1735100
1735528
1737674
1737887
1738357
1739291
1739442
1739469
1740595
1741714
1741845
1742710
1744965
1746260
1746334
1747687
1748175
1748393
1749122
1749852
1750173
1750312
1750569
1750589
1750604
1750761
1751438
1753875
1753962
1754067
1754534
1755238
1755547
1755602
1755875
1757329
1757359
1757808
1758242
1758263
1758390
1759002
1759338
1759706
1760202
1760505
1760533
1761119
1762824
1762999
1763248
1763694
1763761
1764058
1765023
1765431
1765736
1765971
1766154
1766208
1766358
1766618
1766652
1766853
1767123
1767820
1768250
1769194
1769436
1770598
1770876
1771596
1772404
1774868
1775758
1776735
1777094
1778617
1778647
1779244
1779611
1779792
1780569
1780768
1781830
1782215
1782845
1784437
1784499
1784541
1784610
1784914
1784969
1785069
1785644
1785796
1786105
1786263
1787431
1787514
1788138
1788178
1789168
1789338
1790685
1790686
1791044
1791058
1791677
1791680
1791830
1791986
1793104
1793241
1794242
1794400
1794496
1795735
1795998
1798356
1798571
1798859
1799012
1799687
1799898
1799938
1800114
1801240
1801348
1802373
1802797
1803133
1803271
1803505
1803576
1804478
1806361
1806788
1806826
1807192
1807692
1808323
1808701
1808942
1809643
1811762
1812214
1813214
1813841
1814466
1814568
1814747
1814764
1815117
1816476
1816563
1818863
1818916
1818942
1819025
1819438
1819478
1819520
1819595
1821819
1822024
1822102
1822223
1823196
1823414
1823428
1823444
1823899
1823973
1823989
1824211
1824324
1824487
1824494
1824704
1825414
1825511
1826455
1826797
1826880
1826892
1829438
1829594
1831051
1831701
1832208
1832927
1833589
1833647
1834704
1835602
1835638
1836280
1836537
1836704
1837014
1837462
1838087
1838179
1838727
1841369
1841647
1841999
1842815
1843004
1843056
1843178
1843478
1844315
1844324
1844945
1845179
1845325
1845778
1846104
1847122
1847271
1847280
1847380
1847839
1848763
1848837
1848950
1849622
1850231
1850267
1850609
1851069
1851455
1851846
1852042
1852179
1852189
1852294
1852441
1852624
1852712
1853531
1853604
1854295
1854331
1854505
1854680
1854922
1855765
1856101
1856889
1857148
1857350
1857497
1858784
1859482
1859770
1859846
1860866
1860966
1861759
1861886
1862223
1862631
1862755
1863387
1863498
1863759
1864431
1864598
1864867
1865856
1866391
1866465
1866766
1866922
1867197
1867343
1868155
1868254
1868332
1869244
1869338
1869372
1869487
1871605
1872508
1872622
1873549
1875041
1875827
1876854
1877531
1877569
1878325
1878882
1878898
1879334
1879654
1879900
1880240
1880367
1880433
1880764
1881456
1881468
1881836
1881893
1882033
1882516
1883120
1883211
1883680
1884211
1884551
1884671
1885233
1885238
1885561
1885811
1886552
1887062
1887141
1887183
1887418
1887492
1888381
1888882
1888921
1889585
1890017
1890416
1891553
1892207
1893398
1893612
1893659
1893746
1893840
1893927
1894103
1895101
1895519
1896750
1896949
1897229
1898081
1898350
1899611
1899623
1899804
1899919
1900214
1900639
1900707
1901334
1901845
1901934
1901945
1902114
1902219
1902658
1903110
1903347
1904068
1904347
1904483
1905731
1906752
1906857
1906960
1907272
1907608
1907833
1908039
1908723
1908928
1909536
1909543
1909911
1910286
1911719
1912007
1912829
1913507
1913944
1913948
1915097
1915742
1915809
1916260
1917227
1917281
1917649
1919082
1919443
1920217
1921549
1921840
1921883
1922292
1922686
1924239
1924591
1924653
1924681
1924852
1925006
1925646
1925742
1926590
1926592
1927068
1927139
1927602
1927831
1928271
1928700
1928985
1929387
1929509
1929567
1930000
1930131
1930587
1930976
1931333
1931356
1931377
1932440
1932449
1932740
1932877
1932965
1933311
1933665
1933846
1936056
1937614
1938441
1938448
1938527
1938569
1938581
1938609
1938895
1939258
1939586
1942207
1943098
1943450
1944669
1945083
1945543
1946445
1946808
1947118
1947257
1947499
1948763
1949020
1949094
1949531
1949587
1950392
1950873
1951333
1951731
1952675
1952788
1954890
1955281
1955542
1955763
1956242
1956651
1956796
1956803
1956954
1957788
1958346
1958727
1959083
1959256
1959679
1959685
1959751
1960462
1960708
1961127
1961601
1961719
1961987
1962145
1962291
1962495
1962841
1963034
1964496
1964739
1966575
1967246
1967334
1967435
1967515
1968519
1968536
1968852
1969278
1969768
1970328
1971948
1972007
1972115
1972889
1973304
1973636
1973662
1974789
1974878
1975059
1975077
1975181
1976130
1976763
1976898
1977396
1977819
1978499
1978502
1978551
1978753
1979410
1979813
1979814
1980154
1981520
1981585
1981789
1982586
1982647
1983242
1983620
1983646
1984067
1984701
1985204
1985258
1985454
1986211
1986406
1987195
1987315
1988273
1988282
1988396
1989574
1990359
1991173
1991256
1991500
1991766
1992252
1992581
1992780
1992965
1994302
1994684
1995350
1995544
1995789
1997932
1998160
1998661
1998757
1999107
1999114
1999774
1999829
2000183
2000266
2000547
2001646
2001729
2003558
2004689
2004694
2005388
2006146
2006779
2006828
2007220
2007311
2007572
2007843
2008130
2008163
2008173
2008533
2011215
2011608
2011884
2012381
2012567
2013365
2013635
2013988
2014568
2014711
2014977
2016645
2016750
2017561
2017792
2017920
2018287
2018573
2019108
2019241
2019679
2020574
2021018
2021437
2021582
2022791
2022876
2023530
2024741
2025186
2025789
2026883
2027183
2027553
2027649
2027950
2029223
2029429
2029759
2030795
2031083
2031095
2031124
2031423
2032063
2032093
2032150
2032574
2033300
2034311
2034603
2034622
2034643
2035473
2035662
2037644
2037656
2037977
2038115
2038244
2038969
2039131
2040465
2040868
2040943
2041793
2042216
2043240
2044838
2045242
2045635
2046085
2046883
2047660
2048118
2048278
2048362
2048445
2048543
2048707
2049361
2049517
2050392
2051310
2051402
2052278
2053387
2054154
2054228
2054552
2055958
2056393
2056554
2057277
2057282
2057339
2057692
2057738
2057782
2057800
2058591
2059427
2060310
2061151
2061741
2061946
2062629
2062695
2062926
2062939
2063443
2063899
2064644
2064661
2065036
2065228
2065358
2067441
2067671
2068120
2068184
2068731
2070259
2070314
2070356
2071142
2071411
2071632
2071876
2072775
2072865
2073091
2073523
2073626
2073795
2074090
2074433
2074753
2074859
2075167
2075781
2076142
2076621
2076982
2077043
2077467
2077504
2077829
2077856
2077858
2078108
2078268
2078383
2078664
2078788
2078884
2079350
2079675
2080185
2080887
2081358
2082265
2082346
2082782
2083993
2084323
2084422
2084726
2084821
2084846
2085018
2085663
2086386
2086614
2086926
2089704
2089910
2090328
2090445
2091217
2092529
2092605
2092777
2092838
2092999
2093178
2093297
2093758
2094433
2095781
2096090
2096539
2096621
2096832
2096996
2098050
2098190
2098629
2098990
2099327
2099604
2099819
2100788
2100909
2100911
2100914
2100917
2101428
2101591
2101694
2101792
2101982
2102430
2102585
2102644
2102666
2104603
2104691
2105073
2105209
2105264
2105795
2107069
2107826
2107896
2108618
2108756
2108947
2109119
2109474
2111821
2113163
2115118
2116689
2117624
2117692
2117701
2118339
2118702
2119703
2121479
2121543
2122047
2122728
2122983
2123368
2124807
2125701
2125871
2127668
2127875
2128172
2128338
2128781
2129616
2130117
2130549
2131419
2131711
2131877
2132146
2132585
2132669
2133079
2133088
2134327
2134677
2135826
2136172
2136269
2136951
2137049
2137111
2137296
2138245
2139238
2139261
2139497
2139785
2140102
2140500
2140687
2140940
2141745
2141984
2143554
2144388
2144557
2145179
2145231
2145460
2145712
2146476
2147428
2147703
2148221
2148992
2149214
2149220
2149410
2149484
2149491
2149651
2150123
2151586
2151876
2152164
2152509
2152935
2153223
2153254
2153590
2153829
2154070
2154446
2154750
2155443
2155860
2156821
2156855
2157041
2157186
2157465
2158381
2158611
2158684
2159321
2160831
2161762
2162217
2162842
2162951
2163230
2163331
2163362
2163552
2163642
2163828
2164731
2165063
2165117
2165164
2165294
2165825
2165899
2167148
2167200
2167239
2168267
2168729
2169062
2169452
2169537
2169678
2170070
2170210
2170303
2170647
2172114
2172586
2173021
2173892
2174083
2174174
2174658
2175363
2176177
2176776
2177191
2177296
2177305
2177428
2177491
2177702
2178152
2178331
2179208
2179448
2179863
2179942
2180440
2180542
2180703
2181557
2182000
2182313
2182448
2182479
2184316
2184966
2185015
2185074
2185159
2185250
2186071
2186601
2186921
2187301
2187807
2188803
2188816
2191259
2191280
2191756
2192408
2193368
2194504
2194788
2195267
2195866
2196230
2196381
2197349
2197600
2197622
2197939
2198003
2198163
2198912
2200168
2201508
2201852
2203769
2203827
2204156
2205863
2206872
2207316
2207771
2207823
2207844
2208304
2208943
2209062
2209333
2209476
2209695
2210083
2210233
2210546
2210994
2212453
2212977
2213738
2214260
2214765
2215325
2216032
2216720
2216975
2218189
2218880
2219696
2219984
2220552
2221192
2221213
2221252
2222828
2223413
2223484
2224351
2225457
2225483
2226170
2227040
2227657
2227719
2228384
2229115
2229367
2229784
2230414
2230783
2231104
2231631
2232333
2232464
2232472
2232769
2233949
2234337
2234645
2236229
2236303
2236366
2236477
2237121
2237188
2238068
2238106
2238709
2238756
2240079
2240913
2242533
2242598
2244325
2244784
2246300
2246373
2246504
2246837
2246937
2247221
2247320
2247324
2247550
2247734
2249610
2249976
2250198
2250212
2250286
2250382
2251194
2251419
2251651
2253234
2253946
2254519
2254541
2254876
2255381
2256085
2256666
2256722
2257009
2257242
2257858
2258181
2258255
2258282
2258634
2258751
2258927
2260583
2260711
2261223
2261360
2262628
2262725
2263205
2263753
2264625
2264626
2264627
2265607
2265818
2265850
2265945
2266909
2267830
2268121
2268377
2268664
2269663
2270605
2270608
2271487
2272211
2272257
2273158
2273239
2273499
2273733
2275463
2275667
2275930
2276267
2276582
2276888
2277650
2278059
2278197
2278468
2279013
2279256
2280326
2280337
2280397
2280979
2281110
2281820
2283371
2284188
2284478
2285937
2286154
2286941
2286944
2287315
2287695
2287723
2287836
2287838
2287855
2288342
2288482
2288681
2288730
2289536
2289674
2290704
2290946
2291200
2292440
2292890
2293045
2293133
2294621
2294767
2294814
2295106
2295272
2296134
2296264
2296796
2297043
2297493
2297896
2298350
2299079
2299406
2299470
2300384
2300857
2302110
2302537
2303415
2304545
2304892
2306156
2306725
2307186
2307621
2307721
2308296
2308721
2308993
2309241
2309275
2309845
2310033
2310646
2310661
2310936
2311251
2311634
2312240
2312318
2314011
2314585
2314990
2315016
2315189
2315372
2315528
2315679
2315889
2316059
2316369
2316687
2317204
2317213
2317926
2318992
2319666
2319677
2320159
2320390
2320999
2321388
2321923
2323093
2323169
2323790
2323794
2323890
2323995
2324620
2324985
2325161
2325293
2325295
2326056
2326307
2326953
2327059
2327422
2327641
2327719
2327905
2328139
2328183
2328661
2329172
2329558
2330168
2330863
2331115
2331226
2331603
2331667
2331670
2332155
2332260
2332399
2332545
2332561
2332865
2333756
2333773
2334647
2334847
2334893
2334957
2336856
2337162
2337277
2337698
2338222
2338550
2338900
2339559
2340154
2340862
2340902
2341014
2341353
2341868
2342055
2342504
2344103
2344465
2344969
2345596
2345687
2345788
2345915
2347584
2347700
2348042
2349271
2349278
2350338
2351437
2351540
2351639
2351897
2351990
2352409
2353239
2353308
2353679
2353763
2353981
2355017
2356741
2356907
2357398
2357744
2357907
2358603
2359256
2359500
2359977
2360201
2360532
2360622
2360808
2361568
2361963
2362846
2363155
2363383
2363616
2364156
2364181
2364405
2364418
2364687
2364856
2364887
2365046
2365234
2366263
2366331
2366788
2367274
2367366
2367667
2368022
2368129
2369414
2369952
2370484
2370613
2371071
2372019
2372989
2373839
2373883
2375427
2376800
2377173
2378138
2378978
2380776
2380829
2381021
2381064
2381270
2381543
2381752
2382582
2382884
2382924
2383860
2384173
2384210
2384754
2384892
2385562
2386160
2386892
2386930
2387252
2387558
2388001
2388181
2388900
2389057
2389396
2389663
2390460
2390953
2391240
2391472
2391502
2392189
2392614
2392726
2393229
2393519
2394012
2394218
2394407
2395726
2396053
2396324
2397103
2398225
2398403
2398458
2398563
2398624
2398747
2398885
2399115
2399340
2399644
2399685
2400071
2400658
2401034
2401078
2401886
2402016
2402223
2402414
2403009
2403434
2404024
2404050
2404307
2404619
2404667
2405086
2405616
2405858
2406403
2406416
2406423
2406610
2408934
2409309
2409311
2410017
2410245
2410333
2410585
2411880
2412248
2412265
2412721
2413206
2413416
2413594
2414634
2414790
2415543
2415637
2415949
2416772
2417076
2417438
2418080
2418181
2418460
2418936
2418980
2418982
2419306
2419490
2419582
2419767
2420129
2420875
2422122
2422201
2422878
2422957
2424371
2424796
2425990
2426393
2426541
2426624
2427108
2427126
2427467
2428572
2428912
2429117
2429449
2430274
2430401
2431322
2431797
2432405
2433845
2435166
2436320
2436690
2436766
2436822
2436878
2437670
2438278
2438472
2438895
2439050
2439821
2441095
2441483
2441842
2441879
2442133
2442361
2443048
2443137
2443327
2443860
2444084
2444263
2445176
2445971
2446082
2446649
2447702
2447810
2447835
2448914
2449140
2449748
2449906
2449956
2450128
2450199
2450485
2450804
2451119
2451575
2451760
2451977
2454894
2455335
2455398
2455521
2455995
2457624
2458073
2458622
2458942
2459157
2459517
2459540
2459632
2459786
2459793
2459930
2460471
2460684
2461149
2461729
2462605
2462624
2462645
2463826
2463873
2463914
2464002
2464828
2464852
2465097
2465188
2466226
2466261
2467241
2467272
2467378
2467540
2467615
2468447
2468751
2469840
2471407
2473052
2473740
2473779
2476050
2477778
2477825
2478012
2479463
2479590
2479710
2479773
2480191
2480339
2480599
2480618
2480922
2481142
2481196
2481333
2481505
2481624
2481854
2482000
2482081
2483080
2484770
2485702
2486174
2486295
2487739
2487873
2488096
2488731
2490556
2491160
2491323
2491422
2491668
2491750
2492604
2492947
2494183
2494222
2494763
2495117
2495434
2495470
2496037
2496051
2496256
2496560
2497460
2497494
2497889
2498215
2498703
2499229
2499248
2500696
2501400
2501515
2501681
2501727
2502091
2502239
2502508
2502587
2502850
2503633
2503964
2503978
2504570
2504600
2504761
2505018
2505022
2505957
2506110
2506250
2506446
2507171
2507414
2507510
2508306
2508598
2509026
2509297
2510342
2511146
2511249
2511349
2511475
2511561
2511644
2511838
2512619
2512725
2512810
2513317
2513619
2514350
2516006
2516108
2516124
2516254
2516562
2516623
2517144
2517426
2517480
2518149
2518674
2519832
2519906
2520641
2521096
2521628
2522343
2523071
2523554
2523686
2523841
2524059
2524923
2526279
2527108
2527716
2528448
2528859
2529598
2529771
2530678
2530940
2531030
2531899
2533565
2534571
2534652
2534998
2535687
2536140
2536399
2536585
2536795
2537249
2538278
2538607
2538901
2540821
2541107
2541391
2542201
2542264
2542311
2542578
2542949
2542953
2543996
2544085
2544759
2545245
2545603
2545727
2545825
2549937
2550055
2550063
2550587
2550957
2551295
2551742
2551745
2552067
2552581
2553071
2553090
2554282
2555479
2555721
2556207
2556643
2556886
2557175
2557547
2557566
2557588
2557651
2558461
2558645
2558792
2558945
2559208
2559457
2559785
2560254
2560363
2560837
2561173
2561990
2562077
2562179
2562339
2562812
2562845
2563019
2563066
2563106
2563729
2564078
2564868
2564929
2565059
2565089
2565585
2566477
2566504
2567321
2567450
2567605
2568291
2568932
2569141
2569236
2569557
2569689
2570112
2570495
2570845
2570876
2570892
2570897
2570910
2571110
2571214
2571364
2571971
2572003
2572904
2573634
2573652
2574905
2575762
2576892
2576988
2577173
2577358
2577444
2577701
2578587
2579048
2579698
2580105
2580170
2580622
2580996
2581247
2581799
2582350
2582457
2582507
2583624
2583847
2584367
2584403
2585138
2585404
2585425
2586260
2586354
2586559
2587252
2587967
2588907
2589156
2589426
2589995
2590148
2590770
2590982
2591382
2591827
2592024
2592435
2592469
2593285
2593430
2593502
2593568
2593957
2594469
2595998
2597334
2597382
2597554
2598419
2598566
2598981
2599107
2599988
2600249
2601258
2602977
2603179
2603316
2603432
2603740
2604183
2605942
2608288
2608916
2609597
2609771
2610292
2610322
2610554
2611257
2611266
2611353
2611698
2612226
2612617
2612836
2614332
2615108
2615237
2615353
2615837
2616267
2616730
2616755
2617436
2617460
2617730
2618260
2618387
2619130
2621114
2621441
2621608
2621915
2622410
2622809
2622981
2623012
2624354
2625894
2626010
2627156
2627202
2628390
2628436
2628535
2628669
2628956
2629073
2629678
2629874
2630163
2630431
2630600
2631206
2631418
2631533
2632007
2632208
2632620
2632794
2633135
2633136
2633650
2634765
2635020
2636549
2636785
2637138
2637612
2638388
2639147
2639461
2640659
2641216
2641324
2642373
2642615
2643044
2643114
2643217
2644248
2644421
2644594
2644673
2645160
2645351
2646101
2646953
2647688
2647706
2648279
2648442
2648523
2648912
2648987
2649071
2649302
2650016
2650233
2650326
2651131
2651671
2652032
2653823
2654579
2654582
2654980
2656424
2656507
2657080
2657363
2657520
2659198
2659283
2659317
2659468
2661023
2661824
2662304
2662541
2663757
2663940
2663954
2664028
2664893
2665352
2665806
2665822
2666755
2666850
2666983
2667035
2667186
2667550
2669146
2670105
2670153
2670271
2670561
2671103
2671302
2671459
2671775
2672105
2673198
2673599
2673623
2673863
2674945
2675124
2675646
2676067
2676295
2677121
2677155
2678666
2678676
2678865
2678899
2679104
2680777
2681109
2681421
2683243
2683565
2684133
2684592
2686448
2686974
2687106
2687267
2687514
2687843
2688104
2688401
2688561
2688852
2688988
2689182
2689287
2689509
2690264
2690308
2690595
2690817
2690954
2691148
2691860
2693934
2695599
2695818
2696564
2697551
2697647
2698287
2698536
2698681
2699020
2699511
2700217
2700480
2701573
2701690
2702349
2702947
2703466
2703760
2703821
2704107
2704474
2704733
2704781
2705201
2705285
2705484
2705543
2707281
2707767
2708311
2708725
2709416
2709728
2710199
2711244
2712296
2712483
2712670
2713021
2713089
2713229
2713610
2713680
2714398
2714586
2714959
2715443
2715852
2716262
2716408
2716476
2716587
2717012
2717013
2717015
2717589
2718625
2718846
2718967
2719176
2719416
2719467
2719902
2720477
2720978
2721194
2721199
2721936
2721946
2723033
2723227
2723760
2724264
2725161
2725863
2726008
2727033
2727997
2728113
2728247
2728736
2729031
2729179
2730714
2730828
2731561
2731863
2732081
2732408
2732736
2732970
2733223
2733450
2733488
2733680
2734287
2736020
2736029
2736225
2736622
2736679
2736720
2736760
2737308
2737450
2737957
2738098
2738217
2738580
2740123
2741387
2741888
2742390
2743057
2743299
2744073
2744269
2744395
2745333
2745448
2745958
2745984
2746022
2746616
2746884
2747151
2747753
2747879
2748037
2748069
2748650
2748775
2749078
2749141
2749184
2749244
2749283
2750404
2750678
2750713
2750807
2751279
2751583
2751939
2752799
2753306
2753786
2755083
2755158
2756298
2756679
2756846
2756963
2757179
2757191
2757204
2757594
2757644
2758115
2758156
2758204
2758278
2758557
2758960
2759174
2759199
2759286
2759455
2759495
2759721
2760712
2760837
2761342
2761921
2762553
2763285
2764909
2765391
2765553
2765633
2766348
2766364
2766993
2767206
2767492
2767792
2769076
2769869
2770385
2770580
2771138
2771305
2772913
2773157
2773258
2774159
2774261
2774662
2774825
2774973
2776047
2776129
2776388
2776931
2776948
2777237
2777484
2778556
2778585
2778766
2779119
2779582
2779617
2780388
2780730
2780894
2780930
2781023
2782456
2783004
2783139
2783214
2783493
2783565
2783570
2783755
2784239
2785218
2785644
2786011
2786021
2786121
2786935
2787109
2787515
2787869
2787991
2788475
2788675
2788782
2788804
2788900
2790117
2790246
2791363
2791537
2792835
2792927
2793009
2793593
2793611
2793879
2794148
2794480
2795762
2797740
2798174
2798345
2799008
2799342
2799636
2799693
2799970
2800332
2800375
2800466
2800591
2805695
2805980
2806242
2806380
2806421
2806459
2806504
2807209
2808443
2808486
2808920
2809137
2809742
2810142
2810828
2811388
2811631
2812213
2812279
2812672
2813205
2813929
2815068
2815070
2815107
2815129
2815238
2816971
2817228
2817394
2818161
2818305
2819523
2819562
2819600
2819773
2820367
2820612
2822017
2822175
2823197
2823909
2824170
2824284
2825105
2825476
2825655
2825909
2825939
2826028
2826068
2826248
2826934
2827193
2827229
2827558
2827805
2827821
2828165
2828217
2828265
2828948
2829184
2829404
2830166
2830787
2831852
2831936
2832168
2832232
2832395
2832675
2833039
2834152
2834201
2834614
2834695
2835845
2836560
2837446
2837548
2837789
2838111
2839708
2839990
2840123
2840992
2841840
2842268
2842558
2843211
2843612
2844009
2844049
2844692
2845363
2845801
2847490
2847494
2848102
2848111
2849284
2849777
2851420
2851521
2851563
2851709
2851804
2851866
2852028
2852059
2852879
2852996
2853255
2853361
2853472
2854139
2854343
2854493
2854504
2854643
2855013
2855115
2855768
2855875
2857756
2858142
2858678
2858784
2859069
2859347
2859572
2859604
2860628
2861105
2861152
2861391
2862372
2863007
2863192
2863368
2863745
2863950
2865521
2866893
2867694
2868387
2868609
2869011
2869145
2869465
2869764
2870231
2870965
2871336
2871660
2871761
2873218
2873530
2874001
2874050
2874496
2875191
2875370
2875457
2875479
2875866
2876130
2876250
2876823
2876873
2877321
2877424
2877855
2878437
2878752
2878986
2879121
2879184
2880062
2880447
2880480
2881442
2882428
2882464
2882795
2882905
2883913
2884007
2884776
2884883
2885322
2886136
2886160
2886866
2886976
2887772
2887935
2888279
2888294
2888876
2890535
2890957
2891005
2892548
2892599
2892608
2892688
2893457
2893612
2893781
2893978
2894057
2895609
2896060
2896435
2896817
2897253
2898344
2898947
2898997
2899102
2899294
2899584
2899710
2900579
2900888
2901250
2901592
2901791
2902727
2902775
2903692
2905210
2905588
2905958
2906963
2907033
2907247
2907456
2907513
2907727
2907940
2908119
2908327
2909259
2909353
2909469
2909541
2909547
2909560
2911744
2911899
2912280
2913096
2913168
2913701
2913883
2914579
2914809
2915036
2915280
2915326
2915604
2915633
2915695
2915791
2916353
2916717
2916746
2917618
2918480
2918749
2918901
2919079
2919447
2919510
2919576
2919599
2919689
2920159
2920168
2920560
2921079
2922408
2922484
2922961
2923159
2923733
2923869
2924948
2925229
2925449
2925918
2926008
2926047
2926438
2927080
2927247
2927974
2928535
2929172
2930393
2930650
2931730
2931745
2932422
2932890
2933119
2933142
2933542
2934979
2935027
2935173
2935895
2938622
2938630
2938934
2939149
2940596
2940988
2942181
2942255
2942483
2942642
2942752
2943277
2943946
2944376
2945163
2946437
2946892
2947130
2947394
2947585
2947674
2947712
2948469
2948503
2949485
2950336
2950688
2951070
2951141
2952681
2952982
2953655
2953849
2954341
2955129
2956786
2957665
2958580
2959432
2959550
2960824
2961104
2962316
2962611
2962617
2962694
2964031
2964189
2964662
2965291
2965366
2965396
2965602
2966581
2967631
2967726
2967828
2968632
2970120
2970307
2970528
2970821
2971506
2971635
2971981
2972481
2972747
2973146
2973390
2973713
2974406
2974459
2975377
2975588
2975970
2976062
2977007
2977143
2978147
2978592
2978753
2978837
2979533
2979731
2980613
2981690
2982248
2982314
2982514
2983345
2983463
2983485
2984093
2984398
2984458
2985082
2985679
2985735
2986340
2986982
2987805
2988306
2988421
2988862
2988937
2989155
2989461
2989925
2990421
2990975
2991397
2991797
2992908
2993064
2993546
2994195
2994287
2994761
2994932
2995418
2995513
2995798
2996816
2997011
2997704
2998544
2998958
2999540
2999789
3000099
3000353
3000409
3000590
3000689
3000750
3000786
3000967
3001455
3002108
3002353
3003389
3003470
3003890
3003986
3005156
3006056
3006215
3008239
3008457
3008957
3009167
3009221
3010143
3010589
3010717
3010820
3010920
3011437
3011555
3012603
3013697
3014221
3014394
3015087
3017074
3017545
3017856
3018242
3018247
3018248
3018719
3019362
3020724
3021326
3021750
3022146
3022316
3022813
3022881
3023034
3023261
3023586
3023619
3024133
3024335
3024456
3025043
3025415
3025675
3026178
3026992
3027093
3027807
3028435
3028738
3029208
3030258
3030594
3031144
3031608
3031722
3032076
3033077
3033111
3033784
3034514
3034704
3034791
3034923
3035398
3035815
3036214
3036711
3037369
3038007
3039791
3040053
3040278
3040570
3040715
3040724
3041078
3041796
3041891
3041915
3042577
3043528
3044293
3044541
3044771
3045015
3045075
3045594
3046936
3047423
3047429
3047557
3047804
3048672
3049336
3049583
3050669
3050886
3050931
3051431
3052060
3052661
3052829
3053188
3053203
3053228
3053543
3054993
3055314
3055518
3055668
3056605
3057313
3057642
3057677
3058310
3058631
3058762
3060419
3060965
3061140
3061564
3061772
3061895
3061908
3062041
3062531
3063359
3063411
3064504
3064792
3065050
3065131
3065876
3066564
3067163
3067853
3068277
3068736
3069059
3069252
3069894
3072853
3073074
3073330
3074315
3074574
3074629
3074801
3074986
3075986
3076047
3076505
3076844
3076923
3078533
3079158
3080114
3080163
3080797
3080876
3081390
3081660
3082243
3083769
3084027
3084366
3086253
3086417
3086600
3087737
3088140
3089165
3089614
3090164
3091361
3091576
3091883
3093469
3093476
3093894
3094194
3094220
3094374
3095048
3095207
3095460
3095478
3095712
3096063
3096347
3096665
3097384
3097508
3097746
3098307
3099431
3099649
3100250
3100539
3100722
3100854
3100876
3101343
3101583
3101931
3102801
3104401
3105094
3105179
3105499
3105907
3106861
3106889
3107132
3107690
3108925
3109348
3110085
3110234
3110452
3110738
3111110
3111503
3112006
3112543
3112586
3112712
3112841
3113162
3114368
3114450
3115025
3115238
3115331
3115689
3115865
3116273
3116564
3116755
3117061
3117579
3117581
3118027
3118047
3118299
3119187
3120434
3121532
3121610
3121683
3122221
3122266
3123170
3123595
3124160
3124659
3124697
3124766
3125688
3126403
3126689
3126950
3129194
3129376
3130130
3130194
3130302
3130598
3130664
3130916
3131458
3131981
3132059
3132373
3132387
3132990
3133172
3133353
3133564
3133573
3133960
3134097
3134700
3135001
3135198
3135836
3136275
3137026
3137807
3138703
3139214
3139346
3139721
3140017
3140495
3141681
3142383
3142424
3143106
3143483
3144106
3144630
3144637
3145416
3146483
3146562
3146637
3147322
3147343
3147501
3148923
3149837
3149923
3150252
3150366
3150738
3151470
3152452
3152453
3152567
3153455
3154163
3154336
3154451
3154691
3155109
3155423
3155602
3156291
3156386
3156639
3156831
3157124
3157474
3157507
3158137
3158266
3159884
3160039
3160043
3160140
3160343
3160728
3160756
3160805
3162115
3162378
3162539
3164410
3164583
3165506
3166017
3166756
3167139
3168234
3169076
3169394
3169601
3169848
3170120
3170967
3171144
3171436
3171939
3173001
3173693
3173745
3174939
3174964
3175276
3175902
3176259
3176684
3178006
3178046
3179685
3179903
3180355
3180537
3180576
3180842
3181405
3181964
3182140
3182324
3182387
3182407
3183103
3183584
3184671
3185030
3185115
3185568
3186101
3186741
3187576
3187633
3187982
3189321
3189578
3189899
3190071
3190122
3190628
3190962
3191525
3192044
3192376
3192379
3192849
3192904
3193149
3193211
3194258
3194596
3194947
3195345
3195879
3197425
3197901
3198003
3198455
3198475
3198498
3198572
3198880
3198915
3199558
3200030
3200681
3200951
3201009
3201423
3201464
3201537
3201756
3201956
3202190
3202465
3202577
3203584
3203632
3203634
3203950
3204168
3204412
3205060
3205787
3206611
3207439
3207962
3208387
3208700
3209277
3209343
3209406
3209772
3209873
3210395
3210460
3210568
3211070
3211347
3211390
3211566
3212483
3212801
3213900
3214177
3215382
3215945
3216870
3216952
3216985
3217465
3219122
3219813
3220098
3220833
3222137
3222153
3222225
3222311
3222575
3223083
3223420
3223733
3223787
3224142
3224841
3224851
3224987
3225089
3225110
3225245
3225621
3226018
3226245
3226474
3226594
3226778
3226816
3226953
3227045
3227555
3228131
3228238
3229100
3230308
3230592
3230732
3231852
3232112
3232213
3232696
3232793
3233057
3233188
3233770
3234796
3235117
3235554
3236356
3236572
3236809
3237252
3237770
3238338
3238423
3238927
3239089
3239232
3239253
3239936
3240322
3241215
3241498
3241525
3242189
3242299
3242682
3244055
3244118
3244188
3244354
3244412
3244751
3246314
3247162
3247951
3248015
3249431
3250150
3250234
3250504
3250991
3251403
3252458
3252673
3252845
3253285
3253470
3253576
3253864
3254587
3255292
3255422
3255433
3256035
3256427
3256856
3257309
3257533
3257603
3257610
3258143
3258566
3258569
3260520
3260774
3260883
3261024
3262132
3262168
3262219
3262729
3262960
3263308
3263373
3263652
3264593
3264706
3265100
3265284
3265602
3265964
3267553
3268463
3269116
3269877
3270454
3270472
3270671
3270729
3270816
3271104
3271701
3271993
3272594
3273429
3273767
3273774
3274157
3274503
3274833
3276534
3276816
3277212
3277335
3277568
3277885
3277976
3279494
3279534
3279784
3279911
3279997
3281046
3281425
3281915
3282058
3282316
3282666
3283442
3283792
3284171
3284355
3284421
3284664
3284764
3285602
3285906
3286734
3287566
3287676
3288256
3288620
3289990
3290035
3290053
3290074
3290859
3291455
3292066
3292156
3292719
3292973
3293592
3293951
3294141
3294624
3295414
3295516
3295545
3295577
3297028
3297162
3297376
3297852
3297879
3299798
3300265
3300811
3300869
3301577
3301624
3301664
3302113
3302209
3302251
3302616
3303349
3303428
3304404
3305094
3305630
3306005
3306220
3307149
3307373
3307428
3307459
3307804
3308179
3308429
3308543
3308819
3310635
3310668
3311084
3311281
3311809
3312549
3313231
3313414
3313669
3314136
3314228
3315353
3315630
3315888
3316107
3316362
3316377
3316687
3317031
3317089
3317396
3318648
3318971
3319202
3319296
3320525
3321482
3321951
3322661
3323328
3324104
3324350
3324439
3325340
3325638
3326928
3326971
3327952
3328800
3329310
3329312
3329886
3330773
3331116
3331546
3333221
3333870
3334079
3334272
3334808
3334845
3334875
3335636
3336728
3337225
3337470
3337847
3338038
3338255
3338888
3339367
3339755
3339874
3340347
3340653
3340762
3341329
3341520
3341637
3341898
3341952
3342013
3342854
3343384
3344006
3344215
3344260
3344532
3344823
3344879
3345120
3345228
3345641
3346322
3346406
3346767
3346917
3346921
3346922
3346993
3347678
3348062
3348666
3348869
3348984
3349418
3350054
3350651
3350945
3351163
3351286
3351859
3352282
3353010
3353381
3353442
3353868
3353964
3354209
3354289
3354445
3354954
3355156
3355210
3355646
3356067
3356133
3356366
3356663
3357023
3357582
3357732
3357932
3358430
3358438
3358786
3359170
3359431
3359467
3360116
3360568
3360752
3361096
3362065
3362311
3363311
3363333
3363662
3364246
3364641
3364812
3366066
3366577
3367881
3367948
3368066
3370896
3371335
3371526
3372213
3372630
3373077
3373908
3374200
3374360
3375686
3376104
3377267
3377492
3377815
3379131
3379298
3379746
3380199
3380554
3380822
3381116
3381344
3381595
3381674
3382084
3383775
3383886
3385133
3386938
3387025
3387540
3387721
3387758
3389021
3389059
3389180
3390261
3390386
3390468
3390728
3391643
3391848
3391902
3392452
3392828
3393601
3393727
3394100
3394945
3395120
3395165
3395247
3396420
3396657
3396745
3396987
3397711
3399429
3399478
3399961
3400204
3400215
3400596
3401119
3402287
3403242
3403336
3403351
3403520
3403684
3404360
3404366
3404893
3404923
3405538
3405690
3405785
3406428
3406445
3406698
3407549
3407776
3408122
3408435
3409114
3409424
3409685
3409690
3409705
3410270
3410459
3411258
3411418
3411484
3413486
3413658
3413945
3414578
3414687
3415045
3415084
3415156
3416443
3416673
3418414
3419383
3419462
3419557
3419878
3419981
3420840
3421158
3422802
3423453
3423567
3423639
3423938
3425100
3425515
3426332
3426868
3427022
3427336
3427391
3427523
3427532
3427683
3427792
3428561
3428847
3428960
3430039
3430272
3430637
3430670
3431552
3431666
3431907
3432080
3432745
3432799
3433100
3433417
3433787
3434247
3434407
3435033
3436098
3436312
3436416
3436869
3436890
3437605
3437875
3437920
3438059
3438534
3438819
3438836
3439198
3439619
3440006
3440035
3440184
3440278
3440500
3442095
3442400
3442464
3443275
3443844
3444284
3444975
3445830
3446120
3446502
3446700
3447248
3448125
3448426
3448693
3449143
3449453
3449835
3450933
3451221
3451488
3452087
3452175
3452186
3452315
3452470
3452754
3452997
3453470
3453906
3454535
3455424
3455926
3456558
3457113
3457339
3457607
3457783
3457979
3458218
3458250
3458401
3458688
3458934
3459585
3461048
3461124
3461134
3461431
3461481
3462066
3462739
3462767
3462877
3462907
3463257
3463476
3464715
3464779
3465155
3465788
3465991
3466064
3466388
3466444
3467185
3467863
3468286
3470089
3470531
3470669
3470690
3470906
3471113
3471672
3472887
3473174
3473491
3473703
3473705
3473715
3473727
3474629
3474648
3474743
3475132
3475151
3475431
3475980
3475988
3475992
3477360
3477763
3478470
3479020
3479091
3479877
3479944
3480049
3480192
3482119
3482483
3482867
3482875
3483150
3483278
3483743
3484150
3484236
3484616
3484754
3484837
3485850
3486039
3486603
3486634
3486949
3487947
3488255
3488280
3488349
3488739
3488972
3489300
3489331
3489378
3489778
3489948
3490166
3490266
3490581
3490818
3491486
3492052
3492114
3492677
3493364
3493437
3493714
3493725
3494056
3494825
3495396
3496399
3496559
3497498
3497537
3497746
3498253
3498787
3498944
3499013
3500163
3500648
3500956
3501081
3501185
3501554
3502077
3502508
3503014
3503089
3503208
3503476
3503499
3503734
3504048
3504603
3504647
3505273
3505863
3506591
3506748
3507042
3508130
3508150
3509305
3509442
3509703
3509834
3510797
3510943
3511615
3511718
3512035
3512166
3512193
3512305
3512511
3512625
3516514
3517009
3518109
3518121
3518845
3519760
3520113
3521195
3522144
3522351
3522950
3523352
3523471
3523644
3524256
3524516
3525239
3527582
3527617
3527975
3528137
3528449
3529049
3529065
3529246
3529318
3529394
3530694
3530783
3531857
3532025
3532079
3532409
3532950
3533532
3533663
3533789
3533874
3535510
3536180
3536704
3536870
3536931
3538321
3538516
3538532
3540110
3540556
3540631
3541065
3541542
3541979
3542146
3544435
3544447
3544806
3545118
3545454
3545755
3545934
3546311
3546621
3547549
3547637
3547851
3548146
3548269
3548319
3548956
3549909
3551023
3551795
3552060
3552313
3552968
3553104
3553159
3553170
3553489
3553582
3553783
3553903
3554341
3554901
3555262
3557104
3557480
3559460
3560189
3560364
3560737
3560892
3561164
3561471
3562390
3562554
3563173
3563349
3563484
3563715
3563845
3564138
3564504
3564777
3565147
3565553
3566568
3566923
3567016
3567133
3567367
3567479
3568457
3568760
3568915
3569156
3569820
3571870
3572312
3572398
3572845
3572931
3573037
3573434
3573477
3574020
3574335
3575293
3575572
3575668
3576168
3576500
3576531
3577377
3578861
3579532
3579849
3579869
3580237
3580744
3580881
3580901
3581207
3581287
3582077
3583018
3583940
3584365
3584558
3584675
3585314
3585847
3586425
3587367
3588017
3588886
3588944
3589312
3589437
3589885
3590046
3590352
3590697
3591183
3591351
3591462
3591716
3592283
3593180
3593365
3593465
3593657
3594731
3595225
3595281
3596011
3596105
3596818
3597219
3597608
3597717
3600187
3600202
3601347
3602120
3602182
3602360
3603184
3603514
3603796
3604925
3605665
3605930
3605979
3606001
3606073
3606164
3606422
3606476
3606888
3607722
3608120
3608231
3608332
3609344
3610183
3610863
3611165
3611292
3612262
3612283
3612382
3612786
3612896
3612999
3613130
3613894
3614613
3615161
3615985
3617428
3618093
3618485
3618795
3618809
3619181
3619423
3620866
3620895
3621454
3621481
3621496
3622443
3622808
3625094
3625337
3625456
3625882
3626582
3627689
3627752
3629185
3630249
3630445
3630983
3631454
3631741
3631821
3631894
3632287
3632415
3633286
3633392
3634170
3634485
3636111
3636400
3636427
3637953
3638703
3640269
3640538
3641141
3641187
3641342
3641484
3641700
3641913
3642041
3642274
3642341
3642569
3643106
3643384
3643504
3643617
3644952
3645034
3645789
3645806
3646074
3646113
3646684
3647541
3647907
3648222
3648299
3648666
3649128
3649259
3650154
3650334
3650550
3650818
3651821
3652720
3652782
3652976
3653442
3653855
3654018
3654405
3654476
3654489
3655014
3655493
3657458
3658169
3659554
3659691
3660045
3660204
3660486
3660979
3661346
3662432
3662493
3662515
3662570
3663167
3663392
3663657
3664057
3664278
3664626
3664789
3665218
3665702
3666029
3666429
3666789
3667234
3667317
3667455
3667553
3667957
3668077
3668642
3669410
3669464
3669853
3670418
3670761
3670808
3671326
3671520
3673186
3673471
3673516
3673603
3673718
3674114
3674375
3674597
3675086
3675879
3676222
3676367
3677047
3677083
3677679
3677753
3677804
3678141
3678250
3678641
3679247
3679890
3680121
3680232
3680295
3680713
3680829
3680855
3681341
3681611
3682062
3682813
3683167
3683189
3683746
3683943
3684195
3684496
3684618
3684977
3685192
3685306
3685694
3685924
3686248
3686938
3686944
3687044
3687192
3687516
3687774
3687819
3687874
3688057
3689058
3689132
3689802
3689997
3690455
3691070
3691747
3693489
3693629
3693671
3694041
3694405
3694454
3695200
3695360
3695664
3696112
3696305
3696399
3696626
3697974
3698567
3699476
3699808
3700750
3701366
3701601
3703254
3703790
3705139
3705571
3706096
3706162
3706564
3707297
3707471
3707847
3708915
3708934
3709517
3709590
3710020
3711157
3712077
3712270
3712273
3712823
3713169
3714082
3714323
3714471
3714600
3715908
3716232
3716765
3716837
3716956
3717357
3717743
3717912
3719383
3720460
3720744
3721173
3721545
3722091
3722513
3723109
3723235
3723555
3724637
3724773
3724830
3724885
3725808
3726044
3726121
3726172
3726236
3726278
3726298
3726365
3726927
3727632
3728171
3728230
3728264
3728851
3728928
3729189
3729401
3729727
3730335
3731045
3731318
3731834
3732373
3732487
3733442
3733801
3733882
3734039
3734833
3735472
3737230
3738278
3738439
3739283
3740710
3741479
3742225
3742295
3742609
3742683
3742704
3742854
3743847
3744965
3745288
3745952
3746205
3746972
3747533
3748185
3748245
3748357
3748775
3750855
3750924
3751174
3751627
3754445
3754584
3754799
3755159
3756357
3756742
3756774
3757419
3757770
3758602
3758675
3758978
3759344
3759404
3759455
3760420
3760709
3761166
3761622
3761672
3761914
3762311
3762375
3762617
3762801
3762916
3764847
3764860
3765255
3765486
3766076
3766327
3766559
3767181
3767935
3769013
3769634
3770611
3771004
3771216
3771474
3771556
3771821
3772428
3772582
3772966
3773215
3773899
3773974
3774049
3774810
3775172
3775279
3775404
3775998
3778572
3778826
3779856
3780283
3781176
3781326
3781768
3781842
3782016
3782939
3783001
3783228
3783287
3783495
3783585
3784113
3784189
3784696
3784960
3785915
3786372
3787193
3787367
3787496
3788456
3788740
3789857
3790270
3790311
3790712
3791434
3791897
3792036
3792126
3792823
3793198
3793475
3793597
3793705
3794136
3794243
3794745
3796032
3796092
3796735
3796740
3796887
3797502
3798074
3798111
3798314
3798424
3799278
3799460
3799567
3799764
3800649
3800740
3801454
3803085
3803483
3803507
3803540
3804666
3804760
3805024
3805627
3806009
3806239
3806263
3806291
3808496
3809040
3810892
3811083
3811972
3812180
3815216
3815814
3816062
3816073
3816374
3816467
3817744
3818159
3818787
3818816
3819042
3819173
3819237
3819938
3821013
3821788
3821815
3821874
3821983
3823110
3823480
3823569
3824541
3825785
3826296
3826427
3826556
3826613
3827833
3828195
3828345
3828411
3828604
3829069
3829535
3829855
3830026
3830079
3830366
3830486
3831424
3831713
3831883
3832253
3832415
3832633
3832671
3833508
3833793
3834438
3834913
3834926
3835094
3835360
3835826
3836583
3836802
3837312
3837731
3837895
3839755
3839859
3840632
3841536
3841541
3841560
3841569
3841841
3842910
3843392
3843823
3844046
3844071
3845206
3845349
3845578
3846520
3846732
3847727
3847911
3848168
3848418
3848737
3849909
3850563
3850574
3850633
3850794
3851793
3851902
3853082
3853511
3853831
3853877
3854004
3854533
3855400
3855418
3855454
3855470
3855484
3855944
3856411
3856493
3857446
3857578
3858861
3858954
3859094
3859229
3860165
3860499
3860771
3861756
3861860
3862342
3862416
3863055
3864528
3865096
3865258
3865621
3866160
3866968
3867388
3867578
3868606
3869336
3869432
3869486
3870644
3871233
3872175
3873052
3873120
3873257
3874319
3874766
3875027
3875840
3877522
3878100
3878244
3878651
3879281
3880257
3880331
3880611
3880634
3880794
3881166
3881260
3881385
3882647
3882849
3882859
3882898
3883074
3883116
3883225
3883609
3883679
3884387
3885128
3885199
3885379
3886180
3886252
3886447
3886699
3887552
3888177
3888580
3891308
3891536
3891851
3892399
3892971
3893129
3893512
3893675
3893714
3893911
3894098
3894580
3894739
3894785
3895219
3895851
3895952
3896827
3896987
3897055
3897238
3898253
3898862
3898896
3899172
3899347
3899582
3899744
3900464
3900612
3900673
3900862
3901064
3901623
3901814
3901885
3902039
3902049
3902108
3902313
3902865
3903012
3903472
3903541
3904399
3904748
3904754
3905035
3906845
3906886
3907070
3907617
3907724
3907765
3908054
3908461
3908708
3909255
3909274
3909365
3910031
3910047
3910468
3911304
3911309
3911472
3911807
3913039
3913494
3913624
3915352
3915498
3915810
3917583
3918116
3918221
3918281
3919204
3919350
3919762
3920491
3921656
3921897
3921987
3922226
3922309
3922778
3923233
3923667
3924488
3924986
3924997
3925080
3925312
3925572
3925696
3925892
3926361
3927676
3929016
3929353
3929492
3930297
3930791
3931188
3931970
3932491
3932927
3932953
3933793
3934400
3934797
3935214
3935346
3935361
3935744
3936313
3936430
3937998
3938198
3938855
3939476
3939615
3939770
3940766
3941078
3942133
3942508
3942553
3942601
3945066
3945108
3945318
3945387
3946641
3947708
3947839
3947953
3948005
3948355
3948413
3949568
3949740
3949871
3949884
3950180
3950714
3950730
3950784
3951006
3951266
3951653
3952179
3952379
3952561
3952867
3953040
3953448
3953733
3953833
3954141
3954581
3955008
3955911
3956123
3956507
3956686
3956729
3956769
3957020
3957130
3957745
3960054
3960551
3961257
3961288
3961629
3964470
3965345
3965368
3965822
3967293
3967451
3967798
3967881
3968428
3968856
3969414
3969545
3969863
3970175
3970249
3970926
3970973
3971381
3972479
3972693
3973584
3973825
3974030
3974262
3975063
3975070
3975508
3975577
3975811
3976112
3976468
3977179
3977546
3977652
3978229
3978938
3979176
3979614
3980180
3980657
3981562
3981604
3982069
3982430
3982861
3983030
3983959
3984639
3984985
3985043
3985048
3986271
3986570
3988182
3988395
3988654
3988862
3989127
3989422
3989742
3989977
3992182
3992225
3992500
3992572
3992632
3993190
3993237
3993522
3994573
3995052
3995459
3995578
3996752
3996999
3997189
3997988
3998002
3998005
3998100
3998524
3999162
3999591
4000114
4000408
4000607
4001940
4002089
4002228
4002326
4003398
4003594
4003819
4003924
4004035
4004106
4005102
4005553
4005657
4006014
4006643
4007599
4008059
4009008
4009127
4009254
4009296
4010473
4010555
4010566
4010629
4010633
4010793
4010920
4011925
4012264
4012298
4012370
4013150
4013236
4014527
4014850
4015562
4015689
4016300
4016314
4016767
4017184
4017782
4017940
4018355
4018415
4018628
4020572
4020709
4020766
4020878
4021539
4021685
4021964
